xof 0303txt 0032
template ColorRGBA {
 <35ff44e0-6c7c-11cf-8f52-0040333594a3>
 FLOAT red;
 FLOAT green;
 FLOAT blue;
 FLOAT alpha;
}

template ColorRGB {
 <d3e16e81-7835-11cf-8f52-0040333594a3>
 FLOAT red;
 FLOAT green;
 FLOAT blue;
}

template Material {
 <3d82ab4d-62da-11cf-ab39-0020af71e433>
 ColorRGBA faceColor;
 FLOAT power;
 ColorRGB specularColor;
 ColorRGB emissiveColor;
 [...]
}

template TextureFilename {
 <a42790e1-7810-11cf-8f52-0040333594a3>
 STRING filename;
}

template Frame {
 <3d82ab46-62da-11cf-ab39-0020af71e433>
 [...]
}

template Matrix4x4 {
 <f6f23f45-7686-11cf-8f52-0040333594a3>
 array FLOAT matrix[16];
}

template FrameTransformMatrix {
 <f6f23f41-7686-11cf-8f52-0040333594a3>
 Matrix4x4 frameMatrix;
}

template Vector {
 <3d82ab5e-62da-11cf-ab39-0020af71e433>
 FLOAT x;
 FLOAT y;
 FLOAT z;
}

template MeshFace {
 <3d82ab5f-62da-11cf-ab39-0020af71e433>
 DWORD nFaceVertexIndices;
 array DWORD faceVertexIndices[nFaceVertexIndices];
}

template Mesh {
 <3d82ab44-62da-11cf-ab39-0020af71e433>
 DWORD nVertices;
 array Vector vertices[nVertices];
 DWORD nFaces;
 array MeshFace faces[nFaces];
 [...]
}

template MeshNormals {
 <f6f23f43-7686-11cf-8f52-0040333594a3>
 DWORD nNormals;
 array Vector normals[nNormals];
 DWORD nFaceNormals;
 array MeshFace faceNormals[nFaceNormals];
}

template MeshMaterialList {
 <f6f23f42-7686-11cf-8f52-0040333594a3>
 DWORD nMaterials;
 DWORD nFaceIndexes;
 array DWORD faceIndexes[nFaceIndexes];
 [Material <3d82ab4d-62da-11cf-ab39-0020af71e433>]
}

template Coords2d {
 <f6f23f44-7686-11cf-8f52-0040333594a3>
 FLOAT u;
 FLOAT v;
}

template MeshTextureCoords {
 <f6f23f40-7686-11cf-8f52-0040333594a3>
 DWORD nTextureCoords;
 array Coords2d textureCoords[nTextureCoords];
}

template XSkinMeshHeader {
 <3cf169ce-ff7c-44ab-93c0-f78f62d172e2>
 WORD nMaxSkinWeightsPerVertex;
 WORD nMaxSkinWeightsPerFace;
 WORD nBones;
}

template SkinWeights {
 <6f0d123b-bad2-4167-a0d0-80224f25fabb>
 STRING transformNodeName;
 DWORD nWeights;
 array DWORD vertexIndices[nWeights];
 array FLOAT weights[nWeights];
 Matrix4x4 matrixOffset;
}


Material Material__35 {
 1.000000;1.000000;1.000000;1.000000;;
 10.000000;
 0.000000;0.000000;0.000000;;
 0.000000;0.000000;0.000000;;

 TextureFilename {
  "Human_F_L07_Leg_diff.dds";
 }
}

Frame Dummy_root {
 

 FrameTransformMatrix {
  1.000000,0.000000,0.000000,0.000000,0.000000,1.000000,0.000000,0.000000,0.000000,0.000000,1.000000,0.000000,0.000000,23.000000,0.000000,1.000000;;
 }

 Frame FxBottom {
  

  FrameTransformMatrix {
   1.000000,0.000000,0.000000,0.000000,0.000000,1.000000,0.000000,0.000000,-0.000000,0.000000,1.000000,0.000000,0.000000,-23.000000,-0.000000,1.000000;;
  }
 }

 Frame Bip01 {
  

  FrameTransformMatrix {
   1.000000,0.000000,0.000001,0.000000,0.000000,1.000000,0.000000,0.000000,-0.000001,0.000000,1.000000,0.000000,-0.194762,0.659397,0.000000,1.000000;;
  }

  Frame Bip01-Pelvis {
   

   FrameTransformMatrix {
    0.000001,1.000000,-0.000001,0.000000,-0.000001,0.000001,1.000000,0.000000,1.000000,-0.000001,0.000001,0.000000,0.000000,0.000000,0.000000,1.000000;;
   }

   Frame Bip01-Spine {
    

    FrameTransformMatrix {
     0.999030,0.000001,0.044033,0.000000,-0.000001,1.000000,0.000004,0.000000,-0.044033,-0.000004,0.999030,0.000000,2.358109,0.000003,-0.000993,1.000000;;
    }

    Frame Bip01-Spine1 {
     

     FrameTransformMatrix {
      0.998814,0.000000,0.048692,0.000000,-0.000000,1.000000,0.000001,0.000000,-0.048692,-0.000001,0.998814,0.000000,0.209322,0.000000,-0.002767,1.000000;;
     }

     Frame Bip01-Spine2 {
      

      FrameTransformMatrix {
       0.993206,-0.000000,-0.116369,0.000000,0.000000,1.000000,-0.000002,0.000000,0.116369,0.000002,0.993206,0.000000,3.478325,0.000000,-0.001152,1.000000;;
      }

      Frame Bip01-Spine3 {
       

       FrameTransformMatrix {
        0.996890,-0.000000,-0.078796,0.000000,0.000000,1.000000,0.000001,0.000000,0.078797,-0.000001,0.996890,0.000000,1.456833,0.000000,-0.004309,1.000000;;
       }

       Frame Bip01-Neck {
        

        FrameTransformMatrix {
         0.976813,0.000001,0.214095,0.000000,-0.000001,1.000000,-0.000000,0.000000,-0.214095,-0.000000,0.976813,0.000000,5.539909,0.000000,-0.690872,1.000000;;
        }

        Frame Bip01-Head {
         

         FrameTransformMatrix {
          0.999958,-0.000000,-0.009206,0.000000,0.000000,1.000000,-0.000000,0.000000,0.009206,0.000000,0.999958,0.000000,2.474251,-0.000000,0.000001,1.000000;;
         }

         Frame Bip01-HeadNub {
          

          FrameTransformMatrix {
           1.000000,-0.000000,0.000000,0.000000,0.000000,1.000000,0.000001,0.000000,-0.000000,-0.000001,1.000000,0.000000,4.628929,-0.000000,-0.000000,1.000000;;
          }
         }

         Frame FxTop {
          

          FrameTransformMatrix {
           0.103621,0.000001,0.994617,0.000000,0.994617,-0.000000,-0.103621,0.000000,0.000000,1.000000,-0.000001,0.000000,4.500027,-0.000004,0.000000,1.000000;;
          }
         }
        }

        Frame Bip01-L-Clavicle {
         

         FrameTransformMatrix {
          -0.249952,0.966696,0.054990,0.000000,0.944116,0.255930,-0.207716,0.000000,-0.214872,-0.000003,-0.976643,0.000000,-0.753029,0.957158,0.028459,1.000000;;
         }

         Frame Bip01-L-UpperArm {
          

          FrameTransformMatrix {
           0.798871,-0.594050,0.094383,0.000000,0.578815,0.801906,0.148056,0.000000,-0.163639,-0.063647,0.984465,0.000000,2.305936,-0.000008,0.000001,1.000000;;
          }

          Frame Bip01-L-Forearm {
           

           FrameTransformMatrix {
            0.930629,0.000000,-0.365965,0.000000,0.000000,1.000000,0.000000,0.000000,0.365965,-0.000000,0.930629,0.000000,6.131235,0.000000,0.000001,1.000000;;
           }

           Frame Bip01-L-Hand {
            

            FrameTransformMatrix {
             0.989065,-0.040580,0.141786,0.000000,-0.144470,-0.073386,0.986784,0.000000,-0.029638,-0.996478,-0.078446,0.000000,6.144241,0.000000,-0.000002,1.000000;;
            }

            Frame Bip01-L-Finger0 {
             

             FrameTransformMatrix {
              0.722825,-0.531683,0.441403,0.000000,0.371542,-0.239557,-0.896978,0.000000,0.582649,0.812358,0.024384,0.000000,0.431652,-0.683448,0.267921,1.000000;;
             }

             Frame Bip01-L-Finger01 {
              

              FrameTransformMatrix {
               0.985853,0.000000,0.167616,0.000000,-0.000000,1.000000,0.000000,0.000000,-0.167616,-0.000000,0.985853,0.000000,1.065219,0.000000,-0.000002,1.000000;;
              }

              Frame Bip01-L-Finger02 {
               

               FrameTransformMatrix {
                0.950837,0.000000,0.309691,0.000000,-0.000000,1.000000,-0.000001,0.000000,-0.309691,0.000000,0.950837,0.000000,0.739170,0.000000,-0.000002,1.000000;;
               }

               Frame Bip01-L-Finger0Nub {
                

                FrameTransformMatrix {
                 1.000000,-0.000000,0.000000,0.000000,0.000000,1.000000,0.000000,0.000000,-0.000000,-0.000000,1.000000,0.000000,0.862503,0.000000,0.000002,1.000000;;
                }
               }
              }
             }
            }

            Frame Bip01-L-Finger1 {
             

             FrameTransformMatrix {
              0.890676,0.007232,0.454582,0.000000,0.005919,0.999604,-0.027501,0.000000,-0.454601,0.027185,0.890280,0.000000,2.096301,-0.862209,-0.077709,1.000000;;
             }

             Frame Bip01-L-Finger11 {
              

              FrameTransformMatrix {
               0.877627,-0.000000,0.479344,0.000000,0.000001,1.000000,-0.000000,0.000000,-0.479344,0.000000,0.877627,0.000000,1.331194,0.000003,0.000000,1.000000;;
              }

              Frame Bip01-L-Finger12 {
               

               FrameTransformMatrix {
                0.932921,-0.000000,0.360082,0.000000,-0.000000,1.000000,0.000001,0.000000,-0.360082,-0.000001,0.932921,0.000000,0.723099,0.000000,0.000001,1.000000;;
               }

               Frame Bip01-L-Finger1Nub {
                

                FrameTransformMatrix {
                 1.000000,0.000000,-0.000000,0.000000,0.000000,1.000000,-0.000001,0.000000,0.000000,0.000001,1.000000,0.000000,0.679663,-0.000001,0.000003,1.000000;;
                }
               }
              }
             }
            }

            Frame Bip01-L-Finger2 {
             

             FrameTransformMatrix {
              0.882744,0.035112,0.468539,0.000000,-0.013270,0.998669,-0.049838,0.000000,-0.469665,0.037776,0.882036,0.000000,2.179709,-0.283318,-0.116974,1.000000;;
             }

             Frame Bip01-L-Finger21 {
              

              FrameTransformMatrix {
               0.795542,0.000000,0.605899,0.000000,-0.000000,1.000000,0.000000,0.000000,-0.605899,0.000000,0.795542,0.000000,1.406767,0.000000,0.000000,1.000000;;
              }

              Frame Bip01-L-Finger22 {
               

               FrameTransformMatrix {
                0.981121,-0.000000,0.193399,0.000000,0.000000,1.000000,0.000000,0.000000,-0.193398,-0.000000,0.981121,0.000000,0.840511,0.000003,-0.000001,1.000000;;
               }

               Frame Bip01-L-Finger2Nub {
                

                FrameTransformMatrix {
                 1.000000,-0.000000,0.000000,0.000000,-0.000000,1.000000,-0.000000,0.000000,-0.000000,0.000000,1.000000,0.000000,0.664879,-0.000001,0.000000,1.000000;;
                }
               }
              }
             }
            }

            Frame Bip01-L-Finger3 {
             

             FrameTransformMatrix {
              0.896787,0.157211,0.413592,0.000000,-0.134986,0.987396,-0.082634,0.000000,-0.421369,0.018276,0.906705,0.000000,2.073346,0.186407,-0.130486,1.000000;;
             }

             Frame Bip01-L-Finger31 {
              

              FrameTransformMatrix {
               0.760569,-0.000000,0.649258,0.000000,0.000000,1.000000,0.000000,0.000000,-0.649258,-0.000000,0.760569,0.000000,1.365461,0.000000,-0.000002,1.000000;;
              }

              Frame Bip01-L-Finger32 {
               

               FrameTransformMatrix {
                0.978941,0.000000,0.204142,0.000000,0.000000,1.000000,-0.000000,0.000000,-0.204143,0.000000,0.978941,0.000000,0.768665,0.000001,0.000004,1.000000;;
               }

               Frame Bip01-L-Finger3Nub {
                

                FrameTransformMatrix {
                 1.000000,-0.000000,-0.000000,0.000000,0.000000,1.000000,-0.000000,0.000000,0.000000,0.000000,1.000000,0.000000,0.649351,-0.000000,0.000003,1.000000;;
                }
               }
              }
             }
            }

            Frame Bip01-L-Finger4 {
             

             FrameTransformMatrix {
              0.885085,0.251359,0.391718,0.000000,-0.224522,0.967811,-0.113722,0.000000,-0.407694,0.012705,0.913030,0.000000,1.882340,0.690607,0.070721,1.000000;;
             }

             Frame Bip01-L-Finger41 {
              

              FrameTransformMatrix {
               0.785957,0.000000,0.618281,0.000000,0.000000,1.000000,-0.000001,0.000000,-0.618281,0.000001,0.785957,0.000000,1.108316,0.000000,-0.000002,1.000000;;
              }

              Frame Bip01-L-Finger42 {
               

               FrameTransformMatrix {
                0.944871,-0.000001,0.327444,0.000000,0.000001,1.000000,0.000001,0.000000,-0.327444,-0.000000,0.944871,0.000000,0.520338,-0.000001,0.000000,1.000000;;
               }

               Frame Bip01-L-Finger4Nub {
                

                FrameTransformMatrix {
                 1.000000,0.000000,-0.000000,0.000000,-0.000000,1.000000,0.000000,0.000000,0.000000,0.000000,1.000000,0.000000,0.515343,-0.000000,0.000001,1.000000;;
                }
               }
              }
             }
            }

            Frame FxHand00 {
             

             FrameTransformMatrix {
              0.220347,-0.936490,0.272824,0.000000,-0.759401,-0.340240,-0.554568,0.000000,0.612173,-0.084986,-0.786143,0.000000,1.499999,0.499997,2.000000,1.000000;;
             }
            }

            Frame L_Sword {
             

             FrameTransformMatrix {
              0.976767,0.039081,-0.210712,0.000000,0.070767,-0.986898,0.145000,0.000000,-0.202285,-0.156543,-0.966734,0.000000,-0.000001,0.000000,0.000000,1.000000;;
             }
            }
           }

           Frame L_Elbow {
            

            FrameTransformMatrix {
             0.982504,-0.000000,0.186241,0.000000,-0.000000,1.000000,-0.000000,0.000000,-0.186241,0.000000,0.982504,0.000000,0.000002,-0.000002,0.000000,1.000000;;
            }
           }

           Frame L_Shield {
            

            FrameTransformMatrix {
             1.000000,-0.000000,-0.000000,0.000000,0.000000,1.000000,-0.000000,0.000000,0.000000,0.000000,1.000000,0.000000,2.500005,2.500000,-0.000001,1.000000;;
            }
           }

           Frame Bip01-L-ForeTwist {
            

            FrameTransformMatrix {
             1.000000,0.000000,-0.000000,0.000000,-0.000000,0.999311,0.037108,0.000000,0.000000,-0.037108,0.999311,0.000000,0.000000,-0.000002,-0.000002,1.000000;;
            }
           }
          }

          Frame L_Shoulder {
           

           FrameTransformMatrix {
            0.948343,0.307755,-0.077028,0.000000,-0.311669,0.949122,-0.045063,0.000000,0.059241,0.066743,0.996010,0.000000,0.000000,0.000000,0.000000,1.000000;;
           }
          }

          Frame L_Shoulder_Twist {
           

           FrameTransformMatrix {
            1.000000,0.000000,0.000000,0.000000,-0.000000,1.000000,-0.000000,0.000000,-0.000000,0.000000,1.000000,0.000000,0.000000,0.000000,-0.000000,1.000000;;
           }
          }
         }
        }

        Frame Bip01-R-Clavicle {
         

         FrameTransformMatrix {
          -0.249953,-0.966695,0.054995,0.000000,-0.944116,0.255931,0.207715,0.000000,-0.214872,-0.000003,-0.976642,0.000000,-0.753029,-0.957160,0.028463,1.000000;;
         }

         Frame Bip01-R-UpperArm {
          

          FrameTransformMatrix {
           0.798872,0.594050,0.094384,0.000000,-0.578814,0.801906,-0.148056,0.000000,-0.163640,0.063647,0.984465,0.000000,2.305938,0.000015,0.000002,1.000000;;
          }

          Frame Bip01-R-Forearm {
           

           FrameTransformMatrix {
            0.930628,-0.000000,-0.365965,0.000000,-0.000000,1.000000,0.000000,0.000000,0.365965,-0.000000,0.930629,0.000000,6.131230,-0.000004,0.000001,1.000000;;
           }

           Frame Bip01-R-Hand {
            

            FrameTransformMatrix {
             0.989065,0.040580,0.141786,0.000000,0.144470,-0.073387,-0.986784,0.000000,-0.029638,0.996478,-0.078447,0.000000,6.144238,-0.000002,-0.000001,1.000000;;
            }

            Frame Bip01-R-Finger0 {
             

             FrameTransformMatrix {
              0.722825,0.531683,0.441402,0.000000,-0.371541,-0.239557,0.896978,0.000000,0.582649,-0.812358,0.024384,0.000000,0.431655,0.683448,0.267912,1.000000;;
             }

             Frame Bip01-R-Finger01 {
              

              FrameTransformMatrix {
               0.985852,0.000000,0.167616,0.000000,-0.000000,1.000000,0.000000,0.000000,-0.167616,-0.000000,0.985852,0.000000,1.065220,0.000006,-0.000002,1.000000;;
              }

              Frame Bip01-R-Finger02 {
               

               FrameTransformMatrix {
                0.950837,-0.000000,0.309691,0.000000,0.000000,1.000000,-0.000001,0.000000,-0.309691,0.000001,0.950837,0.000000,0.739167,0.000000,-0.000002,1.000000;;
               }

               Frame Bip01-R-Finger0Nub {
                

                FrameTransformMatrix {
                 -1.000000,0.000000,0.000000,0.000000,0.000000,1.000000,-0.000000,0.000000,-0.000000,-0.000000,-1.000000,0.000000,0.862503,0.000000,0.000000,1.000000;;
                }
               }
              }
             }
            }

            Frame Bip01-R-Finger1 {
             

             FrameTransformMatrix {
              0.890675,-0.007232,0.454582,0.000000,-0.005919,0.999604,0.027501,0.000000,-0.454601,-0.027185,0.890280,0.000000,2.096303,0.862210,-0.077713,1.000000;;
             }

             Frame Bip01-R-Finger11 {
              

              FrameTransformMatrix {
               0.877628,0.000000,0.479344,0.000000,0.000000,1.000000,-0.000000,0.000000,-0.479344,0.000001,0.877627,0.000000,1.331190,-0.000001,0.000000,1.000000;;
              }

              Frame Bip01-R-Finger12 {
               

               FrameTransformMatrix {
                0.932921,-0.000000,0.360082,0.000000,0.000000,1.000000,-0.000000,0.000000,-0.360082,0.000000,0.932921,0.000000,0.723101,0.000002,-0.000001,1.000000;;
               }

               Frame Bip01-R-Finger1Nub {
                

                FrameTransformMatrix {
                 -1.000000,0.000000,0.000000,0.000000,0.000000,1.000000,0.000000,0.000000,-0.000000,0.000000,-1.000000,0.000000,0.679668,-0.000003,-0.000001,1.000000;;
                }
               }
              }
             }
            }

            Frame Bip01-R-Finger2 {
             

             FrameTransformMatrix {
              0.882745,-0.035112,0.468539,0.000000,0.013271,0.998669,0.049837,0.000000,-0.469665,-0.037775,0.882036,0.000000,2.179713,0.283319,-0.116974,1.000000;;
             }

             Frame Bip01-R-Finger21 {
              

              FrameTransformMatrix {
               0.795542,-0.000000,0.605898,0.000000,0.000000,1.000000,0.000000,0.000000,-0.605899,-0.000000,0.795542,0.000000,1.406757,-0.000001,0.000000,1.000000;;
              }

              Frame Bip01-R-Finger22 {
               

               FrameTransformMatrix {
                0.981120,-0.000000,0.193399,0.000000,0.000000,1.000000,0.000000,0.000000,-0.193399,-0.000000,0.981120,0.000000,0.840508,-0.000003,-0.000002,1.000000;;
               }

               Frame Bip01-R-Finger2Nub {
                

                FrameTransformMatrix {
                 -1.000000,-0.000000,0.000000,0.000000,0.000000,1.000000,-0.000000,0.000000,-0.000000,-0.000000,-1.000000,0.000000,0.664875,0.000001,0.000001,1.000000;;
                }
               }
              }
             }
            }

            Frame Bip01-R-Finger3 {
             

             FrameTransformMatrix {
              0.896787,-0.157212,0.413591,0.000000,0.134986,0.987396,0.082634,0.000000,-0.421369,-0.018276,0.906705,0.000000,2.073345,-0.186408,-0.130487,1.000000;;
             }

             Frame Bip01-R-Finger31 {
              

              FrameTransformMatrix {
               0.760569,0.000000,0.649258,0.000000,-0.000000,1.000000,-0.000000,0.000000,-0.649258,0.000000,0.760569,0.000000,1.365458,0.000000,0.000002,1.000000;;
              }

              Frame Bip01-R-Finger32 {
               

               FrameTransformMatrix {
                0.978941,-0.000000,0.204143,0.000000,0.000000,1.000000,-0.000000,0.000000,-0.204143,0.000000,0.978941,0.000000,0.768669,0.000000,0.000001,1.000000;;
               }

               Frame Bip01-R-Finger3Nub {
                

                FrameTransformMatrix {
                 -1.000000,-0.000000,0.000000,0.000000,-0.000000,1.000000,-0.000000,0.000000,-0.000000,-0.000000,-1.000000,0.000000,0.649357,0.000000,0.000001,1.000000;;
                }
               }
              }
             }
            }

            Frame Bip01-R-Finger4 {
             

             FrameTransformMatrix {
              0.885085,-0.251359,0.391718,0.000000,0.224522,0.967810,0.113722,0.000000,-0.407693,-0.012705,0.913030,0.000000,1.882344,-0.690606,0.070721,1.000000;;
             }

             Frame Bip01-R-Finger41 {
              

              FrameTransformMatrix {
               0.785957,-0.000000,0.618281,0.000000,0.000000,1.000001,0.000000,0.000000,-0.618281,0.000000,0.785957,0.000000,1.108320,0.000000,-0.000004,1.000000;;
              }

              Frame Bip01-R-Finger42 {
               

               FrameTransformMatrix {
                0.944871,0.000000,0.327444,0.000000,-0.000000,1.000000,-0.000000,0.000000,-0.327444,0.000000,0.944871,0.000000,0.520340,0.000000,0.000003,1.000000;;
               }

               Frame Bip01-R-Finger4Nub {
                

                FrameTransformMatrix {
                 -1.000000,0.000000,-0.000000,0.000000,0.000000,1.000000,-0.000000,0.000000,0.000000,-0.000000,-1.000000,0.000000,0.515339,0.000000,-0.000001,1.000000;;
                }
               }
              }
             }
            }

            Frame FxHand01 {
             

             FrameTransformMatrix {
              0.220350,0.936490,0.272822,0.000000,-0.759401,0.340241,-0.554568,0.000000,-0.612173,-0.084982,0.786144,0.000000,1.500001,-0.499997,1.999996,1.000000;;
             }
            }

            Frame R_Sword {
             

             FrameTransformMatrix {
              0.976767,-0.039081,-0.210713,0.000000,0.070766,0.986898,0.145000,0.000000,0.202285,-0.156542,0.966734,0.000000,0.000001,0.000002,-0.000002,1.000000;;
             }
            }
           }

           Frame R_Elbow {
            

            FrameTransformMatrix {
             0.982504,0.000000,0.186241,0.000000,0.000000,1.000000,0.000000,0.000000,-0.186241,-0.000000,0.982504,0.000000,0.000000,0.000000,0.000000,1.000000;;
            }
           }

           Frame Bip01-R-ForeTwist {
            

            FrameTransformMatrix {
             1.000000,0.000000,-0.000000,0.000000,0.000000,0.999311,-0.037108,0.000000,0.000000,0.037108,0.999311,0.000000,0.000000,0.000000,0.000000,1.000000;;
            }
           }
          }

          Frame R_Shoulder {
           

           FrameTransformMatrix {
            0.948342,-0.307756,-0.077029,0.000000,0.311669,0.949122,0.045063,0.000000,0.059241,-0.066743,0.996010,0.000000,-0.000004,-0.000004,0.000000,1.000000;;
           }
          }

          Frame R_Shoulder_Twist {
           

           FrameTransformMatrix {
            1.000000,-0.000000,-0.000000,0.000000,-0.000000,1.000000,0.000000,0.000000,0.000000,-0.000000,1.000000,0.000000,-0.000004,-0.000004,0.000000,1.000000;;
           }
          }
         }
        }
       }

       Frame R_Breast {
        

        FrameTransformMatrix {
         0.063560,0.329543,-0.941999,0.000000,-0.003088,0.943968,0.330023,0.000000,0.997973,-0.018067,0.061016,0.000000,1.272751,-1.452000,1.209911,1.000000;;
        }
       }

       Frame L_Breast {
        

        FrameTransformMatrix {
         -0.063560,0.329545,0.941998,0.000000,0.003087,0.943967,-0.330025,0.000000,-0.997973,-0.018068,-0.061016,0.000000,1.272759,1.451767,1.209908,1.000000;;
        }
       }

       Frame L_spine3 {
        

        FrameTransformMatrix {
         0.980445,0.043404,-0.191946,0.000000,0.044220,-0.999022,-0.000032,0.000000,-0.191759,-0.008456,-0.981406,0.000000,2.104034,3.093147,-0.411915,1.000000;;
        }
       }

       Frame R_spine3 {
        

        FrameTransformMatrix {
         0.980446,-0.043406,-0.191942,0.000000,-0.044221,-0.999022,0.000038,0.000000,-0.191756,0.008451,-0.981406,0.000000,2.104046,-3.093148,-0.411907,1.000000;;
        }
       }
      }

      Frame FxCenter {
       

       FrameTransformMatrix {
        -0.023870,0.000000,0.999715,0.000000,0.999715,0.000000,0.023870,0.000000,-0.000000,1.000000,-0.000000,0.000000,1.000006,-0.000002,0.000000,1.000000;;
       }
      }

      Frame Weapon_Back {
       

       FrameTransformMatrix {
        -0.999294,-0.000000,-0.037550,0.000000,0.000000,-0.999999,0.000000,0.000000,-0.037550,0.000000,0.999294,0.000000,4.711468,-0.000002,-2.809569,1.000000;;
       }
      }
     }
    }

    Frame Bip01-L-Thigh {
     

     FrameTransformMatrix {
      -0.997343,0.010238,0.072129,0.000000,-0.003067,-0.995100,0.098825,0.000000,0.072788,0.098342,0.992487,0.000000,-2.355776,2.566188,0.104821,1.000000;;
     }

     Frame Bip01-L-Calf {
      

      FrameTransformMatrix {
       0.989800,0.000000,-0.142458,0.000000,0.000000,1.000000,0.000002,0.000000,0.142458,-0.000002,0.989801,0.000000,10.047706,-0.000000,0.000001,1.000000;;
      }

      Frame Bip01-L-Foot {
       

       FrameTransformMatrix {
        0.993368,0.006533,0.114794,0.000000,-0.007678,0.999925,0.009533,0.000000,-0.114724,-0.010351,0.993344,0.000000,10.474947,0.000000,0.000001,1.000000;;
       }

       Frame Bip01-L-Toe0 {
        

        FrameTransformMatrix {
         0.005122,-0.000005,0.999987,0.000000,-0.000000,1.000000,0.000005,0.000000,-0.999987,0.000000,0.005122,0.000000,3.213933,-0.000010,1.930074,1.000000;;
        }

        Frame Bip01-L-Toe0Nub {
         

         FrameTransformMatrix {
          -1.000000,-0.000000,0.000000,0.000000,-0.000000,1.000000,0.000000,0.000000,-0.000000,0.000000,-1.000000,0.000000,1.879583,0.000001,0.000000,1.000000;;
         }
        }
       }
      }

      Frame L_Knee {
       

       FrameTransformMatrix {
        0.997447,0.000000,0.071411,0.000000,0.000000,1.000000,0.000001,0.000000,-0.071411,-0.000001,0.997447,0.000000,0.000000,0.000000,0.000000,1.000000;;
       }
      }

      Frame Bip01-LCalfTwist {
       

       FrameTransformMatrix {
        1.000000,-0.000000,-0.000000,0.000000,-0.000000,0.999988,0.004769,0.000000,0.000000,-0.004769,0.999989,0.000000,0.000000,0.000000,0.000000,1.000000;;
       }
      }
     }

     Frame L_Thigh {
      

      FrameTransformMatrix {
       1.000000,0.000000,0.000000,0.000000,-0.000000,1.000000,0.000000,0.000000,-0.000000,-0.000000,1.000000,0.000000,0.000000,-0.000000,0.000000,1.000000;;
      }
     }
    }

    Frame Bip01-R-Thigh {
     

     FrameTransformMatrix {
      -0.997343,-0.010238,0.072129,0.000000,0.003068,-0.995101,-0.098818,0.000000,0.072788,-0.098335,0.992488,0.000000,-2.355778,-2.566190,0.104833,1.000000;;
     }

     Frame Bip01-R-Calf {
      

      FrameTransformMatrix {
       0.989801,-0.000001,-0.142458,0.000000,0.000000,1.000000,-0.000003,0.000000,0.142458,0.000003,0.989801,0.000000,10.047709,-0.000001,-0.000000,1.000000;;
      }

      Frame Bip01-R-Foot {
       

       FrameTransformMatrix {
        0.993368,-0.006533,0.114794,0.000000,0.007676,0.999925,-0.009520,0.000000,-0.114724,0.010338,0.993344,0.000000,10.474940,-0.000001,0.000001,1.000000;;
       }

       Frame Bip01-R-Toe0 {
        

        FrameTransformMatrix {
         0.005122,0.000019,0.999987,0.000000,-0.000000,1.000000,-0.000019,0.000000,-0.999987,-0.000000,0.005122,0.000000,3.213933,0.000037,1.930074,1.000000;;
        }

        Frame Bip01-R-Toe0Nub {
         

         FrameTransformMatrix {
          1.000000,-0.000000,-0.000000,0.000000,0.000000,1.000000,-0.000000,0.000000,0.000000,0.000000,1.000000,0.000000,1.879583,-0.000001,0.000000,1.000000;;
         }
        }
       }
      }

      Frame R_Knee {
       

       FrameTransformMatrix {
        0.997447,0.000000,0.071411,0.000000,0.000000,1.000000,-0.000001,0.000000,-0.071411,0.000001,0.997447,0.000000,-0.000001,-0.000000,0.000000,1.000000;;
       }
      }

      Frame Bip01-RCalfTwist {
       

       FrameTransformMatrix {
        1.000000,-0.000000,0.000000,0.000000,0.000000,0.999989,-0.004770,0.000000,-0.000000,0.004770,0.999989,0.000000,-0.000002,-0.000000,-0.000000,1.000000;;
       }
      }
     }

     Frame R_Thigh {
      

      FrameTransformMatrix {
       1.000000,-0.000000,-0.000000,0.000000,0.000000,1.000000,-0.000003,0.000000,-0.000000,0.000003,1.000000,0.000000,0.000000,-0.000001,0.000000,1.000000;;
      }
     }
    }

    Frame Skirt_Dummy {
     

     FrameTransformMatrix {
      -1.000000,0.000002,0.000797,0.000000,-0.000002,-1.000000,-0.000001,0.000000,0.000797,-0.000001,1.000000,0.000000,-0.033834,-0.000002,-0.263520,1.000000;;
     }
    }
   }
  }
 }
}

Frame Human_F_L07_Leg_Skel {
 

 FrameTransformMatrix {
  1.000000,0.000000,0.000000,0.000000,0.000000,1.000000,0.000000,0.000000,0.000000,0.000000,1.000000,0.000000,0.000000,0.000000,0.000000,1.000000;;
 }

 Mesh Human_F_L07_Leg_Skel {
  500;
  -1.463005;0.000047;-2.740020;,
  -1.711573;0.000023;-2.960321;,
  -1.474531;-0.000336;-2.959888;,
  -1.659393;0.000022;-2.716000;,
  -1.912041;0.000014;-2.901216;,
  -1.436997;0.000331;-2.504105;,
  -1.671350;-0.000036;-2.467243;,
  -1.955066;-0.000031;-2.683250;,
  -1.853949;-0.000034;-2.497715;,
  -1.854529;0.234607;-2.469680;,
  -1.680744;0.233324;-2.441702;,
  -1.671350;-0.000036;-2.467243;,
  -1.426768;0.233408;-2.469616;,
  -1.436997;0.000331;-2.504105;,
  -1.352391;1.105753;-2.347177;,
  -1.426768;0.233408;-2.469616;,
  -1.414536;1.153806;-3.139394;,
  -1.352391;1.105753;-2.347177;,
  -1.476142;0.233948;-2.994866;,
  -1.474531;-0.000336;-2.959888;,
  -1.719382;0.233805;-2.990183;,
  -1.711573;0.000023;-2.960321;,
  -1.905458;0.235268;-2.925128;,
  -1.970135;0.236051;-2.668101;,
  -1.766848;1.172665;-3.133483;,
  -2.054497;1.324789;-2.950715;,
  -1.744818;1.144874;-2.284888;,
  -2.032509;1.320148;-2.353435;,
  -2.177196;1.343034;-2.649585;,
  -2.482758;2.330633;-3.192999;,
  -1.820626;1.981676;-3.357880;,
  -1.282257;1.613507;-3.396752;,
  -1.182723;1.515186;-2.199570;,
  -2.672992;2.447315;-2.626461;,
  -2.493879;2.326122;-2.063086;,
  -1.913949;1.961487;-2.025155;,
  -1.182723;1.515186;-2.199570;,
  0.144099;9.573515;2.243864;,
  -0.195854;10.170008;1.809564;,
  -0.424824;9.841696;1.647008;,
  0.167233;10.378094;2.254022;,
  0.187848;9.488794;2.755639;,
  0.279105;10.415784;2.838208;,
  -0.103451;9.570310;3.452452;,
  -0.061239;10.335729;3.451557;,
  -0.732109;9.753927;3.938886;,
  -0.553993;10.090708;3.817667;,
  -1.218786;8.197603;1.415613;,
  -0.455971;7.865158;1.775993;,
  -1.177902;7.959686;1.652510;,
  -0.424824;9.841696;1.647008;,
  -1.422707;9.825300;1.240387;,
  -1.424552;9.938727;1.516612;,
  -0.288683;9.630642;1.595434;,
  -1.284254;9.122711;1.346524;,
  -0.298759;8.940466;1.607951;,
  -0.390185;8.065671;1.635193;,
  0.081583;7.766667;2.211708;,
  0.170506;8.751600;2.135229;,
  0.397372;8.627159;2.773855;,
  0.264737;7.659092;2.757624;,
  0.272974;10.277825;2.171543;,
  -0.132230;10.072262;1.814560;,
  0.196722;9.396179;2.116342;,
  0.491087;9.299067;2.787326;,
  0.535061;10.313454;2.795805;,
  0.279105;10.415784;2.838208;,
  0.167233;10.378094;2.254022;,
  -0.195854;10.170008;1.809564;,
  -0.061239;10.335729;3.451557;,
  0.080740;10.224198;3.487320;,
  -0.553993;10.090708;3.817667;,
  -0.017130;7.745230;3.418445;,
  0.058769;8.740195;3.498542;,
  0.038678;9.431474;3.532776;,
  -0.335634;9.977584;3.836924;,
  -0.447259;9.596485;3.973055;,
  -0.732109;9.753927;3.938886;,
  -1.434629;9.813343;3.901817;,
  -0.674915;8.869628;3.924125;,
  -0.637450;7.961514;3.850750;,
  -0.670819;7.757806;3.623900;,
  -1.277173;7.786417;3.701696;,
  -1.331365;7.988621;3.939112;,
  -1.842392;7.836484;3.388932;,
  -2.069015;8.041818;3.568390;,
  -1.396043;8.933718;4.067940;,
  -2.126015;8.978226;3.677010;,
  -1.532366;9.663742;4.177054;,
  -2.246196;9.701314;3.768409;,
  -2.180543;7.901648;2.660953;,
  -2.481143;8.123541;2.649127;,
  -2.542259;9.051867;2.652381;,
  -2.671355;9.759953;2.659253;,
  -2.135181;8.200688;1.719882;,
  -2.199383;9.120178;1.680711;,
  -2.335101;9.810436;1.618670;,
  -2.005607;9.835090;3.566018;,
  -2.345684;9.884314;2.706249;,
  -2.076720;9.980211;1.846487;,
  -1.424552;9.938727;1.516612;,
  -1.422707;9.825300;1.240387;,
  -1.284254;9.122711;1.346524;,
  -1.218786;8.197603;1.415613;,
  -1.177902;7.959686;1.652510;,
  -1.910787;7.980803;1.880499;,
  -1.019032;6.133247;1.840957;,
  -1.479440;6.077982;1.974632;,
  -0.842545;4.708023;1.883082;,
  -1.389999;4.679526;1.973232;,
  -1.820236;6.089874;2.597265;,
  -1.093387;6.060736;3.526128;,
  -0.558043;6.034017;3.455942;,
  -1.543472;6.040516;3.213381;,
  -1.771071;4.639298;2.515900;,
  -1.513208;4.648080;3.126575;,
  -1.022775;4.653836;3.391393;,
  -0.532122;4.654644;3.438218;,
  -0.126097;6.015865;3.205925;,
  -0.070490;4.664562;3.205084;,
  0.116898;6.026184;2.676162;,
  -0.491508;6.085656;1.949932;,
  -1.019032;6.133247;1.840957;,
  -0.119908;6.049530;2.241587;,
  0.174089;4.676341;2.673023;,
  -0.086780;4.698223;2.266596;,
  -0.447601;4.711031;1.991749;,
  -0.842545;4.708023;1.883082;,
  -1.282257;1.613507;3.396752;,
  -1.352391;1.105753;2.347176;,
  -1.182723;1.515186;2.199570;,
  -2.482759;2.330633;3.192999;,
  -2.177196;1.343034;2.649585;,
  -2.054497;1.324789;2.950715;,
  -1.820626;1.981676;3.357880;,
  -1.766848;1.172664;3.133483;,
  -1.414536;1.153806;3.139394;,
  -1.426768;0.233407;2.469616;,
  -1.476142;0.233948;2.994865;,
  -1.474531;-0.000337;2.959888;,
  -1.719382;0.233805;2.990183;,
  -1.905459;0.235268;2.925128;,
  -1.463005;0.000047;2.740020;,
  -1.436998;0.000330;2.504104;,
  -1.711573;0.000023;2.960321;,
  -1.912042;0.000013;2.901215;,
  -1.955066;-0.000031;2.683250;,
  -1.970135;0.236051;2.668101;,
  -1.854529;0.234607;2.469679;,
  -2.032509;1.320148;2.353435;,
  -1.659393;0.000021;2.716000;,
  -1.711573;0.000023;2.960321;,
  -1.463005;0.000047;2.740020;,
  -1.474531;-0.000337;2.959888;,
  -1.436998;0.000330;2.504104;,
  -1.671350;-0.000036;2.467242;,
  -1.853949;-0.000034;2.497715;,
  -1.671350;-0.000036;2.467242;,
  -1.426768;0.233407;2.469616;,
  -1.436998;0.000330;2.504104;,
  -1.680745;0.233324;2.441702;,
  -1.744819;1.144874;2.284888;,
  -2.493879;2.326122;2.063086;,
  -2.672992;2.447315;2.626461;,
  -1.352391;1.105753;2.347176;,
  -1.182723;1.515186;2.199570;,
  -1.913949;1.961487;2.025155;,
  -2.493879;2.326122;2.063086;,
  -1.946196;2.174451;1.841396;,
  -1.913949;1.961487;2.025155;,
  -2.484214;2.561156;1.937736;,
  -2.672992;2.447315;2.626461;,
  -2.290475;2.951304;1.951077;,
  -2.688218;2.699543;2.604922;,
  -2.557762;3.068264;2.584855;,
  -1.747256;2.591952;1.700617;,
  -1.202987;2.236147;1.729897;,
  -1.343241;1.754686;1.935001;,
  -1.182723;1.515186;2.199570;,
  -0.922493;2.758595;1.735501;,
  -2.468545;2.579668;3.276026;,
  -2.482759;2.330633;3.192999;,
  -1.820626;1.981676;3.357880;,
  -1.723543;2.160500;3.499406;,
  -1.282257;1.613507;3.396752;,
  -1.193737;1.776743;3.617320;,
  -0.703891;1.088584;3.635106;,
  -0.630401;1.206542;3.833250;,
  -0.024390;0.378049;3.898365;,
  -0.113829;1.767590;3.733860;,
  0.088713;0.509300;4.118980;,
  0.362076;1.088458;3.847338;,
  -0.825970;2.177096;3.632291;,
  -1.464438;2.501953;3.543311;,
  -2.315372;2.921539;3.287423;,
  0.781287;1.571678;3.458251;,
  -0.523653;2.626574;3.581442;,
  0.437842;2.423543;3.320466;,
  -1.241453;2.870762;3.529228;,
  -2.076897;3.338697;3.200058;,
  -2.256833;3.543824;2.556212;,
  -1.800361;3.706624;3.154191;,
  -1.071575;3.495772;3.631776;,
  -0.431002;3.344762;3.490326;,
  -0.532122;4.654644;3.438218;,
  -1.022775;4.653836;3.391393;,
  -1.513208;4.648080;3.126575;,
  -2.058242;3.855878;2.539487;,
  -2.019644;3.396731;1.999267;,
  -1.486920;3.029216;1.697490;,
  -1.766696;3.739754;2.065795;,
  -1.241619;3.547082;1.710856;,
  -1.771071;4.639298;2.515900;,
  -1.389999;4.679526;1.973232;,
  -0.842545;4.708023;1.883082;,
  -0.760018;3.468454;1.712969;,
  0.794925;1.578333;2.112136;,
  0.850168;0.671098;1.829961;,
  0.248318;0.875959;1.939092;,
  0.083851;0.351635;1.964801;,
  0.751910;0.041561;1.854664;,
  2.944474;0.195596;2.898650;,
  2.591338;0.042952;2.511961;,
  2.743639;0.173863;2.383753;,
  1.861735;-0.000415;2.296233;,
  1.890946;0.074325;2.042390;,
  0.785166;-0.000140;2.139993;,
  -0.191264;0.457012;2.369956;,
  -0.315294;0.667622;2.132750;,
  -0.173798;1.438796;1.992967;,
  -0.899648;1.389736;2.081412;,
  -0.447601;4.711031;1.991749;,
  -0.760018;3.468454;1.712969;,
  -0.842545;4.708023;1.883082;,
  -0.257033;3.430985;1.901057;,
  -0.341982;2.502717;1.856443;,
  0.114339;2.139439;2.009180;,
  -0.619120;1.870459;1.890748;,
  -1.343241;1.754686;1.935001;,
  -1.182723;1.515186;2.199570;,
  -0.789373;1.210005;2.260145;,
  -0.922493;2.758595;1.735501;,
  -1.202987;2.236147;1.729897;,
  -0.732109;9.753929;-3.938886;,
  -0.061239;10.335730;-3.451557;,
  -0.553993;10.090709;-3.817667;,
  -0.103451;9.570313;-3.452452;,
  0.279105;10.415785;-2.838208;,
  0.187848;9.488796;-2.755639;,
  0.167233;10.378094;-2.254022;,
  0.144099;9.573516;-2.243864;,
  -0.195854;10.170010;-1.809564;,
  -0.424824;9.841698;-1.647008;,
  -0.298759;8.940467;-1.607951;,
  0.196722;9.396180;-2.116342;,
  -0.288683;9.630644;-1.595434;,
  0.170507;8.751602;-2.135229;,
  -0.390185;8.065673;-1.635193;,
  0.081583;7.766668;-2.211708;,
  0.397373;8.627161;-2.773855;,
  0.264738;7.659093;-2.757624;,
  0.491087;9.299070;-2.787326;,
  0.535061;10.313455;-2.795805;,
  0.272974;10.277826;-2.171543;,
  -0.132230;10.072264;-1.814560;,
  -0.017130;7.745230;-3.418444;,
  -1.277172;7.786418;-3.701696;,
  -0.637450;7.961516;-3.850750;,
  -0.670818;7.757808;-3.623900;,
  0.058770;8.740196;-3.498542;,
  -1.331364;7.988622;-3.939112;,
  -0.674914;8.869630;-3.924125;,
  0.038679;9.431476;-3.532776;,
  0.080740;10.224199;-3.487320;,
  -0.061239;10.335730;-3.451557;,
  0.279105;10.415785;-2.838208;,
  -0.553993;10.090709;-3.817667;,
  -1.842392;7.836485;-3.388932;,
  -0.335633;9.977585;-3.836924;,
  -0.447259;9.596487;-3.973055;,
  -1.396043;8.933720;-4.067940;,
  -2.069015;8.041819;-3.568390;,
  -2.180543;7.901650;-2.660953;,
  -1.820236;6.089875;-2.597264;,
  -1.479440;6.077984;-1.974632;,
  -1.532365;9.663743;-4.177054;,
  -2.126014;8.978228;-3.677010;,
  -2.246196;9.701315;-3.768409;,
  -2.542259;9.051869;-2.652380;,
  -2.671355;9.759954;-2.659253;,
  -2.481143;8.123542;-2.649127;,
  -1.910787;7.980805;-1.880499;,
  -2.135181;8.200690;-1.719882;,
  -2.199383;9.120178;-1.680711;,
  -2.335101;9.810438;-1.618670;,
  -1.019032;6.133249;-1.840957;,
  -1.177902;7.959688;-1.652510;,
  -1.218786;8.197604;-1.415613;,
  -1.284254;9.122712;-1.346524;,
  -1.422707;9.825302;-1.240387;,
  -1.424552;9.938728;-1.516612;,
  -2.076720;9.980213;-1.846487;,
  -2.345684;9.884314;-2.706248;,
  -2.005607;9.835090;-3.566018;,
  -1.434629;9.813343;-3.901816;,
  -0.732109;9.753929;-3.938886;,
  2.613867;0.558391;3.396656;,
  1.853717;0.837423;3.368331;,
  1.831200;0.489087;3.738960;,
  2.901969;0.546231;2.867604;,
  2.698874;0.500805;2.384616;,
  2.596009;0.177716;3.459657;,
  1.843664;0.120198;3.828184;,
  0.894948;0.786706;3.825726;,
  0.856914;0.142306;4.114802;,
  0.821683;-0.000366;3.897764;,
  1.847456;0.000714;3.557936;,
  2.468184;0.054637;3.379616;,
  2.691467;0.082794;2.929041;,
  -1.463005;0.000047;-2.740020;,
  -1.436997;0.000331;-2.504105;,
  1.845062;0.380165;-2.047835;,
  0.751910;0.041561;-1.854664;,
  1.890946;0.074325;-2.042390;,
  2.698874;0.500805;-2.384616;,
  1.904138;0.766827;-2.235737;,
  2.460612;0.735039;-2.466469;,
  2.505226;0.866928;-2.850412;,
  2.403497;0.770041;-3.259330;,
  2.003664;0.999963;-2.809546;,
  1.529592;1.289911;-2.758749;,
  1.336470;1.044889;-2.163415;,
  0.850169;0.671098;-1.829961;,
  0.083851;0.351635;-1.964801;,
  -0.191264;0.457012;-2.369956;,
  0.785166;-0.000140;-2.139993;,
  1.304498;1.107401;-3.451553;,
  1.086020;1.787613;-2.731056;,
  0.794925;1.578333;-2.112136;,
  0.248318;0.875959;-1.939093;,
  -0.315294;0.667622;-2.132750;,
  -0.789373;1.210005;-2.260145;,
  -0.173798;1.438797;-1.992968;,
  0.114339;2.139439;-2.009181;,
  -0.899648;1.389736;-2.081412;,
  -0.619120;1.870459;-1.890748;,
  -0.341982;2.502717;-1.856443;,
  -0.257032;3.430985;-1.901058;,
  0.203177;3.292860;-2.249797;,
  -1.182723;1.515186;-2.199570;,
  -1.343241;1.754686;-1.935001;,
  -1.202987;2.236147;-1.729897;,
  -0.922493;2.758595;-1.735502;,
  -0.760018;3.468454;-1.712969;,
  -0.447601;4.711033;-1.991749;,
  -0.842545;4.708025;-1.883082;,
  -0.086780;4.698225;-2.266596;,
  0.174090;4.676343;-2.673023;,
  0.483913;3.329860;-2.702482;,
  0.125589;3.248255;-3.205767;,
  0.437842;2.423543;-3.320466;,
  -0.523653;2.626574;-3.581442;,
  -0.113829;1.767590;-3.733860;,
  -0.825970;2.177096;-3.632291;,
  -0.630400;1.206542;-3.833250;,
  0.362076;1.088459;-3.847338;,
