xof 0303txt 0032
template ColorRGBA {
 <35ff44e0-6c7c-11cf-8f52-0040333594a3>
 FLOAT red;
 FLOAT green;
 FLOAT blue;
 FLOAT alpha;
}

template ColorRGB {
 <d3e16e81-7835-11cf-8f52-0040333594a3>
 FLOAT red;
 FLOAT green;
 FLOAT blue;
}

template Material {
 <3d82ab4d-62da-11cf-ab39-0020af71e433>
 ColorRGBA faceColor;
 FLOAT power;
 ColorRGB specularColor;
 ColorRGB emissiveColor;
 [...]
}

template TextureFilename {
 <a42790e1-7810-11cf-8f52-0040333594a3>
 STRING filename;
}

template Frame {
 <3d82ab46-62da-11cf-ab39-0020af71e433>
 [...]
}

template Matrix4x4 {
 <f6f23f45-7686-11cf-8f52-0040333594a3>
 array FLOAT matrix[16];
}

template FrameTransformMatrix {
 <f6f23f41-7686-11cf-8f52-0040333594a3>
 Matrix4x4 frameMatrix;
}

template Vector {
 <3d82ab5e-62da-11cf-ab39-0020af71e433>
 FLOAT x;
 FLOAT y;
 FLOAT z;
}

template MeshFace {
 <3d82ab5f-62da-11cf-ab39-0020af71e433>
 DWORD nFaceVertexIndices;
 array DWORD faceVertexIndices[nFaceVertexIndices];
}

template Mesh {
 <3d82ab44-62da-11cf-ab39-0020af71e433>
 DWORD nVertices;
 array Vector vertices[nVertices];
 DWORD nFaces;
 array MeshFace faces[nFaces];
 [...]
}

template MeshNormals {
 <f6f23f43-7686-11cf-8f52-0040333594a3>
 DWORD nNormals;
 array Vector normals[nNormals];
 DWORD nFaceNormals;
 array MeshFace faceNormals[nFaceNormals];
}

template MeshMaterialList {
 <f6f23f42-7686-11cf-8f52-0040333594a3>
 DWORD nMaterials;
 DWORD nFaceIndexes;
 array DWORD faceIndexes[nFaceIndexes];
 [Material <3d82ab4d-62da-11cf-ab39-0020af71e433>]
}

template Coords2d {
 <f6f23f44-7686-11cf-8f52-0040333594a3>
 FLOAT u;
 FLOAT v;
}

template MeshTextureCoords {
 <f6f23f40-7686-11cf-8f52-0040333594a3>
 DWORD nTextureCoords;
 array Coords2d textureCoords[nTextureCoords];
}

template XSkinMeshHeader {
 <3cf169ce-ff7c-44ab-93c0-f78f62d172e2>
 WORD nMaxSkinWeightsPerVertex;
 WORD nMaxSkinWeightsPerFace;
 WORD nBones;
}

template SkinWeights {
 <6f0d123b-bad2-4167-a0d0-80224f25fabb>
 STRING transformNodeName;
 DWORD nWeights;
 array DWORD vertexIndices[nWeights];
 array FLOAT weights[nWeights];
 Matrix4x4 matrixOffset;
}

template AnimTicksPerSecond {
 <9e415a43-7ba6-4a73-8743-b73d47e88476>
 DWORD AnimTicksPerSecond;
}

template Animation {
 <3d82ab4f-62da-11cf-ab39-0020af71e433>
 [...]
}

template AnimationSet {
 <3d82ab50-62da-11cf-ab39-0020af71e433>
 [Animation <3d82ab4f-62da-11cf-ab39-0020af71e433>]
}

template FloatKeys {
 <10dd46a9-775b-11cf-8f52-0040333594a3>
 DWORD nValues;
 array FLOAT values[nValues];
}

template TimedFloatKeys {
 <f406b180-7b3b-11cf-8f52-0040333594a3>
 DWORD time;
 FloatKeys tfkeys;
}

template AnimationKey {
 <10dd46a8-775b-11cf-8f52-0040333594a3>
 DWORD keyType;
 DWORD nKeys;
 array TimedFloatKeys keys[nKeys];
}


Material Material__35 {
 1.000000;1.000000;1.000000;1.000000;;
 10.000000;
 0.000000;0.000000;0.000000;;
 0.000000;0.000000;0.000000;;

 TextureFilename {
  "Human_F_L0_Body_diff.dds";
 }
}

Frame Dummy_root {
 

 FrameTransformMatrix {
  1.000000,0.000000,0.000000,0.000000,0.000000,1.000000,0.000000,0.000000,0.000000,-0.000000,1.000000,0.000000,0.000000,23.000000,0.000000,1.000000;;
 }

 Frame FxBottom {
  

  FrameTransformMatrix {
   1.000000,0.000000,0.000000,0.000000,0.000000,1.000000,0.000000,0.000000,0.000000,-0.000000,1.000000,0.000000,0.000000,-23.000000,-0.000000,1.000000;;
  }
 }

 Frame Bip01 {
  

  FrameTransformMatrix {
   0.743149,0.076816,-0.664702,0.000000,-0.119785,0.992614,-0.019211,0.000000,0.658317,0.093898,0.746862,0.000000,-0.194762,0.659397,-0.000000,1.000000;;
  }

  Frame Bip01-Pelvis {
   

   FrameTransformMatrix {
    0.000360,0.999999,-0.001584,0.000000,0.003483,0.001582,0.999993,0.000000,0.999994,-0.000365,-0.003483,0.000000,0.000000,0.000000,0.000000,1.000000;;
   }

   Frame Bip01-Spine {
    

    FrameTransformMatrix {
     0.999999,0.001527,0.000425,0.000000,-0.001525,0.999993,-0.003479,0.000000,-0.000430,0.003479,0.999994,0.000000,2.358109,0.000005,-0.000990,1.000000;;
    }

    Frame Bip01-Spine1 {
     

     FrameTransformMatrix {
      0.999980,-0.005495,0.003042,0.000000,0.004836,0.982681,0.185243,0.000000,-0.004007,-0.185224,0.982688,0.000000,0.209326,0.000000,-0.002767,1.000000;;
     }

     Frame Bip01-Spine2 {
      

      FrameTransformMatrix {
       0.999212,0.028024,0.028117,0.000000,-0.031525,0.990613,0.133016,0.000000,-0.024125,-0.133797,0.990715,0.000000,3.478327,0.000001,-0.001152,1.000000;;
      }

      Frame Bip01-Spine3 {
       

       FrameTransformMatrix {
        0.980994,0.038372,-0.190205,0.000000,-0.032815,0.998940,0.032279,0.000000,0.191242,-0.025424,0.981214,0.000000,1.456825,-0.000000,-0.004310,1.000000;;
       }

       Frame Bip01-Neck {
        

        FrameTransformMatrix {
         0.917148,0.138020,0.373886,0.000000,0.024337,0.916975,-0.398201,0.000000,-0.397804,0.374308,0.837643,0.000000,5.539906,-0.000000,-0.690875,1.000000;;
        }

        Frame Bip01-Head {
         

         FrameTransformMatrix {
          0.976207,0.124348,0.177646,0.000000,-0.019787,0.866906,-0.498080,0.000000,-0.215938,0.482714,0.848739,0.000000,2.474251,-0.000000,0.000000,1.000000;;
         }

         Frame Bip01-HeadNub {
          

          FrameTransformMatrix {
           1.000000,0.000000,0.000000,0.000000,-0.000000,1.000000,0.000000,0.000000,0.000000,0.000000,1.000000,0.000000,4.628929,0.000001,-0.000002,1.000000;;
          }
         }

         Frame FxTop {
          

          FrameTransformMatrix {
           0.370706,0.154322,0.915839,0.000000,0.920058,0.073578,-0.384812,0.000000,-0.126771,0.985277,-0.114710,0.000000,4.500027,-0.000002,0.000000,1.000000;;
          }
         }
        }

        Frame Bip01-L-Clavicle {
         

         FrameTransformMatrix {
          0.128723,0.915306,0.381635,0.000000,0.918347,0.035214,-0.394207,0.000000,-0.374259,0.401217,-0.836035,0.000000,-0.753037,0.957158,0.028458,1.000000;;
         }

         Frame Bip01-L-UpperArm {
          

          FrameTransformMatrix {
           0.893179,-0.428111,-0.137669,0.000000,0.365585,0.869520,-0.332089,0.000000,0.261877,0.246285,0.933147,0.000000,2.305935,-0.000004,0.000000,1.000000;;
          }

          Frame Bip01-L-Forearm {
           

           FrameTransformMatrix {
            0.999414,0.000000,-0.034237,0.000000,0.000000,1.000000,0.000000,0.000000,0.034237,-0.000000,0.999414,0.000000,6.131232,0.000004,0.000000,1.000000;;
           }

           Frame Bip01-L-Hand {
            

            FrameTransformMatrix {
             0.982457,0.098835,0.158145,0.000000,-0.109517,-0.380608,0.918228,0.000000,0.150944,-0.919440,-0.363107,0.000000,6.144241,0.000000,-0.000001,1.000000;;
            }

            Frame Bip01-L-Finger0 {
             

             FrameTransformMatrix {
              0.671256,-0.301159,0.677288,0.000000,0.578680,-0.358073,-0.732744,0.000000,0.463191,0.883792,-0.066084,0.000000,0.431654,-0.683445,0.267918,1.000000;;
             }

             Frame Bip01-L-Finger01 {
              

              FrameTransformMatrix {
               0.970493,-0.000000,0.241129,0.000000,-0.000000,1.000000,0.000000,0.000000,-0.241129,0.000000,0.970493,0.000000,1.065220,0.000002,-0.000001,1.000000;;
              }

              Frame Bip01-L-Finger02 {
               

               FrameTransformMatrix {
                0.949998,-0.000000,0.312255,0.000000,0.000000,1.000000,-0.000000,0.000000,-0.312255,0.000000,0.949999,0.000000,0.739167,0.000000,-0.000001,1.000000;;
               }

               Frame Bip01-L-Finger0Nub {
                

                FrameTransformMatrix {
                 1.000000,0.000000,-0.000000,0.000000,0.000000,1.000000,0.000000,0.000000,0.000000,-0.000000,1.000000,0.000000,0.862499,0.000000,0.000000,1.000000;;
                }
               }
              }
             }
            }

            Frame Bip01-L-Finger1 {
             

             FrameTransformMatrix {
              0.653163,0.089182,0.751948,0.000000,0.055818,0.984668,-0.165267,0.000000,-0.755157,0.149919,0.638171,0.000000,2.096304,-0.862207,-0.077713,1.000000;;
             }

             Frame Bip01-L-Finger11 {
              

              FrameTransformMatrix {
               0.185394,-0.000000,0.982665,0.000000,0.000000,1.000000,-0.000000,0.000000,-0.982665,-0.000000,0.185394,0.000000,1.331198,-0.000000,0.000000,1.000000;;
              }

              Frame Bip01-L-Finger12 {
               

               FrameTransformMatrix {
                0.782969,0.000000,0.622061,0.000000,-0.000000,1.000000,0.000000,0.000000,-0.622061,-0.000000,0.782969,0.000000,0.723099,0.000000,0.000000,1.000000;;
               }

               Frame Bip01-L-Finger1Nub {
                

                FrameTransformMatrix {
                 1.000000,-0.000000,0.000000,0.000000,0.000000,1.000000,0.000000,0.000000,0.000000,0.000000,1.000000,0.000000,0.679662,-0.000001,0.000002,1.000000;;
                }
               }
              }
             }
            }

            Frame Bip01-L-Finger2 {
             

             FrameTransformMatrix {
              0.576645,-0.041121,0.815960,0.000000,0.061188,0.998102,0.007058,0.000000,-0.814700,0.045857,0.578066,0.000000,2.179713,-0.283317,-0.116974,1.000000;;
             }

             Frame Bip01-L-Finger21 {
              

              FrameTransformMatrix {
               0.149162,0.000000,0.988813,0.000000,0.000000,1.000000,0.000000,0.000000,-0.988813,0.000000,0.149162,0.000000,1.406765,-0.000002,0.000000,1.000000;;
              }

              Frame Bip01-L-Finger22 {
               

               FrameTransformMatrix {
                0.782728,-0.000000,0.622364,0.000000,-0.000000,1.000000,-0.000000,0.000000,-0.622364,0.000000,0.782728,0.000000,0.840511,0.000004,-0.000004,1.000000;;
               }

               Frame Bip01-L-Finger2Nub {
                

                FrameTransformMatrix {
                 1.000000,-0.000000,0.000000,0.000000,-0.000000,1.000000,0.000000,0.000000,0.000000,0.000000,1.000000,0.000000,0.664879,0.000000,0.000000,1.000000;;
                }
               }
              }
             }
            }

            Frame Bip01-L-Finger3 {
             

             FrameTransformMatrix {
              0.596636,-0.100627,0.796179,0.000000,0.026522,0.994038,0.105759,0.000000,-0.802074,-0.041983,0.595747,0.000000,2.073346,0.186408,-0.130489,1.000000;;
             }

             Frame Bip01-L-Finger31 {
              

              FrameTransformMatrix {
               0.127689,-0.000000,0.991814,0.000000,0.000000,1.000000,0.000000,0.000000,-0.991814,-0.000000,0.127689,0.000000,1.365459,0.000001,0.000002,1.000000;;
              }

              Frame Bip01-L-Finger32 {
               

               FrameTransformMatrix {
                0.836560,0.000000,0.547875,0.000000,-0.000000,1.000000,0.000000,0.000000,-0.547875,-0.000000,0.836560,0.000000,0.768667,0.000001,0.000000,1.000000;;
               }

               Frame Bip01-L-Finger3Nub {
                

                FrameTransformMatrix {
                 1.000000,-0.000000,0.000000,0.000000,-0.000000,1.000000,0.000000,0.000000,0.000000,0.000000,1.000000,0.000000,0.649355,0.000000,-0.000002,1.000000;;
                }
               }
              }
             }
            }

            Frame Bip01-L-Finger4 {
             

             FrameTransformMatrix {
              0.680320,-0.211799,0.701645,0.000000,0.013198,0.960720,0.277206,0.000000,-0.732796,-0.179328,0.656393,0.000000,1.882342,0.690609,0.070721,1.000000;;
             }

             Frame Bip01-L-Finger41 {
              

              FrameTransformMatrix {
               0.479562,-0.000000,0.877508,0.000000,0.000000,1.000000,0.000000,0.000000,-0.877508,0.000000,0.479562,0.000000,1.108316,0.000000,-0.000004,1.000000;;
              }

              Frame Bip01-L-Finger42 {
               

               FrameTransformMatrix {
                0.644536,0.000000,0.764574,0.000000,-0.000000,1.000000,-0.000000,0.000000,-0.764574,-0.000000,0.644536,0.000000,0.520342,0.000000,0.000001,1.000000;;
               }

               Frame Bip01-L-Finger4Nub {
                

                FrameTransformMatrix {
                 1.000000,0.000000,0.000000,0.000000,-0.000000,1.000000,0.000000,0.000000,0.000000,-0.000000,1.000000,0.000000,0.515339,0.000000,-0.000002,1.000000;;
                }
               }
              }
             }
            }

            Frame FxHand00 {
             

             FrameTransformMatrix {
              0.982457,-0.109517,0.150944,0.000000,0.098835,-0.380608,-0.919440,0.000000,0.158145,0.918229,-0.363107,0.000000,1.500002,0.499999,2.000000,1.000000;;
             }
            }

            Frame L_Sword {
             

             FrameTransformMatrix {
              0.998475,-0.054365,0.009625,0.000000,-0.054842,-0.996732,0.059314,0.000000,0.006369,-0.059751,-0.998193,0.000000,0.000000,0.000000,0.000000,1.000000;;
             }
            }
           }

           Frame L_Elbow {
            

            FrameTransformMatrix {
             0.999854,0.000000,0.017090,0.000000,-0.000000,1.000000,0.000000,0.000000,-0.017090,-0.000000,0.999854,0.000000,0.000000,0.000000,0.000000,1.000000;;
            }
           }

           Frame L_Shield {
            

            FrameTransformMatrix {
             0.767017,0.101899,-0.633484,0.000000,0.148861,0.932108,0.330174,0.000000,0.624120,-0.347550,0.699773,0.000000,2.500003,2.500000,-0.000000,1.000000;;
            }
           }

           Frame Bip01-L-ForeTwist {
            

            FrameTransformMatrix {
             1.000000,0.000000,0.000000,0.000000,0.000000,0.980758,0.195227,0.000000,0.000000,-0.195227,0.980758,0.000000,0.000000,0.000000,0.000000,1.000000;;
            }
           }
          }

          Frame L_Shoulder {
           

           FrameTransformMatrix {
            0.972931,0.185676,0.137587,0.000000,-0.221116,0.921026,0.320655,0.000000,-0.067183,-0.342398,0.937150,0.000000,0.000000,0.000000,0.000000,1.000000;;
           }
          }

          Frame L_Shoulder_Twist {
           

           FrameTransformMatrix {
            1.000000,0.000000,-0.000000,0.000000,-0.000000,0.972789,0.231691,0.000000,-0.000000,-0.231691,0.972789,0.000000,0.000000,0.000000,0.000000,1.000000;;
           }
          }
         }
        }

        Frame Bip01-R-Clavicle {
         

         FrameTransformMatrix {
          -0.206132,-0.926388,-0.315143,0.000000,-0.901601,0.054641,0.429104,0.000000,-0.380297,0.372585,-0.846496,0.000000,-0.753033,-0.957160,0.028462,1.000000;;
         }

         Frame Bip01-R-UpperArm {
          

          FrameTransformMatrix {
           0.180180,0.478475,0.859417,0.000000,-0.849532,0.516105,-0.109231,0.000000,-0.495814,-0.710420,0.499472,0.000000,2.305936,0.000004,0.000000,1.000000;;
          }

          Frame Bip01-R-Forearm {
           

           FrameTransformMatrix {
            0.027071,-0.000000,-0.999634,0.000000,0.000000,1.000000,0.000000,0.000000,0.999634,0.000000,0.027071,0.000000,6.131233,0.000000,0.000002,1.000000;;
           }

           Frame Bip01-R-Hand {
            

            FrameTransformMatrix {
             0.978375,-0.206826,-0.002294,0.000000,-0.033829,-0.149060,-0.988249,0.000000,0.204053,0.966956,-0.152833,0.000000,6.144241,-0.000004,-0.000002,1.000000;;
            }

            Frame Bip01-R-Finger0 {
             

             FrameTransformMatrix {
              0.675627,0.299025,0.673878,0.000000,-0.573702,-0.360827,0.735303,0.000000,0.463028,-0.883396,-0.072233,0.000000,0.431655,0.683445,0.267916,1.000000;;
             }

             Frame Bip01-R-Finger01 {
              

              FrameTransformMatrix {
               0.970046,-0.000000,0.242919,0.000000,0.000000,1.000000,-0.000000,0.000000,-0.242919,0.000000,0.970047,0.000000,1.065219,-0.000001,-0.000004,1.000000;;
              }

              Frame Bip01-R-Finger02 {
               

               FrameTransformMatrix {
                0.952739,0.000000,0.303789,0.000000,-0.000000,1.000000,0.000000,0.000000,-0.303789,0.000000,0.952739,0.000000,0.739168,0.000003,0.000002,1.000000;;
               }

               Frame Bip01-R-Finger0Nub {
                

                FrameTransformMatrix {
                 -1.000000,-0.000000,-0.000690,0.000000,0.000000,1.000000,0.000000,0.000000,0.000690,0.000000,-1.000000,0.000000,0.862503,0.000002,0.000002,1.000000;;
                }
               }
              }
             }
            }

            Frame Bip01-R-Finger1 {
             

             FrameTransformMatrix {
              0.653163,-0.089182,0.751947,0.000000,-0.055818,0.984668,0.165267,0.000000,-0.755157,-0.149919,0.638171,0.000000,2.096304,0.862207,-0.077713,1.000000;;
             }

             Frame Bip01-R-Finger11 {
              

              FrameTransformMatrix {
               0.185394,0.000000,0.982665,0.000000,0.000000,1.000000,0.000000,0.000000,-0.982665,0.000000,0.185394,0.000000,1.331192,0.000002,-0.000003,1.000000;;
              }

              Frame Bip01-R-Finger12 {
               

               FrameTransformMatrix {
                0.782969,0.000000,0.622060,0.000000,-0.000000,1.000000,-0.000000,0.000000,-0.622060,-0.000000,0.782969,0.000000,0.723098,0.000002,0.000000,1.000000;;
               }

               Frame Bip01-R-Finger1Nub {
                

                FrameTransformMatrix {
                 -1.000000,0.000000,-0.000690,0.000000,0.000000,1.000000,0.000000,0.000000,0.000690,0.000000,-1.000000,0.000000,0.679667,0.000000,0.000000,1.000000;;
                }
               }
              }
             }
            }

            Frame Bip01-R-Finger2 {
             

             FrameTransformMatrix {
              0.619301,0.042455,0.784005,0.000000,-0.060790,0.998132,-0.006031,0.000000,-0.782797,-0.043925,0.620725,0.000000,2.179712,0.283314,-0.116974,1.000000;;
             }

             Frame Bip01-R-Finger21 {
              

              FrameTransformMatrix {
               0.148923,0.000000,0.988849,0.000000,0.000000,1.000000,-0.000000,0.000000,-0.988849,-0.000000,0.148923,0.000000,1.406763,-0.000004,0.000001,1.000000;;
              }

              Frame Bip01-R-Finger22 {
               

               FrameTransformMatrix {
                0.790226,-0.000000,0.612815,0.000000,-0.000000,1.000000,-0.000000,0.000000,-0.612815,-0.000000,0.790226,0.000000,0.840506,0.000002,-0.000002,1.000000;;
               }

               Frame Bip01-R-Finger2Nub {
                

                FrameTransformMatrix {
                 -1.000000,0.000000,0.000691,0.000000,0.000000,1.000000,0.000000,0.000000,-0.000691,0.000000,-1.000000,0.000000,0.664875,-0.000002,-0.000002,1.000000;;
                }
               }
              }
             }
            }

            Frame Bip01-R-Finger3 {
             

             FrameTransformMatrix {
              0.732886,0.089129,0.674488,0.000000,-0.025739,0.994304,-0.103423,0.000000,-0.679864,0.058437,0.731006,0.000000,2.073346,-0.186409,-0.130489,1.000000;;
             }

             Frame Bip01-R-Finger31 {
              

              FrameTransformMatrix {
               0.117907,0.000000,0.993025,0.000000,-0.000000,1.000000,-0.000000,0.000000,-0.993025,0.000000,0.117907,0.000000,1.365456,0.000004,0.000001,1.000000;;
              }

              Frame Bip01-R-Finger32 {
               

               FrameTransformMatrix {
                0.817321,-0.000000,0.576183,0.000000,-0.000000,1.000000,0.000000,0.000000,-0.576184,0.000000,0.817321,0.000000,0.768669,-0.000002,0.000000,1.000000;;
               }

               Frame Bip01-R-Finger3Nub {
                

                FrameTransformMatrix {
                 -1.000000,0.000000,0.000691,0.000000,-0.000000,1.000000,0.000000,0.000000,-0.000691,0.000000,-1.000000,0.000000,0.649357,0.000000,0.000004,1.000000;;
                }
               }
              }
             }
            }

            Frame Bip01-R-Finger4 {
             

             FrameTransformMatrix {
              0.815765,0.169492,0.552992,0.000000,-0.014546,0.961809,-0.273336,0.000000,-0.578200,0.214934,0.787075,0.000000,1.882346,-0.690611,0.070719,1.000000;;
             }

             Frame Bip01-R-Finger41 {
              

              FrameTransformMatrix {
               0.328464,-0.000000,0.944516,0.000000,-0.000000,1.000000,-0.000000,0.000000,-0.944517,0.000000,0.328464,0.000000,1.108315,-0.000002,-0.000003,1.000000;;
              }

              Frame Bip01-R-Finger42 {
               

               FrameTransformMatrix {
                0.702435,-0.000000,0.711748,0.000000,0.000000,1.000000,0.000000,0.000000,-0.711748,-0.000000,0.702435,0.000000,0.520343,0.000000,0.000000,1.000000;;
               }

               Frame Bip01-R-Finger4Nub {
                

                FrameTransformMatrix {
                 -1.000000,0.000000,-0.000690,0.000000,-0.000000,1.000000,-0.000000,0.000000,0.000690,-0.000000,-1.000000,0.000000,0.515338,-0.000002,0.000000,1.000000;;
                }
               }
              }
             }
            }

            Frame FxHand01 {
             

             FrameTransformMatrix {
              0.978375,-0.033829,0.204053,0.000000,-0.206826,-0.149060,0.966956,0.000000,-0.002295,-0.988249,-0.152834,0.000000,1.499999,-0.499998,1.999998,1.000000;;
             }
            }

            Frame R_Sword {
             

             FrameTransformMatrix {
              0.972494,-0.088342,0.215526,0.000000,0.101996,0.993369,-0.053057,0.000000,-0.209409,0.073581,0.975055,0.000000,-0.000001,-0.000002,0.000000,1.000000;;
             }
            }
           }

           Frame R_Elbow {
            

            FrameTransformMatrix {
             0.716623,0.000000,0.697461,0.000000,0.000000,1.000000,0.000000,0.000000,-0.697461,0.000000,0.716623,0.000000,0.000000,0.000000,0.000000,1.000000;;
            }
           }

           Frame Bip01-R-ForeTwist {
            

            FrameTransformMatrix {
             1.000000,0.000000,0.000000,0.000000,0.000000,0.997200,-0.074779,0.000000,0.000000,0.074779,0.997200,0.000000,0.000000,0.000000,0.000000,1.000000;;
            }
           }
          }

          Frame R_Shoulder {
           

           FrameTransformMatrix {
            0.767937,-0.539726,-0.344918,0.000000,0.333906,0.796862,-0.503505,0.000000,0.546607,0.271490,0.792158,0.000000,0.000000,0.000000,0.000000,1.000000;;
           }
          }

          Frame R_Shoulder_Twist {
           

           FrameTransformMatrix {
            1.000000,-0.000000,0.000000,0.000000,0.000000,0.970181,-0.242382,0.000000,0.000000,0.242382,0.970181,0.000000,0.000000,0.000000,0.000000,1.000000;;
           }
          }
         }
        }
       }

       Frame R_Breast {
        

        FrameTransformMatrix {
         0.063632,0.329529,-0.941999,0.000000,-0.003105,0.943973,0.330010,0.000000,0.997969,-0.018075,0.061090,0.000000,1.272745,-1.452000,1.209910,1.000000;;
        }
       }

       Frame L_Breast {
        

        FrameTransformMatrix {
         -0.063516,0.329530,0.942006,0.000000,0.003085,0.943972,-0.330010,0.000000,-0.997976,-0.018055,-0.060974,0.000000,1.272760,1.451767,1.209907,1.000000;;
        }
       }

       Frame L_spine3 {
        

        FrameTransformMatrix {
         0.984222,0.053364,-0.168700,0.000000,0.055215,-0.998455,0.006296,0.000000,-0.168103,-0.015511,-0.985647,0.000000,2.104034,3.093147,-0.411917,1.000000;;
        }
       }

       Frame R_spine3 {
        

        FrameTransformMatrix {
         0.985000,-0.054720,-0.163650,0.000000,-0.050346,-0.998258,0.030763,0.000000,-0.165048,-0.022062,-0.986039,0.000000,2.104042,-3.093148,-0.411909,1.000000;;
        }
       }
      }

      Frame FxCenter {
       

       FrameTransformMatrix {
        -0.081312,0.861437,0.501313,0.000000,0.996200,0.085987,0.013825,0.000000,-0.031197,0.500533,-0.865156,0.000000,1.000002,-0.000002,0.000000,1.000000;;
       }
      }

      Frame Weapon_Back {
       

       FrameTransformMatrix {
        -0.999294,-0.001121,-0.037550,0.000000,0.001121,-1.000000,0.000020,0.000000,-0.037550,-0.000022,0.999295,0.000000,4.711456,-0.000006,-2.809571,1.000000;;
       }
      }
     }
    }

    Frame Bip01-L-Thigh {
     

     FrameTransformMatrix {
      -0.946926,0.125497,-0.295943,0.000000,-0.132527,-0.991172,0.003733,0.000000,-0.292862,0.042755,0.955198,0.000000,-2.355776,2.566188,0.104820,1.000000;;
     }

     Frame Bip01-L-Calf {
      

      FrameTransformMatrix {
       0.984139,0.000000,-0.177398,0.000000,-0.000000,1.000000,0.000000,0.000000,0.177398,0.000000,0.984139,0.000000,10.047706,-0.000001,0.000000,1.000000;;
      }

      Frame Bip01-L-Foot {
       

       FrameTransformMatrix {
        0.928973,0.140179,0.342578,0.000000,-0.284540,0.862391,0.418711,0.000000,-0.236742,-0.486448,0.841024,0.000000,10.474942,0.000000,0.000002,1.000000;;
       }

       Frame Bip01-L-Toe0 {
        

        FrameTransformMatrix {
         -0.008660,0.046873,0.998864,0.000000,-0.053693,0.997438,-0.047272,0.000000,-0.998520,-0.054041,-0.006121,0.000000,3.213932,-0.000001,1.930074,1.000000;;
        }

        Frame Bip01-L-Toe0Nub {
         

         FrameTransformMatrix {
          -1.000000,0.000000,0.000691,0.000000,-0.000000,1.000000,-0.000000,0.000000,-0.000691,-0.000000,-1.000000,0.000000,1.879583,0.000001,0.000000,1.000000;;
         }
        }
       }
      }

      Frame L_Knee {
       

       FrameTransformMatrix {
        0.996029,0.000000,0.089026,0.000000,-0.000000,1.000000,-0.000000,0.000000,-0.089026,-0.000000,0.996029,0.000000,0.000000,0.000000,0.000000,1.000000;;
       }
      }

      Frame Bip01-LCalfTwist {
       

       FrameTransformMatrix {
        1.000000,-0.000000,0.000000,0.000000,-0.000000,0.974568,0.224093,0.000000,0.000000,-0.224093,0.974568,0.000000,0.000000,0.000000,0.000000,1.000000;;
       }
      }
     }

     Frame L_Thigh {
      

      FrameTransformMatrix {
       0.984767,0.064143,0.161618,0.000000,-0.070089,0.997048,0.031355,0.000000,-0.159130,-0.042205,0.986355,0.000000,0.000000,0.000000,0.000000,1.000000;;
      }
     }
    }

    Frame Bip01-R-Thigh {
     

     FrameTransformMatrix {
      -0.895439,-0.272262,0.352227,0.000000,0.306506,-0.950841,0.044232,0.000000,0.322868,0.147567,0.934869,0.000000,-2.355776,-2.566190,0.104834,1.000000;;
     }

     Frame Bip01-R-Calf {
      

      FrameTransformMatrix {
       0.673709,-0.000000,-0.738997,0.000000,-0.000000,1.000000,0.000000,0.000000,0.738996,0.000000,0.673709,0.000000,10.047700,-0.000000,0.000001,1.000000;;
      }

      Frame Bip01-R-Foot {
       

       FrameTransformMatrix {
        0.947685,-0.104016,0.301786,0.000000,0.181021,0.953821,-0.239702,0.000000,-0.262917,0.281792,0.922751,0.000000,10.474939,-0.000001,-0.000000,1.000000;;
       }

       Frame Bip01-R-Toe0 {
        

        FrameTransformMatrix {
         -0.050797,-0.008129,0.998676,0.000000,0.065694,0.997774,0.011463,0.000000,-0.996546,0.066189,-0.050150,0.000000,3.213933,0.000000,1.930074,1.000000;;
        }

        Frame Bip01-R-Toe0Nub {
         

         FrameTransformMatrix {
          1.000000,-0.000000,0.000000,0.000000,-0.000000,1.000000,-0.000000,0.000000,0.000000,-0.000000,1.000000,0.000000,1.879583,0.000000,0.000000,1.000000;;
         }
        }
       }
      }

      Frame R_Knee {
       

       FrameTransformMatrix {
        0.914801,-0.000000,0.403905,0.000000,-0.000000,1.000000,0.000000,0.000000,-0.403905,-0.000000,0.914801,0.000000,0.000002,0.000000,0.000000,1.000000;;
       }
      }

      Frame Bip01-RCalfTwist {
       

       FrameTransformMatrix {
        1.000000,-0.000000,0.000000,0.000000,0.000000,0.992437,-0.122757,0.000000,-0.000000,0.122757,0.992437,0.000000,0.000000,0.000000,0.000000,1.000000;;
       }
      }
     }

     Frame R_Thigh {
      

      FrameTransformMatrix {
       0.976555,-0.143886,-0.160117,0.000000,0.126873,0.985589,-0.111883,0.000000,0.173908,0.088945,0.980737,0.000000,0.000000,0.000000,0.000000,1.000000;;
      }
     }
    }

    Frame Skirt_Dummy {
     

     FrameTransformMatrix {
      -1.000000,0.000565,0.000797,0.000000,-0.000565,-1.000000,0.000000,0.000000,0.000797,-0.000000,1.000000,0.000000,-0.033834,-0.000002,-0.263520,1.000000;;
     }
    }
   }
  }
 }
}

Frame Human_F_L0_Body_Skel {
 

 FrameTransformMatrix {
  1.000000,0.000000,0.000000,0.000000,0.000000,1.000000,0.000000,0.000000,0.000000,0.000000,1.000000,0.000000,0.000000,0.000000,0.000000,1.000000;;
 }

 Mesh Human_F_L0_Body_Skel {
  3430;
  1.261141;21.168176;0.759803;,
  0.341643;21.996019;0.425893;,
  0.341643;21.996019;0.425893;,
  2.372465;33.429526;2.293155;,
  2.472019;33.276829;2.344959;,
  2.475092;33.372691;2.269211;,
  2.368767;33.544723;2.140648;,
  2.358642;33.317507;2.386485;,
  2.481781;33.212710;2.363332;,
  2.035494;33.736675;2.353824;,
  2.155159;33.832774;2.071265;,
  1.651396;33.964368;2.333427;,
  1.984630;33.517766;2.544975;,
  1.568826;33.673014;2.631224;,
  2.014143;33.287190;2.682495;,
  1.578326;33.361699;2.811229;,
  2.367441;33.231418;2.429735;,
  1.218148;32.888256;2.984081;,
  1.694120;32.999510;2.911879;,
  2.103675;33.125587;2.732357;,
  2.392321;33.141078;2.455982;,
  2.501798;33.150208;2.380002;,
  2.555717;33.179523;2.249599;,
  2.549227;33.205661;2.263852;,
  2.448680;33.030986;2.467483;,
  2.217731;32.880813;2.710400;,
  1.862397;32.642848;2.876718;,
  1.413089;32.352512;2.905506;,
  1.197950;32.273626;2.934437;,
  2.386263;32.646579;2.642368;,
  2.526421;32.908662;2.464412;,
  2.087076;32.302272;2.769108;,
  1.708621;31.902736;2.741726;,
  1.453565;31.810134;2.715155;,
  1.157234;31.730131;2.596905;,
  2.627995;32.810790;2.390030;,
  1.021845;31.479213;2.507941;,
  0.480418;31.653309;2.707910;,
  0.459374;31.561597;2.750373;,
  1.041103;31.674710;2.495663;,
  1.417072;31.460336;2.250858;,
  1.589295;31.454080;2.317297;,
  1.793398;31.512816;2.396296;,
  2.006455;31.702435;2.510013;,
  1.733949;31.350160;1.873802;,
  1.869394;31.340458;1.958757;,
  2.053812;31.405482;2.104889;,
  2.102117;31.341034;1.550459;,
  1.975405;31.343731;1.496964;,
  1.767375;30.841642;1.825213;,
  1.424024;30.852816;2.193445;,
  1.522840;30.160755;2.063051;,
  0.936935;30.407616;2.441748;,
  0.888792;29.715229;2.328045;,
  0.987749;31.133085;2.529678;,
  0.119684;30.076845;2.448547;,
  0.330529;30.935126;2.595339;,
  0.430833;31.418710;2.707451;,
  -0.237000;31.585885;2.718437;,
  -0.298592;31.182880;2.593275;,
  -0.366211;30.512557;2.406811;,
  0.038620;29.259571;2.433090;,
  -0.484542;28.395472;2.483708;,
  0.088163;28.142534;2.807482;,
  -0.557320;29.439654;2.216961;,
  -0.789279;30.867741;2.346970;,
  -0.876191;31.615104;2.548418;,
  -0.229961;31.683478;2.694565;,
  -1.028719;29.446483;1.825439;,
  0.619010;32.161603;2.788811;,
  -0.213717;31.951370;2.726309;,
  -0.937397;31.964141;2.575777;,
  -0.884348;31.707606;2.537033;,
  -0.903046;32.059597;2.677683;,
  -0.205623;32.055411;2.808207;,
  -0.190754;32.436787;2.866697;,
  -0.854436;32.800099;2.831276;,
  -0.195457;32.834797;2.868225;,
  0.368459;32.860845;2.894564;,
  0.762011;32.863530;2.992229;,
  0.916914;32.189747;2.840763;,
  0.970476;32.873440;3.003548;,
  0.899687;33.367459;2.938898;,
  1.144395;33.377552;2.878084;,
  1.150062;33.791341;2.673561;,
  0.880959;33.940381;2.707787;,
  1.468313;34.083466;2.342115;,
  1.285231;34.202563;2.350803;,
  1.652354;34.287472;1.852315;,
  1.444742;34.410128;1.859743;,
  1.886002;34.212573;1.313728;,
  1.849676;34.148624;1.839210;,
  2.275568;33.840477;1.761852;,
  2.059345;34.076045;1.518922;,
  1.807243;34.130221;1.961235;,
  2.660429;33.248218;1.857897;,
  2.576156;33.475277;1.758912;,
  2.517972;33.446118;1.855780;,
  2.332032;33.684352;1.865547;,
  2.200864;33.847680;1.858166;,
  2.568420;33.289440;2.108752;,
  2.651330;33.255190;1.943661;,
  2.545298;33.398173;1.949832;,
  2.440115;33.565670;1.966291;,
  2.464525;33.467584;2.148951;,
  2.536944;33.274429;2.228164;,
  2.536718;33.313309;2.185858;,
  2.485660;33.472614;2.039499;,
  2.542559;33.318202;2.141453;,
  2.593158;33.245034;2.102442;,
  2.543338;33.232854;2.253618;,
  2.613273;33.208496;2.105081;,
  2.798074;32.909344;2.067549;,
  2.642655;33.089654;2.192382;,
  2.769303;32.887965;2.163930;,
  2.647086;33.105235;2.159783;,
  2.643204;33.133549;2.131404;,
  2.635549;33.158397;2.117289;,
  2.744901;33.134733;1.938269;,
  2.724403;32.885517;2.266188;,
  2.629928;33.086790;2.227506;,
  2.612289;33.097859;2.255384;,
  2.667352;32.919149;2.342678;,
  2.709836;32.762326;2.287332;,
  2.595249;32.987402;2.391880;,
  2.540031;33.073658;2.393451;,
  2.590371;33.121952;2.272125;,
  2.568786;33.150858;2.263039;,
  -0.596323;36.544848;1.402777;,
  0.014225;36.372310;0.793017;,
  -0.449651;36.754336;0.912819;,
  -0.860564;37.299149;1.103413;,
  -0.998118;37.027728;1.483839;,
  -0.714939;36.612333;2.045479;,
  -1.040786;36.846538;2.045767;,
  -1.167016;38.030061;1.093649;,
  -1.268972;37.600240;1.192389;,
  -1.377037;37.255853;1.327959;,
  -1.546332;36.941075;2.086109;,
  -1.529832;36.726794;2.753798;,
  -1.084224;36.758701;2.650927;,
  -0.700854;36.653811;2.613093;,
  -0.409438;36.529331;2.049578;,
  -0.420501;36.469571;2.580807;,
  -0.133919;36.305782;2.022699;,
  0.083330;36.256381;1.465828;,
  0.336958;35.889706;1.545361;,
  0.483491;35.872832;0.979014;,
  0.876854;35.306048;0.973383;,
  0.917439;35.284051;0.544054;,
  1.189543;34.779622;0.755917;,
  1.243485;34.755190;0.403094;,
  1.462096;34.282621;0.276812;,
  -0.234276;36.449178;1.439192;,
  0.315350;36.209622;0.930332;,
  0.522028;35.811802;0.397394;,
  0.433125;36.203021;0.410032;,
  0.361449;35.948246;0.000000;,
  0.538039;35.679133;0.000000;,
  0.894274;35.230650;0.000000;,
  1.173409;34.776080;-0.000000;,
  1.427728;34.299581;-0.000000;,
  -0.096999;37.879475;0.579142;,
  0.021689;37.054272;0.000000;,
  0.147965;37.824310;0.000000;,
  -0.046970;37.033926;0.358652;,
  0.076198;36.222448;0.000000;,
  0.067409;36.376234;0.334808;,
  -0.230153;36.926086;0.601610;,
  -0.588133;37.884106;0.923033;,
  -0.622233;38.482669;1.007135;,
  0.088563;38.185971;0.376280;,
  0.227297;38.076144;0.000000;,
  -0.156191;38.405917;0.700439;,
  -0.668703;38.924358;1.107483;,
  -1.157172;38.986384;1.067444;,
  -1.123321;38.572541;1.045326;,
  2.931911;32.737402;1.587097;,
  2.919602;32.524557;1.468530;,
  2.947750;32.716829;1.450730;,
  2.904571;32.468707;1.163054;,
  2.862823;33.028045;1.690554;,
  2.926947;32.942445;1.449529;,
  2.879972;32.653178;1.025951;,
  2.705734;32.511798;0.683680;,
  2.745330;32.299296;0.771978;,
  2.512038;32.428762;0.465588;,
  2.833003;32.864560;0.974399;,
  2.863775;33.103498;1.426373;,
  2.773755;33.053142;0.966078;,
  2.644119;32.751872;0.600653;,
  2.458485;32.685482;0.392060;,
  2.306484;32.621898;0.233949;,
  2.326463;32.350995;0.301645;,
  2.148920;32.587926;0.129177;,
  2.113397;32.843859;0.062366;,
  2.251606;32.874995;0.194256;,
  2.406545;32.930653;0.350679;,
  2.578038;32.978458;0.581799;,
  2.710114;33.230538;0.972395;,
  2.518661;33.193318;0.581430;,
  2.352735;33.166736;0.347808;,
  2.184581;33.130352;0.168920;,
  2.030577;33.105338;0.041687;,
  2.042465;33.416880;0.183720;,
  1.875502;33.386563;0.045227;,
  1.871799;33.374240;-0.000000;,
  2.039557;33.086787;-0.000000;,
  2.121063;32.830592;-0.000000;,
  2.154264;32.571139;-0.000000;,
  1.702798;33.674291;-0.000000;,
  1.580280;33.986659;-0.000000;,
  1.587712;33.978634;0.165308;,
  1.725412;33.675952;0.075463;,
  1.862811;33.698150;0.253951;,
  2.065950;33.714627;0.471008;,
  2.228260;33.439456;0.399734;,
  2.132917;33.959338;0.900488;,
  1.905601;34.007053;0.616467;,
  1.720933;33.992864;0.395534;,
  1.563547;34.300365;0.589101;,
  1.701227;34.332691;1.108250;,
  1.150091;34.805066;1.232504;,
  0.806695;35.315011;1.438616;,
  1.044328;34.758576;1.834743;,
  0.650655;35.316003;1.933613;,
  0.190101;35.888368;1.916146;,
  0.055011;35.887136;2.257221;,
  -0.037146;35.941485;2.780600;,
  0.791186;34.445430;2.455992;,
  0.234485;35.278682;2.628452;,
  0.136062;35.288182;3.043278;,
  0.376703;34.554835;2.978518;,
  0.653855;34.098653;2.773626;,
  0.696449;33.376445;2.914478;,
  0.290618;33.325622;2.857948;,
  -0.292921;33.322326;2.816593;,
  0.261540;34.008102;2.765594;,
  -0.512347;34.019402;2.792624;,
  0.004436;34.231190;3.039831;,
  0.208903;34.778154;3.121061;,
  -0.223658;34.411808;3.173599;,
  -0.525590;34.292797;3.192411;,
  -0.954611;34.087741;3.229086;,
  -0.903125;33.847658;2.804319;,
  2.381647;31.234454;-0.099798;,
  2.444360;31.278019;-0.050836;,
  2.412325;31.208038;-0.051598;,
  2.428744;31.296851;-0.105329;,
  2.472954;31.385613;-0.097320;,
  2.436931;31.329344;-0.140433;,
  2.460261;31.354458;-0.044128;,
  2.397413;31.153850;-0.038987;,
  2.382166;31.160326;-0.057544;,
  2.417425;31.180211;-0.000081;,
  2.446151;31.259936;-0.000081;,
  2.455292;31.334970;-0.000081;,
  2.420059;31.433082;-0.038380;,
  2.433594;31.469821;-0.080177;,
  2.367352;31.508432;-0.070940;,
  2.356246;31.475184;-0.034827;,
  2.395271;31.107219;-0.000081;,
  2.404210;31.133104;-0.000081;,
  2.412116;31.414019;-0.000081;,
  2.349398;31.457709;-0.000081;,
  2.309412;31.430723;-0.036157;,
  2.310628;31.467373;-0.077525;,
  2.309414;31.503587;-0.129064;,
  2.308152;31.412666;-0.000081;,
  2.442571;31.503773;-0.128906;,
  2.373459;31.537997;-0.109766;,
  2.375919;31.574538;-0.147449;,
  2.307192;31.549434;-0.180440;,
  2.305725;31.616294;-0.220912;,
  2.447212;31.547843;-0.177370;,
  2.444264;31.779478;-0.218487;,
  2.373113;31.822115;-0.137941;,
  2.373680;31.761952;-0.179536;,
  2.303207;31.779549;-0.218533;,
  2.374763;31.693539;-0.195074;,
  2.304476;31.695802;-0.237857;,
  2.375964;31.628726;-0.180134;,
  2.447621;31.614986;-0.218482;,
  2.481348;31.497568;-0.236358;,
  2.478473;31.699021;-0.317539;,
  2.445843;31.695456;-0.237165;,
  2.481194;31.589130;-0.292717;,
  2.446241;31.563098;-0.367036;,
  2.474582;31.911235;-0.225380;,
  2.475953;31.812570;-0.292714;,
  2.439456;31.845869;-0.367664;,
  2.437589;31.970128;-0.283825;,
  2.438416;32.052368;-0.153678;,
  2.475161;31.976598;-0.121853;,
  2.368963;32.000563;-0.313996;,
  2.371032;31.863078;-0.406262;,
  2.369885;32.091504;-0.170135;,
  2.442832;31.702531;-0.398298;,
  2.374685;31.704438;-0.440046;,
  2.304470;31.845894;-0.367380;,
  2.302839;31.970160;-0.283356;,
  2.303582;32.052390;-0.153363;,
  2.378180;31.550070;-0.405726;,
  2.307337;31.702848;-0.398911;,
  2.309988;31.564358;-0.369334;,
  2.380314;31.422198;-0.328215;,
  2.447385;31.447434;-0.296425;,
  2.444994;31.375293;-0.210451;,
  2.476940;31.438883;-0.167494;,
  2.312790;31.448970;-0.299340;,
  2.316914;31.375043;-0.210634;,
  2.381030;31.343014;-0.233540;,
  2.381132;31.296547;-0.154593;,
  2.318241;31.326749;-0.137756;,
  2.318857;31.293424;-0.116069;,
  2.381127;31.267322;-0.124043;,
  2.321030;31.268877;-0.048520;,
  2.356712;31.195946;-0.050887;,
  2.353565;31.159405;-0.000081;,
  2.369402;31.131555;-0.024629;,
  2.367119;31.106285;-0.000081;,
  2.375221;31.103456;-0.015692;,
  2.373451;31.091792;-0.000081;,
  2.379738;31.073859;-0.000081;,
  2.382546;31.089066;-0.011245;,
  2.388870;31.088157;-0.000081;,
  2.320638;31.248461;-0.000081;,
  2.381772;31.118051;-0.032075;,
  2.392043;31.116458;-0.023324;,
  2.443813;31.901712;-0.090743;,
  2.373380;31.862147;-0.074488;,
  2.443439;31.852928;-0.167985;,
  2.302508;31.853030;-0.167940;,
  2.302839;31.901837;-0.090702;,
  2.374319;31.877133;-0.000081;,
  2.445154;31.919926;-0.000081;,
  2.477276;32.000915;-0.000081;,
  2.304007;31.920051;-0.000081;,
  2.373181;32.125325;-0.000081;,
  2.441388;32.082947;-0.000081;,
  2.306217;32.082970;-0.000081;,
  2.444363;31.278016;0.050674;,
  2.417425;31.180211;-0.000081;,
  2.446151;31.259936;-0.000081;,
  2.455292;31.334970;-0.000081;,
