xof 0303txt 0032
template ColorRGBA {
 <35ff44e0-6c7c-11cf-8f52-0040333594a3>
 FLOAT red;
 FLOAT green;
 FLOAT blue;
 FLOAT alpha;
}

template ColorRGB {
 <d3e16e81-7835-11cf-8f52-0040333594a3>
 FLOAT red;
 FLOAT green;
 FLOAT blue;
}

template Material {
 <3d82ab4d-62da-11cf-ab39-0020af71e433>
 ColorRGBA faceColor;
 FLOAT power;
 ColorRGB specularColor;
 ColorRGB emissiveColor;
 [...]
}

template TextureFilename {
 <a42790e1-7810-11cf-8f52-0040333594a3>
 STRING filename;
}

template Frame {
 <3d82ab46-62da-11cf-ab39-0020af71e433>
 [...]
}

template Matrix4x4 {
 <f6f23f45-7686-11cf-8f52-0040333594a3>
 array FLOAT matrix[16];
}

template FrameTransformMatrix {
 <f6f23f41-7686-11cf-8f52-0040333594a3>
 Matrix4x4 frameMatrix;
}

template Vector {
 <3d82ab5e-62da-11cf-ab39-0020af71e433>
 FLOAT x;
 FLOAT y;
 FLOAT z;
}

template MeshFace {
 <3d82ab5f-62da-11cf-ab39-0020af71e433>
 DWORD nFaceVertexIndices;
 array DWORD faceVertexIndices[nFaceVertexIndices];
}

template Mesh {
 <3d82ab44-62da-11cf-ab39-0020af71e433>
 DWORD nVertices;
 array Vector vertices[nVertices];
 DWORD nFaces;
 array MeshFace faces[nFaces];
 [...]
}

template MeshNormals {
 <f6f23f43-7686-11cf-8f52-0040333594a3>
 DWORD nNormals;
 array Vector normals[nNormals];
 DWORD nFaceNormals;
 array MeshFace faceNormals[nFaceNormals];
}

template MeshMaterialList {
 <f6f23f42-7686-11cf-8f52-0040333594a3>
 DWORD nMaterials;
 DWORD nFaceIndexes;
 array DWORD faceIndexes[nFaceIndexes];
 [Material <3d82ab4d-62da-11cf-ab39-0020af71e433>]
}

template Coords2d {
 <f6f23f44-7686-11cf-8f52-0040333594a3>
 FLOAT u;
 FLOAT v;
}

template MeshTextureCoords {
 <f6f23f40-7686-11cf-8f52-0040333594a3>
 DWORD nTextureCoords;
 array Coords2d textureCoords[nTextureCoords];
}

template XSkinMeshHeader {
 <3cf169ce-ff7c-44ab-93c0-f78f62d172e2>
 WORD nMaxSkinWeightsPerVertex;
 WORD nMaxSkinWeightsPerFace;
 WORD nBones;
}

template SkinWeights {
 <6f0d123b-bad2-4167-a0d0-80224f25fabb>
 STRING transformNodeName;
 DWORD nWeights;
 array DWORD vertexIndices[nWeights];
 array FLOAT weights[nWeights];
 Matrix4x4 matrixOffset;
}

template AnimTicksPerSecond {
 <9e415a43-7ba6-4a73-8743-b73d47e88476>
 DWORD AnimTicksPerSecond;
}

template Animation {
 <3d82ab4f-62da-11cf-ab39-0020af71e433>
 [...]
}

template AnimationSet {
 <3d82ab50-62da-11cf-ab39-0020af71e433>
 [Animation <3d82ab4f-62da-11cf-ab39-0020af71e433>]
}

template FloatKeys {
 <10dd46a9-775b-11cf-8f52-0040333594a3>
 DWORD nValues;
 array FLOAT values[nValues];
}

template TimedFloatKeys {
 <f406b180-7b3b-11cf-8f52-0040333594a3>
 DWORD time;
 FloatKeys tfkeys;
}

template AnimationKey {
 <10dd46a8-775b-11cf-8f52-0040333594a3>
 DWORD keyType;
 DWORD nKeys;
 array TimedFloatKeys keys[nKeys];
}


Material Material__35 {
 1.000000;1.000000;1.000000;1.000000;;
 10.000000;
 0.000000;0.000000;0.000000;;
 0.000000;0.000000;0.000000;;

 TextureFilename {
  "Human_F_L0_Body_diff.dds";
 }
}

Frame Dummy_root {
 

 FrameTransformMatrix {
  1.000000,0.000000,0.000000,0.000000,0.000000,1.000000,0.000000,0.000000,0.000000,-0.000000,1.000000,0.000000,0.000000,23.000000,0.000000,1.000000;;
 }

 Frame FxBottom {
  

  FrameTransformMatrix {
   1.000000,0.000000,0.000000,0.000000,0.000000,1.000000,0.000000,0.000000,0.000000,-0.000000,1.000000,0.000000,0.000000,-23.000000,-0.000000,1.000000;;
  }
 }

 Frame Bip01 {
  

  FrameTransformMatrix {
   0.743149,0.076816,-0.664702,0.000000,-0.119785,0.992614,-0.019211,0.000000,0.658317,0.093898,0.746862,0.000000,-0.194762,0.659397,-0.000000,1.000000;;
  }

  Frame Bip01-Pelvis {
   

   FrameTransformMatrix {
    0.000360,0.999999,-0.001584,0.000000,0.003483,0.001582,0.999993,0.000000,0.999994,-0.000365,-0.003483,0.000000,0.000000,0.000000,0.000000,1.000000;;
   }

   Frame Bip01-Spine {
    

    FrameTransformMatrix {
     0.999999,0.001527,0.000425,0.000000,-0.001525,0.999993,-0.003479,0.000000,-0.000430,0.003479,0.999994,0.000000,2.358109,0.000005,-0.000990,1.000000;;
    }

    Frame Bip01-Spine1 {
     

     FrameTransformMatrix {
      0.999980,-0.005495,0.003042,0.000000,0.004836,0.982681,0.185243,0.000000,-0.004007,-0.185224,0.982688,0.000000,0.209326,0.000000,-0.002767,1.000000;;
     }

     Frame Bip01-Spine2 {
      

      FrameTransformMatrix {
       0.999212,0.028024,0.028117,0.000000,-0.031525,0.990613,0.133016,0.000000,-0.024125,-0.133797,0.990715,0.000000,3.478327,0.000001,-0.001152,1.000000;;
      }

      Frame Bip01-Spine3 {
       

       FrameTransformMatrix {
        0.980994,0.038372,-0.190205,0.000000,-0.032815,0.998940,0.032279,0.000000,0.191242,-0.025424,0.981214,0.000000,1.456825,-0.000000,-0.004310,1.000000;;
       }

       Frame Bip01-Neck {
        

        FrameTransformMatrix {
         0.917148,0.138020,0.373886,0.000000,0.024337,0.916975,-0.398201,0.000000,-0.397804,0.374308,0.837643,0.000000,5.539906,-0.000000,-0.690875,1.000000;;
        }

        Frame Bip01-Head {
         

         FrameTransformMatrix {
          0.976207,0.124348,0.177646,0.000000,-0.019787,0.866906,-0.498080,0.000000,-0.215938,0.482714,0.848739,0.000000,2.474251,-0.000000,0.000000,1.000000;;
         }

         Frame Bip01-HeadNub {
          

          FrameTransformMatrix {
           1.000000,0.000000,0.000000,0.000000,-0.000000,1.000000,0.000000,0.000000,0.000000,0.000000,1.000000,0.000000,4.628929,0.000001,-0.000002,1.000000;;
          }
         }

         Frame FxTop {
          

          FrameTransformMatrix {
           0.370706,0.154322,0.915839,0.000000,0.920058,0.073578,-0.384812,0.000000,-0.126771,0.985277,-0.114710,0.000000,4.500027,-0.000002,0.000000,1.000000;;
          }
         }
        }

        Frame Bip01-L-Clavicle {
         

         FrameTransformMatrix {
          0.128723,0.915306,0.381635,0.000000,0.918347,0.035214,-0.394207,0.000000,-0.374259,0.401217,-0.836035,0.000000,-0.753037,0.957158,0.028458,1.000000;;
         }

         Frame Bip01-L-UpperArm {
          

          FrameTransformMatrix {
           0.893179,-0.428111,-0.137669,0.000000,0.365585,0.869520,-0.332089,0.000000,0.261877,0.246285,0.933147,0.000000,2.305935,-0.000004,-0.000000,1.000000;;
          }

          Frame Bip01-L-Forearm {
           

           FrameTransformMatrix {
            0.999414,0.000000,-0.034237,0.000000,0.000000,1.000000,0.000000,0.000000,0.034237,-0.000000,0.999414,0.000000,6.131233,0.000000,0.000000,1.000000;;
           }

           Frame Bip01-L-Hand {
            

            FrameTransformMatrix {
             0.982457,0.098835,0.158145,0.000000,-0.109517,-0.380608,0.918228,0.000000,0.150944,-0.919440,-0.363107,0.000000,6.144242,-0.000004,-0.000002,1.000000;;
            }

            Frame Bip01-L-Finger0 {
             

             FrameTransformMatrix {
              0.671256,-0.301159,0.677288,0.000000,0.578680,-0.358073,-0.732744,0.000000,0.463191,0.883792,-0.066084,0.000000,0.431653,-0.683446,0.267918,1.000000;;
             }

             Frame Bip01-L-Finger01 {
              

              FrameTransformMatrix {
               0.970493,-0.000000,0.241129,0.000000,-0.000000,1.000000,0.000000,0.000000,-0.241129,0.000000,0.970493,0.000000,1.065219,0.000006,-0.000002,1.000000;;
              }

              Frame Bip01-L-Finger02 {
               

               FrameTransformMatrix {
                0.949998,-0.000000,0.312255,0.000000,0.000000,1.000000,-0.000000,0.000000,-0.312255,0.000000,0.949999,0.000000,0.739168,0.000002,-0.000001,1.000000;;
               }

               Frame Bip01-L-Finger0Nub {
                

                FrameTransformMatrix {
                 1.000000,0.000000,-0.000000,0.000000,0.000000,1.000000,0.000000,0.000000,0.000000,-0.000000,1.000000,0.000000,0.862504,0.000002,0.000001,1.000000;;
                }
               }
              }
             }
            }

            Frame Bip01-L-Finger1 {
             

             FrameTransformMatrix {
              0.653163,0.089182,0.751948,0.000000,0.055818,0.984668,-0.165267,0.000000,-0.755157,0.149919,0.638171,0.000000,2.096304,-0.862207,-0.077717,1.000000;;
             }

             Frame Bip01-L-Finger11 {
              

              FrameTransformMatrix {
               0.185394,-0.000000,0.982665,0.000000,0.000000,1.000000,-0.000000,0.000000,-0.982665,-0.000000,0.185394,0.000000,1.331192,-0.000001,0.000000,1.000000;;
              }

              Frame Bip01-L-Finger12 {
               

               FrameTransformMatrix {
                0.782969,0.000000,0.622061,0.000000,-0.000000,1.000000,0.000000,0.000000,-0.622061,-0.000000,0.782969,0.000000,0.723099,0.000001,0.000001,1.000000;;
               }

               Frame Bip01-L-Finger1Nub {
                

                FrameTransformMatrix {
                 1.000000,-0.000000,0.000000,0.000000,0.000000,1.000000,0.000000,0.000000,0.000000,0.000000,1.000000,0.000000,0.679665,0.000000,0.000002,1.000000;;
                }
               }
              }
             }
            }

            Frame Bip01-L-Finger2 {
             

             FrameTransformMatrix {
              0.576645,-0.041121,0.815960,0.000000,0.061188,0.998102,0.007058,0.000000,-0.814700,0.045857,0.578066,0.000000,2.179712,-0.283318,-0.116974,1.000000;;
             }

             Frame Bip01-L-Finger21 {
              

              FrameTransformMatrix {
               0.149162,0.000000,0.988813,0.000000,0.000000,1.000000,0.000000,0.000000,-0.988813,0.000000,0.149162,0.000000,1.406769,-0.000001,0.000000,1.000000;;
              }

              Frame Bip01-L-Finger22 {
               

               FrameTransformMatrix {
                0.782728,-0.000000,0.622364,0.000000,-0.000000,1.000000,-0.000000,0.000000,-0.622364,0.000000,0.782728,0.000000,0.840511,-0.000001,0.000000,1.000000;;
               }

               Frame Bip01-L-Finger2Nub {
                

                FrameTransformMatrix {
                 1.000000,-0.000000,0.000000,0.000000,-0.000000,1.000000,0.000000,0.000000,0.000000,0.000000,1.000000,0.000000,0.664878,0.000000,0.000004,1.000000;;
                }
               }
              }
             }
            }

            Frame Bip01-L-Finger3 {
             

             FrameTransformMatrix {
              0.596636,-0.100627,0.796179,0.000000,0.026522,0.994038,0.105759,0.000000,-0.802074,-0.041983,0.595747,0.000000,2.073346,0.186409,-0.130493,1.000000;;
             }

             Frame Bip01-L-Finger31 {
              

              FrameTransformMatrix {
               0.127689,-0.000000,0.991814,0.000000,0.000000,1.000000,0.000000,0.000000,-0.991814,-0.000000,0.127689,0.000000,1.365458,0.000002,-0.000004,1.000000;;
              }

              Frame Bip01-L-Finger32 {
               

               FrameTransformMatrix {
                0.836560,0.000000,0.547875,0.000000,-0.000000,1.000000,0.000000,0.000000,-0.547875,-0.000000,0.836560,0.000000,0.768669,-0.000002,0.000002,1.000000;;
               }

               Frame Bip01-L-Finger3Nub {
                

                FrameTransformMatrix {
                 1.000000,-0.000000,0.000000,0.000000,-0.000000,1.000000,0.000000,0.000000,0.000000,0.000000,1.000000,0.000000,0.649355,-0.000001,0.000000,1.000000;;
                }
               }
              }
             }
            }

            Frame Bip01-L-Finger4 {
             

             FrameTransformMatrix {
              0.680320,-0.211799,0.701645,0.000000,0.013198,0.960720,0.277206,0.000000,-0.732796,-0.179328,0.656393,0.000000,1.882342,0.690610,0.070713,1.000000;;
             }

             Frame Bip01-L-Finger41 {
              

              FrameTransformMatrix {
               0.479562,-0.000000,0.877508,0.000000,0.000000,1.000000,0.000000,0.000000,-0.877508,0.000000,0.479562,0.000000,1.108314,0.000000,0.000002,1.000000;;
              }

              Frame Bip01-L-Finger42 {
               

               FrameTransformMatrix {
                0.644536,0.000000,0.764574,0.000000,-0.000000,1.000000,-0.000000,0.000000,-0.764574,-0.000000,0.644536,0.000000,0.520342,0.000000,0.000001,1.000000;;
               }

               Frame Bip01-L-Finger4Nub {
                

                FrameTransformMatrix {
                 1.000000,0.000000,0.000000,0.000000,-0.000000,1.000000,0.000000,0.000000,0.000000,-0.000000,1.000000,0.000000,0.515339,0.000000,0.000000,1.000000;;
                }
               }
              }
             }
            }

            Frame FxHand00 {
             

             FrameTransformMatrix {
              0.982457,-0.109517,0.150944,0.000000,0.098835,-0.380608,-0.919440,0.000000,0.158145,0.918229,-0.363107,0.000000,1.500002,0.499999,1.999994,1.000000;;
             }
            }

            Frame L_Sword {
             

             FrameTransformMatrix {
              0.998475,-0.054365,0.009625,0.000000,-0.054842,-0.996732,0.059314,0.000000,0.006369,-0.059751,-0.998193,0.000000,0.000000,0.000000,0.000000,1.000000;;
             }
            }
           }

           Frame L_Elbow {
            

            FrameTransformMatrix {
             0.999854,0.000000,0.017090,0.000000,-0.000000,1.000000,0.000000,0.000000,-0.017090,-0.000000,0.999854,0.000000,0.000000,0.000000,0.000000,1.000000;;
            }
           }

           Frame L_Shield {
            

            FrameTransformMatrix {
             0.767017,0.101899,-0.633484,0.000000,0.148861,0.932108,0.330174,0.000000,0.624120,-0.347550,0.699773,0.000000,2.500004,2.499996,-0.000001,1.000000;;
            }
           }

           Frame Bip01-L-ForeTwist {
            

            FrameTransformMatrix {
             1.000000,0.000000,0.000000,0.000000,0.000000,0.980758,0.195227,0.000000,0.000000,-0.195227,0.980758,0.000000,0.000000,0.000000,0.000000,1.000000;;
            }
           }
          }

          Frame L_Shoulder {
           

           FrameTransformMatrix {
            0.972931,0.185676,0.137587,0.000000,-0.221116,0.921026,0.320655,0.000000,-0.067183,-0.342398,0.937150,0.000000,0.000000,0.000000,0.000000,1.000000;;
           }
          }

          Frame L_Shoulder_Twist {
           

           FrameTransformMatrix {
            1.000000,0.000000,-0.000000,0.000000,-0.000000,0.972789,0.231691,0.000000,-0.000000,-0.231691,0.972789,0.000000,0.000000,0.000000,0.000000,1.000000;;
           }
          }
         }
        }

        Frame Bip01-R-Clavicle {
         

         FrameTransformMatrix {
          -0.206132,-0.926388,-0.315143,0.000000,-0.901601,0.054641,0.429104,0.000000,-0.380297,0.372585,-0.846496,0.000000,-0.753033,-0.957160,0.028463,1.000000;;
         }

         Frame Bip01-R-UpperArm {
          

          FrameTransformMatrix {
           0.180180,0.478475,0.859417,0.000000,-0.849532,0.516105,-0.109231,0.000000,-0.495814,-0.710420,0.499472,0.000000,2.305936,0.000004,0.000000,1.000000;;
          }

          Frame Bip01-R-Forearm {
           

           FrameTransformMatrix {
            0.027071,-0.000000,-0.999634,0.000000,0.000000,1.000000,0.000000,0.000000,0.999634,0.000000,0.027071,0.000000,6.131231,-0.000002,0.000000,1.000000;;
           }

           Frame Bip01-R-Hand {
            

            FrameTransformMatrix {
             0.978375,-0.206826,-0.002294,0.000000,-0.033829,-0.149060,-0.988249,0.000000,0.204053,0.966956,-0.152833,0.000000,6.144241,-0.000004,-0.000002,1.000000;;
            }

            Frame Bip01-R-Finger0 {
             

             FrameTransformMatrix {
              0.675627,0.299025,0.673878,0.000000,-0.573702,-0.360827,0.735303,0.000000,0.463028,-0.883396,-0.072233,0.000000,0.431655,0.683445,0.267916,1.000000;;
             }

             Frame Bip01-R-Finger01 {
              

              FrameTransformMatrix {
               0.970046,-0.000000,0.242919,0.000000,0.000000,1.000000,-0.000000,0.000000,-0.242919,0.000000,0.970047,0.000000,1.065219,-0.000001,-0.000004,1.000000;;
              }

              Frame Bip01-R-Finger02 {
               

               FrameTransformMatrix {
                0.952739,0.000000,0.303789,0.000000,-0.000000,1.000000,0.000000,0.000000,-0.303789,0.000000,0.952739,0.000000,0.739166,0.000003,0.000000,1.000000;;
               }

               Frame Bip01-R-Finger0Nub {
                

                FrameTransformMatrix {
                 -1.000000,-0.000000,-0.000690,0.000000,0.000000,1.000000,0.000000,0.000000,0.000690,0.000000,-1.000000,0.000000,0.862501,0.000002,0.000000,1.000000;;
                }
               }
              }
             }
            }

            Frame Bip01-R-Finger1 {
             

             FrameTransformMatrix {
              0.653163,-0.089182,0.751947,0.000000,-0.055818,0.984668,0.165267,0.000000,-0.755157,-0.149919,0.638171,0.000000,2.096304,0.862207,-0.077713,1.000000;;
             }

             Frame Bip01-R-Finger11 {
              

              FrameTransformMatrix {
               0.185394,0.000000,0.982665,0.000000,0.000000,1.000000,0.000000,0.000000,-0.982665,0.000000,0.185394,0.000000,1.331194,-0.000002,-0.000002,1.000000;;
              }

              Frame Bip01-R-Finger12 {
               

               FrameTransformMatrix {
                0.782969,0.000000,0.622060,0.000000,-0.000000,1.000000,-0.000000,0.000000,-0.622060,-0.000000,0.782969,0.000000,0.723098,0.000002,0.000000,1.000000;;
               }

               Frame Bip01-R-Finger1Nub {
                

                FrameTransformMatrix {
                 -1.000000,0.000000,-0.000690,0.000000,0.000000,1.000000,0.000000,0.000000,0.000690,0.000000,-1.000000,0.000000,0.679666,-0.000002,-0.000002,1.000000;;
                }
               }
              }
             }
            }

            Frame Bip01-R-Finger2 {
             

             FrameTransformMatrix {
              0.619301,0.042455,0.784005,0.000000,-0.060790,0.998132,-0.006031,0.000000,-0.782797,-0.043925,0.620725,0.000000,2.179712,0.283314,-0.116974,1.000000;;
             }

             Frame Bip01-R-Finger21 {
              

              FrameTransformMatrix {
               0.148923,0.000000,0.988849,0.000000,0.000000,1.000000,-0.000000,0.000000,-0.988849,-0.000000,0.148923,0.000000,1.406761,-0.000002,0.000000,1.000000;;
              }

              Frame Bip01-R-Finger22 {
               

               FrameTransformMatrix {
                0.790226,-0.000000,0.612815,0.000000,-0.000000,1.000000,-0.000000,0.000000,-0.612815,-0.000000,0.790226,0.000000,0.840506,-0.000002,0.000000,1.000000;;
               }

               Frame Bip01-R-Finger2Nub {
                

                FrameTransformMatrix {
                 -1.000000,0.000000,0.000691,0.000000,0.000000,1.000000,0.000000,0.000000,-0.000691,0.000000,-1.000000,0.000000,0.664875,0.000002,0.000002,1.000000;;
                }
               }
              }
             }
            }

            Frame Bip01-R-Finger3 {
             

             FrameTransformMatrix {
              0.732886,0.089129,0.674488,0.000000,-0.025739,0.994304,-0.103423,0.000000,-0.679864,0.058437,0.731006,0.000000,2.073346,-0.186409,-0.130489,1.000000;;
             }

             Frame Bip01-R-Finger31 {
              

              FrameTransformMatrix {
               0.117907,0.000000,0.993025,0.000000,-0.000000,1.000000,-0.000000,0.000000,-0.993025,0.000000,0.117907,0.000000,1.365456,0.000004,0.000001,1.000000;;
              }

              Frame Bip01-R-Finger32 {
               

               FrameTransformMatrix {
                0.817321,-0.000000,0.576183,0.000000,-0.000000,1.000000,0.000000,0.000000,-0.576184,0.000000,0.817321,0.000000,0.768669,-0.000002,0.000000,1.000000;;
               }

               Frame Bip01-R-Finger3Nub {
                

                FrameTransformMatrix {
                 -1.000000,0.000000,0.000691,0.000000,-0.000000,1.000000,0.000000,0.000000,-0.000691,0.000000,-1.000000,0.000000,0.649357,0.000000,0.000004,1.000000;;
                }
               }
              }
             }
            }

            Frame Bip01-R-Finger4 {
             

             FrameTransformMatrix {
              0.815765,0.169492,0.552992,0.000000,-0.014546,0.961809,-0.273336,0.000000,-0.578200,0.214934,0.787075,0.000000,1.882346,-0.690611,0.070719,1.000000;;
             }

             Frame Bip01-R-Finger41 {
              

              FrameTransformMatrix {
               0.328464,-0.000000,0.944516,0.000000,-0.000000,1.000000,-0.000000,0.000000,-0.944517,0.000000,0.328464,0.000000,1.108315,-0.000002,-0.000003,1.000000;;
              }

              Frame Bip01-R-Finger42 {
               

               FrameTransformMatrix {
                0.702435,-0.000000,0.711748,0.000000,0.000000,1.000000,0.000000,0.000000,-0.711748,-0.000000,0.702435,0.000000,0.520343,0.000000,0.000000,1.000000;;
               }

               Frame Bip01-R-Finger4Nub {
                

                FrameTransformMatrix {
                 -1.000000,0.000000,-0.000690,0.000000,-0.000000,1.000000,-0.000000,0.000000,0.000690,-0.000000,-1.000000,0.000000,0.515338,-0.000002,0.000000,1.000000;;
                }
               }
              }
             }
            }

            Frame FxHand01 {
             

             FrameTransformMatrix {
              0.978375,-0.033829,0.204053,0.000000,-0.206826,-0.149060,0.966956,0.000000,-0.002295,-0.988249,-0.152834,0.000000,1.499999,-0.499998,1.999998,1.000000;;
             }
            }

            Frame R_Sword {
             

             FrameTransformMatrix {
              0.972494,-0.088342,0.215526,0.000000,0.101996,0.993369,-0.053057,0.000000,-0.209409,0.073581,0.975055,0.000000,-0.000001,-0.000002,0.000000,1.000000;;
             }
            }
           }

           Frame R_Elbow {
            

            FrameTransformMatrix {
             0.716623,0.000000,0.697461,0.000000,0.000000,1.000000,0.000000,0.000000,-0.697461,0.000000,0.716623,0.000000,0.000000,0.000000,0.000000,1.000000;;
            }
           }

           Frame Bip01-R-ForeTwist {
            

            FrameTransformMatrix {
             1.000000,0.000000,0.000000,0.000000,0.000000,0.997200,-0.074779,0.000000,0.000000,0.074779,0.997200,0.000000,0.000000,0.000000,0.000000,1.000000;;
            }
           }
          }

          Frame R_Shoulder {
           

           FrameTransformMatrix {
            0.767937,-0.539726,-0.344918,0.000000,0.333906,0.796862,-0.503505,0.000000,0.546607,0.271490,0.792158,0.000000,0.000000,0.000000,0.000000,1.000000;;
           }
          }

          Frame R_Shoulder_Twist {
           

           FrameTransformMatrix {
            1.000000,-0.000000,0.000000,0.000000,0.000000,0.970181,-0.242382,0.000000,0.000000,0.242382,0.970181,0.000000,0.000000,0.000000,0.000000,1.000000;;
           }
          }
         }
        }
       }

       Frame R_Breast {
        

        FrameTransformMatrix {
         0.063632,0.329529,-0.941999,0.000000,-0.003105,0.943973,0.330010,0.000000,0.997969,-0.018075,0.061090,0.000000,1.272745,-1.451999,1.209910,1.000000;;
        }
       }

       Frame L_Breast {
        

        FrameTransformMatrix {
         -0.063516,0.329530,0.942006,0.000000,0.003085,0.943972,-0.330010,0.000000,-0.997976,-0.018055,-0.060974,0.000000,1.272760,1.451767,1.209907,1.000000;;
        }
       }

       Frame L_spine3 {
        

        FrameTransformMatrix {
         0.984222,0.053364,-0.168700,0.000000,0.055215,-0.998455,0.006296,0.000000,-0.168103,-0.015511,-0.985647,0.000000,2.104034,3.093147,-0.411918,1.000000;;
        }
       }

       Frame R_spine3 {
        

        FrameTransformMatrix {
         0.985000,-0.054720,-0.163650,0.000000,-0.050346,-0.998258,0.030763,0.000000,-0.165048,-0.022062,-0.986039,0.000000,2.104042,-3.093148,-0.411909,1.000000;;
        }
       }
      }

      Frame FxCenter {
       

       FrameTransformMatrix {
        -0.081312,0.861437,0.501313,0.000000,0.996200,0.085987,0.013825,0.000000,-0.031197,0.500533,-0.865156,0.000000,1.000002,-0.000002,0.000000,1.000000;;
       }
      }

      Frame Weapon_Back {
       

       FrameTransformMatrix {
        -0.999294,-0.001121,-0.037550,0.000000,0.001121,-1.000000,0.000020,0.000000,-0.037550,-0.000022,0.999295,0.000000,4.711456,-0.000006,-2.809571,1.000000;;
       }
      }
     }
    }

    Frame Bip01-L-Thigh {
     

     FrameTransformMatrix {
      -0.946926,0.125497,-0.295943,0.000000,-0.132527,-0.991172,0.003733,0.000000,-0.292862,0.042755,0.955198,0.000000,-2.355776,2.566188,0.104820,1.000000;;
     }

     Frame Bip01-L-Calf {
      

      FrameTransformMatrix {
       0.984139,0.000000,-0.177398,0.000000,-0.000000,1.000000,0.000000,0.000000,0.177398,0.000000,0.984139,0.000000,10.047706,-0.000001,0.000000,1.000000;;
      }

      Frame Bip01-L-Foot {
       

       FrameTransformMatrix {
        0.928973,0.140179,0.342578,0.000000,-0.284540,0.862391,0.418711,0.000000,-0.236742,-0.486448,0.841024,0.000000,10.474942,0.000000,0.000002,1.000000;;
       }

       Frame Bip01-L-Toe0 {
        

        FrameTransformMatrix {
         -0.008660,0.046873,0.998864,0.000000,-0.053693,0.997438,-0.047272,0.000000,-0.998520,-0.054041,-0.006121,0.000000,3.213932,-0.000001,1.930074,1.000000;;
        }

        Frame Bip01-L-Toe0Nub {
         

         FrameTransformMatrix {
          -1.000000,0.000000,0.000691,0.000000,-0.000000,1.000000,-0.000000,0.000000,-0.000691,-0.000000,-1.000000,0.000000,1.879583,0.000001,0.000000,1.000000;;
         }
        }
       }
      }

      Frame L_Knee {
       

       FrameTransformMatrix {
        0.996029,0.000000,0.089026,0.000000,-0.000000,1.000000,-0.000000,0.000000,-0.089026,-0.000000,0.996029,0.000000,0.000000,0.000000,0.000000,1.000000;;
       }
      }

      Frame Bip01-LCalfTwist {
       

       FrameTransformMatrix {
        1.000000,-0.000000,0.000000,0.000000,-0.000000,0.974568,0.224093,0.000000,0.000000,-0.224093,0.974568,0.000000,0.000000,0.000000,0.000000,1.000000;;
       }
      }
     }

     Frame L_Thigh {
      

      FrameTransformMatrix {
       0.984767,0.064143,0.161618,0.000000,-0.070089,0.997048,0.031355,0.000000,-0.159130,-0.042205,0.986355,0.000000,0.000000,0.000000,0.000000,1.000000;;
      }
     }
    }

    Frame Bip01-R-Thigh {
     

     FrameTransformMatrix {
      -0.895439,-0.272262,0.352227,0.000000,0.306506,-0.950841,0.044232,0.000000,0.322868,0.147567,0.934869,0.000000,-2.355776,-2.566190,0.104834,1.000000;;
     }

     Frame Bip01-R-Calf {
      

      FrameTransformMatrix {
       0.673709,-0.000000,-0.738997,0.000000,-0.000000,1.000000,0.000000,0.000000,0.738996,0.000000,0.673709,0.000000,10.047700,-0.000000,0.000001,1.000000;;
      }

      Frame Bip01-R-Foot {
       

       FrameTransformMatrix {
        0.947685,-0.104016,0.301786,0.000000,0.181021,0.953821,-0.239702,0.000000,-0.262917,0.281792,0.922751,0.000000,10.474939,-0.000001,-0.000000,1.000000;;
       }

       Frame Bip01-R-Toe0 {
        

        FrameTransformMatrix {
         -0.050797,-0.008129,0.998676,0.000000,0.065694,0.997774,0.011463,0.000000,-0.996546,0.066189,-0.050150,0.000000,3.213933,0.000000,1.930074,1.000000;;
        }

        Frame Bip01-R-Toe0Nub {
         

         FrameTransformMatrix {
          1.000000,-0.000000,0.000000,0.000000,-0.000000,1.000000,-0.000000,0.000000,0.000000,-0.000000,1.000000,0.000000,1.879583,0.000000,0.000000,1.000000;;
         }
        }
       }
      }

      Frame R_Knee {
       

       FrameTransformMatrix {
        0.914801,-0.000000,0.403905,0.000000,-0.000000,1.000000,0.000000,0.000000,-0.403905,-0.000000,0.914801,0.000000,0.000002,0.000000,0.000000,1.000000;;
       }
      }

      Frame Bip01-RCalfTwist {
       

       FrameTransformMatrix {
        1.000000,-0.000000,0.000000,0.000000,0.000000,0.992437,-0.122757,0.000000,-0.000000,0.122757,0.992437,0.000000,0.000000,0.000000,0.000000,1.000000;;
       }
      }
     }

     Frame R_Thigh {
      

      FrameTransformMatrix {
       0.976555,-0.143886,-0.160117,0.000000,0.126873,0.985589,-0.111883,0.000000,0.173908,0.088945,0.980737,0.000000,0.000000,0.000000,0.000000,1.000000;;
      }
     }
    }

    Frame Skirt_Dummy {
     

     FrameTransformMatrix {
      -1.000000,0.000565,0.000797,0.000000,-0.000565,-1.000000,0.000000,0.000000,0.000797,-0.000000,1.000000,0.000000,-0.033834,-0.000002,-0.263520,1.000000;;
     }
    }
   }
  }
 }
}

Frame Human_F_L0_Leg_Skel {
 

 FrameTransformMatrix {
  1.000000,0.000000,0.000000,0.000000,0.000000,1.000000,0.000000,0.000000,0.000000,0.000000,1.000000,0.000000,0.000000,0.000000,0.000000,1.000000;;
 }

 Mesh Human_F_L0_Leg_Skel {
  1290;
  2.161120;0.427371;3.017802;,
  2.263282;0.196967;3.032000;,
  2.334280;0.267671;3.043067;,
  -1.004512;6.071898;3.326130;,
  -1.504672;4.622058;2.934107;,
  -0.946313;4.635495;3.265570;,
  -1.540213;5.992250;3.055975;,
  -1.682134;4.621742;2.528704;,
  -1.658909;6.031410;2.566452;,
  -1.265886;4.680785;2.177323;,
  -1.375215;6.073489;2.081845;,
  -0.751761;4.731464;2.062714;,
  -0.940924;6.120410;1.975001;,
  -0.202768;7.613602;3.242325;,
  -0.552877;6.049162;3.295176;,
  -0.198211;6.030724;3.075854;,
  -0.695719;7.577028;3.497477;,
  -1.167122;7.615594;3.535551;,
  -1.682466;7.743495;3.291620;,
  -1.937437;7.840452;2.691818;,
  -1.731668;7.894656;1.979689;,
  -1.098113;7.856558;1.806214;,
  -0.497553;6.078412;2.090914;,
  -0.105442;4.718879;2.356801;,
  -0.431104;4.740582;2.137736;,
  -0.192259;6.050490;2.300492;,
  0.037901;4.680718;2.708860;,
  -0.047159;6.024715;2.720680;,
  -0.114315;4.658749;3.054319;,
  -0.499836;4.639665;3.284214;,
  -0.940924;6.120410;1.975001;,
  -0.751761;4.731464;2.062714;,
  -1.098113;7.856558;1.806214;,
  -0.532453;7.830230;1.998862;,
  -0.130223;7.776543;2.284087;,
  0.032886;7.657353;2.744734;,
  0.032885;7.657353;-2.744734;,
  -0.198211;6.030726;-3.075854;,
  -0.202768;7.613603;-3.242325;,
  -0.047159;6.024715;-2.720680;,
  -0.130224;7.776544;-2.284086;,
  -0.192260;6.050490;-2.300491;,
  -0.532453;7.830230;-1.998861;,
  -0.497553;6.078412;-2.090914;,
  -1.098113;7.856558;-1.806213;,
  -0.940924;6.120411;-1.975000;,
  -0.552877;6.049163;-3.295176;,
  -0.946313;4.635496;-3.265570;,
  -1.004512;6.071899;-3.326130;,
  -0.499836;4.639666;-3.284214;,
  -0.114315;4.658750;-3.054319;,
  0.037901;4.680719;-2.708860;,
  -0.105442;4.718880;-2.356801;,
  -0.431104;4.740582;-2.137735;,
  -0.751761;4.731464;-2.062714;,
  -1.937437;7.840452;-2.691818;,
  -1.375216;6.073490;-2.081844;,
  -1.731669;7.894657;-1.979689;,
  -1.658910;6.031410;-2.566452;,
  -1.682467;7.743496;-3.291620;,
  -1.540213;5.992250;-3.055975;,
  -1.167123;7.615595;-3.535551;,
  -0.695719;7.577029;-3.497476;,
  -0.940924;6.120411;-1.975000;,
  -1.098113;7.856558;-1.806213;,
  -0.751761;4.731464;-2.062714;,
  -1.265886;4.680786;-2.177322;,
  -1.682135;4.621743;-2.528704;,
  -1.504673;4.622058;-2.934107;,
  -0.097255;0.502097;-4.044558;,
  0.298311;0.405368;-4.153395;,
  0.300811;0.028703;-4.168147;,
  0.473731;0.306352;-4.161269;,
  0.865483;0.186554;-4.130038;,
  0.863456;0.023232;-4.133177;,
  1.861598;0.012269;-3.785771;,
  1.858196;0.159168;-3.788804;,
  2.773313;0.006920;-3.166013;,
  2.835407;0.173904;-2.865385;,
  2.835398;0.006920;-2.865155;,
  2.773270;0.173885;-3.166438;,
  1.894863;0.163712;-2.961335;,
  0.931677;0.127630;-1.821938;,
  0.470311;0.158160;-1.859721;,
  0.466226;0.320782;-4.143498;,
  0.267250;0.219246;-1.847226;,
  2.785132;0.173813;-2.572360;,
  1.985997;0.124000;-2.056988;,
  -0.178100;0.481394;-1.950952;,
  0.272527;-0.001582;-1.877085;,
  0.480570;0.137848;-1.812861;,
  0.933055;-0.006981;-1.826276;,
  1.974661;-0.018483;-2.054025;,
  2.784904;0.006918;-2.571316;,
  -2.412021;2.609943;-1.879516;,
  -1.603934;2.252725;-3.508790;,
  -2.347245;2.604247;-3.290210;,
  -1.897979;2.279857;-1.793794;,
  -1.388238;1.947021;-1.939848;,
  -1.898063;2.041366;-1.805997;,
  -1.440111;1.731882;-1.961815;,
  -0.860709;1.443767;-2.097640;,
  -0.859438;1.235843;-2.103193;,
  -0.190351;0.668254;-1.954000;,
  -1.080926;1.844075;-3.589716;,
  -0.593659;1.266315;-3.817841;,
  -0.092795;0.714986;-4.043590;,
  -0.670755;1.164715;-3.818573;,
  -1.171200;1.742338;-3.608974;,
  -1.595952;2.028974;-3.506854;,
  -2.342940;2.409785;-3.300835;,
  -2.660630;2.755613;-2.525080;,
  -2.712108;2.540123;-2.565989;,
  -2.408617;2.390073;-1.882471;,
  -0.178100;0.481394;-1.950952;,
  -0.127880;0.457950;-3.113090;,
  0.272527;-0.001582;-1.877085;,
  -0.859438;1.235843;-2.103193;,
  -0.739662;1.156836;-2.991832;,
  -1.440111;1.731882;-1.961815;,
  -1.284101;1.679025;-2.723909;,
  0.237828;0.005970;-3.080875;,
  0.300811;0.028703;-4.168147;,
  -0.097255;0.502097;-4.044558;,
  -0.670755;1.164715;-3.818573;,
  -1.171200;1.742338;-3.608974;,
  -1.595952;2.028974;-3.506854;,
  0.863456;0.023232;-4.133177;,
  1.377144;-0.002487;-3.003172;,
  1.861598;0.012269;-3.785771;,
  2.773313;0.006920;-3.166013;,
  2.835398;0.006920;-2.865155;,
  2.784904;0.006918;-2.571316;,
  1.974661;-0.018483;-2.054025;,
  0.933055;-0.006981;-1.826276;,
  0.480570;0.137848;-1.812861;,
  0.640882;0.638002;-1.894512;,
  0.267250;0.219246;-1.847226;,
  0.858152;0.532590;-1.892500;,
  0.904389;0.951130;-2.015945;,
  0.931677;0.127630;-1.821938;,
  1.191373;0.402635;-1.925535;,
  1.156095;0.808393;-2.015361;,
  1.415403;0.644760;-2.023313;,
  1.345425;1.015569;-2.235295;,
  1.563725;0.829277;-2.301146;,
  1.402612;1.123836;-2.633873;,
  1.574530;0.890597;-2.687477;,
  0.874824;0.996680;-3.679096;,
  0.899078;0.635985;-3.977321;,
  0.644795;0.764388;-3.918706;,
  1.084336;0.863179;-3.686058;,
  1.224404;1.016090;-3.323246;,
  1.057680;1.197326;-3.305380;,
  1.367270;1.109878;-2.944185;,
  1.168934;1.303936;-2.897776;,
  1.192167;1.313789;-2.571197;,
  1.134379;1.198797;-2.239019;,
  1.526566;0.889331;-2.948142;,
  1.429612;0.805298;-3.281487;,
  1.306565;0.698395;-3.656778;,
  1.132198;0.519837;-3.941270;,
  0.865483;0.186554;-4.130038;,
  0.473731;0.306352;-4.161269;,
  0.298311;0.405368;-4.153395;,
  -1.384684;1.397035;-2.691252;,
  -1.595952;2.028974;-3.506854;,
  -1.284101;1.679025;-2.723909;,
  -1.592935;1.401812;-3.135026;,
  -2.342940;2.409785;-3.300835;,
  -2.018287;1.393849;-3.017318;,
  -2.712108;2.540123;-2.565989;,
  -2.199580;1.403247;-2.625920;,
  -2.408617;2.390073;-1.882471;,
  -2.054712;1.402182;-2.256703;,
  -1.898063;2.041366;-1.805997;,
  -1.750393;1.403555;-2.168529;,
  -1.440111;1.731882;-1.961815;,
  -1.601346;0.690747;-2.874511;,
  -1.813014;0.686396;-2.884053;,
  -1.922597;0.690126;-2.662887;,
  -1.873518;0.686303;-2.451684;,
  -1.691372;0.687094;-2.411402;,
  -1.529637;0.692476;-2.481363;,
  -1.488259;1.405745;-2.267014;,
  -1.284101;1.679025;-2.723909;,
  -1.384684;1.397035;-2.691252;,
  -1.443303;0.686557;-2.688903;,
  -1.523297;0.008590;-2.714485;,
  -1.582281;0.008592;-2.612082;,
  -1.653371;0.008592;-2.579109;,
  -1.708075;0.008591;-2.593979;,
  -1.767414;0.008589;-2.670377;,
  -1.687613;0.008589;-2.777600;,
  -1.610024;0.008590;-2.787123;,
  -1.443303;0.686557;-2.688903;,
  -1.523297;0.008590;-2.714485;,
  -1.623210;0.008351;-2.677330;,
  -1.687613;0.008589;-2.777600;,
  -1.767414;0.008589;-2.670377;,
  -1.708075;0.008591;-2.593979;,
  -1.653371;0.008592;-2.579109;,
  -1.582281;0.008592;-2.612082;,
  1.894863;0.163712;2.961172;,
  1.985997;0.124000;2.056825;,
  0.931677;0.127630;1.821775;,
  2.785132;0.173813;2.572198;,
  2.835406;0.173904;2.865222;,
  2.773270;0.173885;3.166276;,
  0.272527;-0.001583;1.876922;,
  0.933055;-0.006982;1.826113;,
  1.974660;-0.018483;2.053862;,
  2.784905;0.006917;2.571154;,
  2.835397;0.006920;2.864993;,
  2.773313;0.006920;3.165850;,
  1.858196;0.159168;3.788642;,
  -1.388238;1.947021;1.939685;,
  -1.898063;2.041366;1.805834;,
  -1.897979;2.279858;1.793631;,
  -1.440111;1.731882;1.961651;,
  -0.860709;1.443767;2.097477;,
  -0.859438;1.235843;2.103030;,
  -0.190351;0.668254;1.953837;,
  -0.178100;0.481394;1.950789;,
  0.267250;0.219246;1.847063;,
  0.480570;0.137847;1.812698;,
  -0.092796;0.714986;4.043427;,
  -0.593659;1.266315;3.817678;,
  -1.080926;1.844075;3.589554;,
  -1.603934;2.252725;3.508628;,
  -0.097255;0.502097;4.044394;,
  -0.670755;1.164715;3.818410;,
  -1.171200;1.742338;3.608812;,
  -1.595952;2.028975;3.506692;,
  -2.412021;2.609943;1.879352;,
  -2.347246;2.604247;3.290047;,
  -2.342941;2.409785;3.300673;,
  -2.660630;2.755613;2.524918;,
  -2.712108;2.540123;2.565826;,
  -2.408617;2.390073;1.882308;,
  1.861597;0.012269;3.785608;,
  0.865482;0.186554;4.129875;,
  0.863455;0.023232;4.133014;,
  0.300810;0.028702;4.167984;,
  0.473731;0.306351;4.161106;,
  0.298310;0.405368;4.153232;,
  0.470311;0.158160;1.859558;,
  0.466226;0.320781;4.143335;,
  0.237828;0.005970;3.080713;,
  0.863455;0.023232;4.133014;,
  0.300810;0.028702;4.167984;,
  1.377143;-0.002487;3.003009;,
  1.861597;0.012269;3.785608;,
  2.773313;0.006920;3.165850;,
  2.835397;0.006920;2.864993;,
  2.784905;0.006917;2.571154;,
  1.974660;-0.018483;2.053862;,
  0.933055;-0.006982;1.826113;,
  0.272527;-0.001583;1.876922;,
  -0.127880;0.457950;3.112927;,
  -1.440111;1.731882;1.961651;,
  -0.739662;1.156836;2.991670;,
  -1.284101;1.679025;2.723747;,
  -0.859438;1.235843;2.103030;,
  -0.178100;0.481394;1.950789;,
  -0.097255;0.502097;4.044394;,
  -0.670755;1.164715;3.818410;,
  -1.171200;1.742338;3.608812;,
  -1.595952;2.028975;3.506692;,
  2.238826;0.315300;-3.032000;,
  2.165803;0.469368;-2.956528;,
  2.309870;0.398155;-2.981792;,
  1.615827;0.247739;-3.817142;,
  1.505501;0.387727;-3.816438;,
  1.579260;0.343612;-3.805390;,
  1.482116;0.331823;-3.859711;,
  1.355790;0.408027;-3.883312;,
  1.413998;0.489793;-3.706408;,
  1.409213;0.383190;-3.866400;,
  1.463755;0.472842;-3.691680;,
  1.502287;0.425353;-3.748790;,
  1.565995;0.399874;-3.720355;,
  1.590337;0.381220;-3.671182;,
  1.579723;0.323338;-3.649520;,
  1.490095;0.373248;-3.650595;,
  1.412453;0.395597;-3.669112;,
  1.377077;0.394314;-3.671399;,
  1.371296;0.486907;-3.707070;,
  1.324964;0.395674;-3.887596;,
  1.503793;0.226422;-3.847425;,
  1.615951;0.191978;-3.811391;,
  1.577669;0.262966;-3.640269;,
  1.530439;0.265911;-3.637682;,
  1.425092;0.294493;-3.652024;,
  1.395074;0.294376;-3.664390;,
  1.289947;0.301751;-3.893738;,
  1.073414;0.193686;-3.938826;,
  1.194004;0.374589;-3.907622;,
  1.299109;0.199815;-3.855902;,
  1.339573;0.293480;-3.887814;,
  1.344765;0.190720;-3.848099;,
  1.375636;0.294357;-3.873860;,
  1.391711;0.178240;-3.824386;,
  1.432766;0.268781;-3.862392;,
  1.448892;0.152390;-3.820268;,
  1.514000;0.120956;-3.796961;,
  1.608359;0.138232;-3.773845;,
  1.310078;0.487387;-3.711878;,
  1.271765;0.403685;-3.888665;,
  1.341970;0.379213;-3.689532;,
  1.339489;0.480477;-3.716170;,
  1.313471;0.382495;-3.691737;,
  1.278105;0.399391;-3.677559;,
  1.329368;0.270365;-3.689502;,
  1.316297;0.199080;-3.687526;,
  1.393305;0.306152;-3.610319;,
  1.356518;0.270893;-3.680651;,
  1.665740;0.271529;-3.627356;,
  1.531122;0.303485;-3.598945;,
  1.546847;0.404901;-3.645799;,
  1.484025;0.334048;-3.610931;,
  1.495616;0.453028;-3.658852;,
  1.368345;0.444026;-3.668987;,
  1.354361;0.574099;-3.631794;,
  1.250531;0.555386;-3.729225;,
  1.572761;0.501547;-3.617125;,
  1.518675;0.565236;-3.632341;,
  1.426436;0.624846;-3.445647;,
  1.366177;0.712951;-3.404286;,
  1.411653;0.485832;-3.390120;,
  1.455580;0.474963;-3.390588;,
  1.467707;0.297799;-3.425887;,
  1.565762;0.456085;-3.386396;,
  1.547839;0.343140;-3.428423;,
  1.460746;0.220390;-3.389560;,
  1.716009;0.406124;-3.394425;,
  1.615289;0.508868;-3.426160;,
  1.565560;0.559454;-3.436639;,
  1.615749;0.412498;-3.386641;,
  1.721218;0.296536;-3.362057;,
  1.772138;0.379336;-3.388885;,
  1.676371;0.378944;-3.591858;,
  1.890165;0.324557;-3.403800;,
  1.776629;0.267630;-3.361606;,
  1.906468;0.241544;-3.391947;,
  1.825632;0.376076;-3.525928;,
  1.848078;0.380401;-3.445544;,
  1.885646;0.227495;-3.574579;,
