xof 0303txt 0032
template ColorRGBA {
 <35ff44e0-6c7c-11cf-8f52-0040333594a3>
 FLOAT red;
 FLOAT green;
 FLOAT blue;
 FLOAT alpha;
}

template ColorRGB {
 <d3e16e81-7835-11cf-8f52-0040333594a3>
 FLOAT red;
 FLOAT green;
 FLOAT blue;
}

template Material {
 <3d82ab4d-62da-11cf-ab39-0020af71e433>
 ColorRGBA faceColor;
 FLOAT power;
 ColorRGB specularColor;
 ColorRGB emissiveColor;
 [...]
}

template TextureFilename {
 <a42790e1-7810-11cf-8f52-0040333594a3>
 STRING filename;
}

template Frame {
 <3d82ab46-62da-11cf-ab39-0020af71e433>
 [...]
}

template Matrix4x4 {
 <f6f23f45-7686-11cf-8f52-0040333594a3>
 array FLOAT matrix[16];
}

template FrameTransformMatrix {
 <f6f23f41-7686-11cf-8f52-0040333594a3>
 Matrix4x4 frameMatrix;
}

template Vector {
 <3d82ab5e-62da-11cf-ab39-0020af71e433>
 FLOAT x;
 FLOAT y;
 FLOAT z;
}

template MeshFace {
 <3d82ab5f-62da-11cf-ab39-0020af71e433>
 DWORD nFaceVertexIndices;
 array DWORD faceVertexIndices[nFaceVertexIndices];
}

template Mesh {
 <3d82ab44-62da-11cf-ab39-0020af71e433>
 DWORD nVertices;
 array Vector vertices[nVertices];
 DWORD nFaces;
 array MeshFace faces[nFaces];
 [...]
}

template MeshNormals {
 <f6f23f43-7686-11cf-8f52-0040333594a3>
 DWORD nNormals;
 array Vector normals[nNormals];
 DWORD nFaceNormals;
 array MeshFace faceNormals[nFaceNormals];
}

template MeshMaterialList {
 <f6f23f42-7686-11cf-8f52-0040333594a3>
 DWORD nMaterials;
 DWORD nFaceIndexes;
 array DWORD faceIndexes[nFaceIndexes];
 [Material <3d82ab4d-62da-11cf-ab39-0020af71e433>]
}

template Coords2d {
 <f6f23f44-7686-11cf-8f52-0040333594a3>
 FLOAT u;
 FLOAT v;
}

template MeshTextureCoords {
 <f6f23f40-7686-11cf-8f52-0040333594a3>
 DWORD nTextureCoords;
 array Coords2d textureCoords[nTextureCoords];
}

template XSkinMeshHeader {
 <3cf169ce-ff7c-44ab-93c0-f78f62d172e2>
 WORD nMaxSkinWeightsPerVertex;
 WORD nMaxSkinWeightsPerFace;
 WORD nBones;
}

template SkinWeights {
 <6f0d123b-bad2-4167-a0d0-80224f25fabb>
 STRING transformNodeName;
 DWORD nWeights;
 array DWORD vertexIndices[nWeights];
 array FLOAT weights[nWeights];
 Matrix4x4 matrixOffset;
}

template AnimTicksPerSecond {
 <9e415a43-7ba6-4a73-8743-b73d47e88476>
 DWORD AnimTicksPerSecond;
}

template Animation {
 <3d82ab4f-62da-11cf-ab39-0020af71e433>
 [...]
}

template AnimationSet {
 <3d82ab50-62da-11cf-ab39-0020af71e433>
 [Animation <3d82ab4f-62da-11cf-ab39-0020af71e433>]
}

template FloatKeys {
 <10dd46a9-775b-11cf-8f52-0040333594a3>
 DWORD nValues;
 array FLOAT values[nValues];
}

template TimedFloatKeys {
 <f406b180-7b3b-11cf-8f52-0040333594a3>
 DWORD time;
 FloatKeys tfkeys;
}

template AnimationKey {
 <10dd46a8-775b-11cf-8f52-0040333594a3>
 DWORD keyType;
 DWORD nKeys;
 array TimedFloatKeys keys[nKeys];
}


Material Material__35 {
 1.000000;1.000000;1.000000;1.000000;;
 10.000000;
 0.000000;0.000000;0.000000;;
 0.000000;0.000000;0.000000;;

 TextureFilename {
  "Human_F_L00_Hand_diff.dds";
 }
}

Frame Dummy_root {
 

 FrameTransformMatrix {
  1.000000,0.000000,0.000000,0.000000,0.000000,1.000000,0.000000,0.000000,0.000000,-0.000000,1.000000,0.000000,0.000000,23.000000,0.000000,1.000000;;
 }

 Frame FxBottom {
  

  FrameTransformMatrix {
   1.000000,0.000000,0.000000,0.000000,0.000000,1.000000,0.000000,0.000000,0.000000,-0.000000,1.000000,0.000000,0.000000,-23.000000,-0.000000,1.000000;;
  }
 }

 Frame Bip01 {
  

  FrameTransformMatrix {
   0.743149,0.076816,-0.664702,0.000000,-0.119785,0.992614,-0.019211,0.000000,0.658317,0.093898,0.746862,0.000000,-0.194762,0.659397,-0.000000,1.000000;;
  }

  Frame Bip01-Pelvis {
   

   FrameTransformMatrix {
    0.000360,0.999999,-0.001584,0.000000,0.003483,0.001582,0.999993,0.000000,0.999994,-0.000365,-0.003483,0.000000,0.000000,0.000000,0.000000,1.000000;;
   }

   Frame Bip01-Spine {
    

    FrameTransformMatrix {
     0.999999,0.001527,0.000425,0.000000,-0.001525,0.999993,-0.003479,0.000000,-0.000430,0.003479,0.999994,0.000000,2.358109,0.000005,-0.000990,1.000000;;
    }

    Frame Bip01-Spine1 {
     

     FrameTransformMatrix {
      0.999980,-0.005495,0.003042,0.000000,0.004836,0.982681,0.185243,0.000000,-0.004007,-0.185224,0.982688,0.000000,0.209326,0.000000,-0.002767,1.000000;;
     }

     Frame Bip01-Spine2 {
      

      FrameTransformMatrix {
       0.999212,0.028024,0.028117,0.000000,-0.031525,0.990613,0.133016,0.000000,-0.024125,-0.133797,0.990715,0.000000,3.478327,0.000001,-0.001152,1.000000;;
      }

      Frame Bip01-Spine3 {
       

       FrameTransformMatrix {
        0.980994,0.038372,-0.190205,0.000000,-0.032815,0.998940,0.032279,0.000000,0.191242,-0.025424,0.981214,0.000000,1.456825,-0.000000,-0.004310,1.000000;;
       }

       Frame Bip01-Neck {
        

        FrameTransformMatrix {
         0.917148,0.138020,0.373886,0.000000,0.024337,0.916975,-0.398201,0.000000,-0.397804,0.374308,0.837643,0.000000,5.539906,-0.000000,-0.690875,1.000000;;
        }

        Frame Bip01-Head {
         

         FrameTransformMatrix {
          0.976207,0.124348,0.177646,0.000000,-0.019787,0.866906,-0.498080,0.000000,-0.215938,0.482714,0.848739,0.000000,2.474251,-0.000000,0.000000,1.000000;;
         }

         Frame Bip01-HeadNub {
          

          FrameTransformMatrix {
           1.000000,0.000000,0.000000,0.000000,-0.000000,1.000000,0.000000,0.000000,0.000000,0.000000,1.000000,0.000000,4.628929,0.000001,-0.000002,1.000000;;
          }
         }

         Frame FxTop {
          

          FrameTransformMatrix {
           0.370706,0.154322,0.915839,0.000000,0.920058,0.073578,-0.384812,0.000000,-0.126771,0.985277,-0.114710,0.000000,4.500019,-0.000002,0.000000,1.000000;;
          }
         }
        }

        Frame Bip01-L-Clavicle {
         

         FrameTransformMatrix {
          0.128723,0.915306,0.381635,0.000000,0.918347,0.035214,-0.394207,0.000000,-0.374259,0.401217,-0.836035,0.000000,-0.753037,0.957158,0.028458,1.000000;;
         }

         Frame Bip01-L-UpperArm {
          

          FrameTransformMatrix {
           0.893179,-0.428111,-0.137669,0.000000,0.365585,0.869520,-0.332089,0.000000,0.261877,0.246285,0.933147,0.000000,2.305935,-0.000004,-0.000000,1.000000;;
          }

          Frame Bip01-L-Forearm {
           

           FrameTransformMatrix {
            0.999414,0.000000,-0.034237,0.000000,0.000000,1.000000,0.000000,0.000000,0.034237,-0.000000,0.999414,0.000000,6.131233,0.000000,0.000000,1.000000;;
           }

           Frame Bip01-L-Hand {
            

            FrameTransformMatrix {
             0.982457,0.098835,0.158145,0.000000,-0.109517,-0.380608,0.918228,0.000000,0.150944,-0.919440,-0.363107,0.000000,6.144240,-0.000004,-0.000000,1.000000;;
            }

            Frame Bip01-L-Finger0 {
             

             FrameTransformMatrix {
              0.671256,-0.301159,0.677288,0.000000,0.578680,-0.358073,-0.732744,0.000000,0.463191,0.883792,-0.066084,0.000000,0.431653,-0.683445,0.267918,1.000000;;
             }

             Frame Bip01-L-Finger01 {
              

              FrameTransformMatrix {
               0.970493,-0.000000,0.241129,0.000000,-0.000000,1.000000,0.000000,0.000000,-0.241129,0.000000,0.970493,0.000000,1.065222,0.000000,-0.000000,1.000000;;
              }

              Frame Bip01-L-Finger02 {
               

               FrameTransformMatrix {
                0.949998,-0.000000,0.312255,0.000000,0.000000,1.000000,-0.000000,0.000000,-0.312255,0.000000,0.949999,0.000000,0.739170,0.000000,-0.000001,1.000000;;
               }

               Frame Bip01-L-Finger0Nub {
                

                FrameTransformMatrix {
                 1.000000,0.000000,-0.000000,0.000000,0.000000,1.000000,0.000000,0.000000,0.000000,-0.000000,1.000000,0.000000,0.862501,0.000000,0.000000,1.000000;;
                }
               }
              }
             }
            }

            Frame Bip01-L-Finger1 {
             

             FrameTransformMatrix {
              0.653163,0.089182,0.751948,0.000000,0.055818,0.984668,-0.165267,0.000000,-0.755157,0.149919,0.638171,0.000000,2.096304,-0.862207,-0.077713,1.000000;;
             }

             Frame Bip01-L-Finger11 {
              

              FrameTransformMatrix {
               0.185394,-0.000000,0.982665,0.000000,0.000000,1.000000,-0.000000,0.000000,-0.982665,-0.000000,0.185394,0.000000,1.331194,0.000001,0.000000,1.000000;;
              }

              Frame Bip01-L-Finger12 {
               

               FrameTransformMatrix {
                0.782969,0.000000,0.622061,0.000000,-0.000000,1.000000,0.000000,0.000000,-0.622061,-0.000000,0.782969,0.000000,0.723101,-0.000001,0.000002,1.000000;;
               }

               Frame Bip01-L-Finger1Nub {
                

                FrameTransformMatrix {
                 1.000000,-0.000000,0.000000,0.000000,0.000000,1.000000,0.000000,0.000000,0.000000,0.000000,1.000000,0.000000,0.679667,0.000000,0.000002,1.000000;;
                }
               }
              }
             }
            }

            Frame Bip01-L-Finger2 {
             

             FrameTransformMatrix {
              0.576645,-0.041121,0.815960,0.000000,0.061188,0.998102,0.007058,0.000000,-0.814700,0.045857,0.578066,0.000000,2.179714,-0.283318,-0.116974,1.000000;;
             }

             Frame Bip01-L-Finger21 {
              

              FrameTransformMatrix {
               0.149162,0.000000,0.988813,0.000000,0.000000,1.000000,0.000000,0.000000,-0.988813,0.000000,0.149162,0.000000,1.406769,0.000002,-0.000002,1.000000;;
              }

              Frame Bip01-L-Finger22 {
               

               FrameTransformMatrix {
                0.782728,-0.000000,0.622364,0.000000,-0.000000,1.000000,-0.000000,0.000000,-0.622364,0.000000,0.782728,0.000000,0.840509,0.000002,-0.000004,1.000000;;
               }

               Frame Bip01-L-Finger2Nub {
                

                FrameTransformMatrix {
                 1.000000,-0.000000,0.000000,0.000000,-0.000000,1.000000,0.000000,0.000000,0.000000,0.000000,1.000000,0.000000,0.664878,-0.000001,0.000002,1.000000;;
                }
               }
              }
             }
            }

            Frame Bip01-L-Finger3 {
             

             FrameTransformMatrix {
              0.596636,-0.100627,0.796179,0.000000,0.026522,0.994038,0.105759,0.000000,-0.802074,-0.041983,0.595747,0.000000,2.073347,0.186410,-0.130489,1.000000;;
             }

             Frame Bip01-L-Finger31 {
              

              FrameTransformMatrix {
               0.127689,-0.000000,0.991814,0.000000,0.000000,1.000000,0.000000,0.000000,-0.991814,-0.000000,0.127689,0.000000,1.365459,0.000000,-0.000002,1.000000;;
              }

              Frame Bip01-L-Finger32 {
               

               FrameTransformMatrix {
                0.836560,0.000000,0.547875,0.000000,-0.000000,1.000000,0.000000,0.000000,-0.547875,-0.000000,0.836560,0.000000,0.768669,0.000002,0.000004,1.000000;;
               }

               Frame Bip01-L-Finger3Nub {
                

                FrameTransformMatrix {
                 1.000000,-0.000000,0.000000,0.000000,-0.000000,1.000000,0.000000,0.000000,0.000000,0.000000,1.000000,0.000000,0.649357,0.000001,0.000000,1.000000;;
                }
               }
              }
             }
            }

            Frame Bip01-L-Finger4 {
             

             FrameTransformMatrix {
              0.680320,-0.211799,0.701645,0.000000,0.013198,0.960720,0.277206,0.000000,-0.732796,-0.179328,0.656393,0.000000,1.882344,0.690609,0.070721,1.000000;;
             }

             Frame Bip01-L-Finger41 {
              

              FrameTransformMatrix {
               0.479562,-0.000000,0.877508,0.000000,0.000000,1.000000,0.000000,0.000000,-0.877508,0.000000,0.479562,0.000000,1.108315,0.000000,-0.000004,1.000000;;
              }

              Frame Bip01-L-Finger42 {
               

               FrameTransformMatrix {
                0.644536,0.000000,0.764574,0.000000,-0.000000,1.000000,-0.000000,0.000000,-0.764574,-0.000000,0.644536,0.000000,0.520344,0.000002,0.000000,1.000000;;
               }

               Frame Bip01-L-Finger4Nub {
                

                FrameTransformMatrix {
                 1.000000,0.000000,0.000000,0.000000,-0.000000,1.000000,0.000000,0.000000,0.000000,-0.000000,1.000000,0.000000,0.515339,0.000000,0.000000,1.000000;;
                }
               }
              }
             }
            }

            Frame FxHand00 {
             

             FrameTransformMatrix {
              0.982457,-0.109517,0.150944,0.000000,0.098835,-0.380608,-0.919440,0.000000,0.158145,0.918229,-0.363107,0.000000,1.500002,0.500000,2.000000,1.000000;;
             }
            }

            Frame L_Sword {
             

             FrameTransformMatrix {
              0.998475,-0.054365,0.009625,0.000000,-0.054842,-0.996732,0.059314,0.000000,0.006369,-0.059751,-0.998193,0.000000,0.000000,0.000000,0.000000,1.000000;;
             }
            }
           }

           Frame L_Elbow {
            

            FrameTransformMatrix {
             0.999854,0.000000,0.017090,0.000000,-0.000000,1.000000,0.000000,0.000000,-0.017090,-0.000000,0.999854,0.000000,0.000000,0.000000,0.000001,1.000000;;
            }
           }

           Frame L_Shield {
            

            FrameTransformMatrix {
             0.767017,0.101899,-0.633484,0.000000,0.148861,0.932108,0.330174,0.000000,0.624120,-0.347550,0.699773,0.000000,2.500004,2.499996,0.000000,1.000000;;
            }
           }

           Frame Bip01-L-ForeTwist {
            

            FrameTransformMatrix {
             1.000000,0.000000,0.000000,0.000000,0.000000,0.980758,0.195227,0.000000,0.000000,-0.195227,0.980758,0.000000,0.000000,0.000000,0.000000,1.000000;;
            }
           }
          }

          Frame L_Shoulder {
           

           FrameTransformMatrix {
            0.972931,0.185676,0.137587,0.000000,-0.221116,0.921026,0.320655,0.000000,-0.067183,-0.342398,0.937150,0.000000,0.000000,0.000000,0.000000,1.000000;;
           }
          }

          Frame L_Shoulder_Twist {
           

           FrameTransformMatrix {
            1.000000,0.000000,-0.000000,0.000000,-0.000000,0.972789,0.231691,0.000000,-0.000000,-0.231691,0.972789,0.000000,0.000000,0.000000,0.000000,1.000000;;
           }
          }
         }
        }

        Frame Bip01-R-Clavicle {
         

         FrameTransformMatrix {
          -0.206132,-0.926388,-0.315143,0.000000,-0.901601,0.054641,0.429104,0.000000,-0.380297,0.372585,-0.846496,0.000000,-0.753033,-0.957160,0.028462,1.000000;;
         }

         Frame Bip01-R-UpperArm {
          

          FrameTransformMatrix {
           0.180180,0.478475,0.859417,0.000000,-0.849532,0.516105,-0.109231,0.000000,-0.495814,-0.710420,0.499472,0.000000,2.305936,0.000004,0.000000,1.000000;;
          }

          Frame Bip01-R-Forearm {
           

           FrameTransformMatrix {
            0.027071,-0.000000,-0.999634,0.000000,0.000000,1.000000,0.000000,0.000000,0.999634,0.000000,0.027071,0.000000,6.131233,0.000000,0.000002,1.000000;;
           }

           Frame Bip01-R-Hand {
            

            FrameTransformMatrix {
             0.978375,-0.206826,-0.002294,0.000000,-0.033829,-0.149060,-0.988249,0.000000,0.204053,0.966956,-0.152833,0.000000,6.144240,-0.000002,-0.000003,1.000000;;
            }

            Frame Bip01-R-Finger0 {
             

             FrameTransformMatrix {
              0.675627,0.299025,0.673878,0.000000,-0.573702,-0.360827,0.735303,0.000000,0.463028,-0.883396,-0.072233,0.000000,0.431656,0.683443,0.267916,1.000000;;
             }

             Frame Bip01-R-Finger01 {
              

              FrameTransformMatrix {
               0.970046,-0.000000,0.242919,0.000000,0.000000,1.000000,-0.000000,0.000000,-0.242919,0.000000,0.970047,0.000000,1.065220,-0.000001,-0.000004,1.000000;;
              }

              Frame Bip01-R-Finger02 {
               

               FrameTransformMatrix {
                0.952739,0.000000,0.303789,0.000000,-0.000000,1.000000,0.000000,0.000000,-0.303789,0.000000,0.952739,0.000000,0.739166,0.000003,-0.000002,1.000000;;
               }

               Frame Bip01-R-Finger0Nub {
                

                FrameTransformMatrix {
                 -1.000000,-0.000000,-0.000690,0.000000,0.000000,1.000000,0.000000,0.000000,0.000690,0.000000,-1.000000,0.000000,0.862503,0.000001,0.000000,1.000000;;
                }
               }
              }
             }
            }

            Frame Bip01-R-Finger1 {
             

             FrameTransformMatrix {
              0.653163,-0.089182,0.751947,0.000000,-0.055818,0.984668,0.165267,0.000000,-0.755157,-0.149919,0.638171,0.000000,2.096304,0.862206,-0.077711,1.000000;;
             }

             Frame Bip01-R-Finger11 {
              

              FrameTransformMatrix {
               0.185394,0.000000,0.982665,0.000000,0.000000,1.000000,0.000000,0.000000,-0.982665,0.000000,0.185394,0.000000,1.331194,0.000000,-0.000002,1.000000;;
              }

              Frame Bip01-R-Finger12 {
               

               FrameTransformMatrix {
                0.782969,0.000000,0.622060,0.000000,-0.000000,1.000000,-0.000000,0.000000,-0.622060,-0.000000,0.782969,0.000000,0.723099,0.000002,0.000000,1.000000;;
               }

               Frame Bip01-R-Finger1Nub {
                

                FrameTransformMatrix {
                 -1.000000,0.000000,-0.000690,0.000000,0.000000,1.000000,0.000000,0.000000,0.000690,0.000000,-1.000000,0.000000,0.679666,0.000000,0.000002,1.000000;;
                }
               }
              }
             }
            }

            Frame Bip01-R-Finger2 {
             

             FrameTransformMatrix {
              0.619301,0.042455,0.784005,0.000000,-0.060790,0.998132,-0.006031,0.000000,-0.782797,-0.043925,0.620725,0.000000,2.179712,0.283316,-0.116974,1.000000;;
             }

             Frame Bip01-R-Finger21 {
              

              FrameTransformMatrix {
               0.148923,0.000000,0.988849,0.000000,0.000000,1.000000,-0.000000,0.000000,-0.988849,-0.000000,0.148923,0.000000,1.406761,-0.000002,0.000001,1.000000;;
              }

              Frame Bip01-R-Finger22 {
               

               FrameTransformMatrix {
                0.790226,-0.000000,0.612815,0.000000,-0.000000,1.000000,-0.000000,0.000000,-0.612815,-0.000000,0.790226,0.000000,0.840507,0.000000,0.000000,1.000000;;
               }

               Frame Bip01-R-Finger2Nub {
                

                FrameTransformMatrix {
                 -1.000000,0.000000,0.000691,0.000000,0.000000,1.000000,0.000000,0.000000,-0.000691,0.000000,-1.000000,0.000000,0.664875,-0.000002,0.000000,1.000000;;
                }
               }
              }
             }
            }

            Frame Bip01-R-Finger3 {
             

             FrameTransformMatrix {
              0.732886,0.089129,0.674488,0.000000,-0.025739,0.994304,-0.103423,0.000000,-0.679864,0.058437,0.731006,0.000000,2.073345,-0.186411,-0.130487,1.000000;;
             }

             Frame Bip01-R-Finger31 {
              

              FrameTransformMatrix {
               0.117907,0.000000,0.993025,0.000000,-0.000000,1.000000,-0.000000,0.000000,-0.993025,0.000000,0.117907,0.000000,1.365458,0.000000,0.000002,1.000000;;
              }

              Frame Bip01-R-Finger32 {
               

               FrameTransformMatrix {
                0.817321,-0.000000,0.576183,0.000000,-0.000000,1.000000,0.000000,0.000000,-0.576184,0.000000,0.817321,0.000000,0.768670,-0.000002,0.000000,1.000000;;
               }

               Frame Bip01-R-Finger3Nub {
                

                FrameTransformMatrix {
                 -1.000000,0.000000,0.000691,0.000000,-0.000000,1.000000,0.000000,0.000000,-0.000691,0.000000,-1.000000,0.000000,0.649358,0.000002,0.000004,1.000000;;
                }
               }
              }
             }
            }

            Frame Bip01-R-Finger4 {
             

             FrameTransformMatrix {
              0.815765,0.169492,0.552992,0.000000,-0.014546,0.961809,-0.273336,0.000000,-0.578200,0.214934,0.787075,0.000000,1.882345,-0.690609,0.070721,1.000000;;
             }

             Frame Bip01-R-Finger41 {
              

              FrameTransformMatrix {
               0.328464,-0.000000,0.944516,0.000000,-0.000000,1.000000,-0.000000,0.000000,-0.944517,0.000000,0.328464,0.000000,1.108315,0.000002,-0.000002,1.000000;;
              }

              Frame Bip01-R-Finger42 {
               

               FrameTransformMatrix {
                0.702435,-0.000000,0.711748,0.000000,0.000000,1.000000,0.000000,0.000000,-0.711748,-0.000000,0.702435,0.000000,0.520343,0.000000,0.000001,1.000000;;
               }

               Frame Bip01-R-Finger4Nub {
                

                FrameTransformMatrix {
                 -1.000000,0.000000,-0.000690,0.000000,-0.000000,1.000000,-0.000000,0.000000,0.000690,-0.000000,-1.000000,0.000000,0.515339,0.000002,0.000000,1.000000;;
                }
               }
              }
             }
            }

            Frame FxHand01 {
             

             FrameTransformMatrix {
              0.978375,-0.033829,0.204053,0.000000,-0.206826,-0.149060,0.966956,0.000000,-0.002295,-0.988249,-0.152834,0.000000,1.499999,-0.500000,2.000000,1.000000;;
             }
            }

            Frame R_Sword {
             

             FrameTransformMatrix {
              0.972494,-0.088342,0.215526,0.000000,0.101996,0.993369,-0.053057,0.000000,-0.209409,0.073581,0.975055,0.000000,0.000000,0.000000,0.000000,1.000000;;
             }
            }
           }

           Frame R_Elbow {
            

            FrameTransformMatrix {
             0.716623,0.000000,0.697461,0.000000,0.000000,1.000000,0.000000,0.000000,-0.697461,0.000000,0.716623,0.000000,0.000000,0.000000,0.000000,1.000000;;
            }
           }

           Frame Bip01-R-ForeTwist {
            

            FrameTransformMatrix {
             1.000000,0.000000,0.000000,0.000000,0.000000,0.997200,-0.074779,0.000000,0.000000,0.074779,0.997200,0.000000,0.000000,0.000000,0.000000,1.000000;;
            }
           }
          }

          Frame R_Shoulder {
           

           FrameTransformMatrix {
            0.767937,-0.539726,-0.344918,0.000000,0.333906,0.796862,-0.503505,0.000000,0.546607,0.271490,0.792158,0.000000,0.000000,0.000000,0.000000,1.000000;;
           }
          }

          Frame R_Shoulder_Twist {
           

           FrameTransformMatrix {
            1.000000,-0.000000,0.000000,0.000000,0.000000,0.970181,-0.242382,0.000000,0.000000,0.242382,0.970181,0.000000,0.000000,0.000000,0.000000,1.000000;;
           }
          }
         }
        }
       }

       Frame R_Breast {
        

        FrameTransformMatrix {
         0.063632,0.329529,-0.941999,0.000000,-0.003105,0.943973,0.330010,0.000000,0.997969,-0.018075,0.061090,0.000000,1.272745,-1.451999,1.209909,1.000000;;
        }
       }

       Frame L_Breast {
        

        FrameTransformMatrix {
         -0.063516,0.329530,0.942006,0.000000,0.003085,0.943972,-0.330010,0.000000,-0.997976,-0.018055,-0.060974,0.000000,1.272760,1.451767,1.209907,1.000000;;
        }
       }

       Frame L_spine3 {
        

        FrameTransformMatrix {
         0.984222,0.053364,-0.168700,0.000000,0.055215,-0.998455,0.006296,0.000000,-0.168103,-0.015511,-0.985647,0.000000,2.104034,3.093147,-0.411918,1.000000;;
        }
       }

       Frame R_spine3 {
        

        FrameTransformMatrix {
         0.985000,-0.054720,-0.163650,0.000000,-0.050346,-0.998258,0.030763,0.000000,-0.165048,-0.022062,-0.986039,0.000000,2.104042,-3.093148,-0.411909,1.000000;;
        }
       }
      }

      Frame FxCenter {
       

       FrameTransformMatrix {
        -0.081312,0.861437,0.501313,0.000000,0.996200,0.085987,0.013825,0.000000,-0.031197,0.500533,-0.865156,0.000000,1.000002,-0.000002,0.000000,1.000000;;
       }
      }

      Frame Weapon_Back {
       

       FrameTransformMatrix {
        -0.999294,-0.001121,-0.037550,0.000000,0.001121,-1.000000,0.000020,0.000000,-0.037550,-0.000022,0.999295,0.000000,4.711456,-0.000006,-2.809571,1.000000;;
       }
      }
     }
    }

    Frame Bip01-L-Thigh {
     

     FrameTransformMatrix {
      -0.946926,0.125497,-0.295943,0.000000,-0.132527,-0.991172,0.003733,0.000000,-0.292862,0.042755,0.955198,0.000000,-2.355776,2.566188,0.104820,1.000000;;
     }

     Frame Bip01-L-Calf {
      

      FrameTransformMatrix {
       0.984139,0.000000,-0.177398,0.000000,-0.000000,1.000000,0.000000,0.000000,0.177398,0.000000,0.984139,0.000000,10.047706,-0.000001,0.000000,1.000000;;
      }

      Frame Bip01-L-Foot {
       

       FrameTransformMatrix {
        0.928973,0.140179,0.342578,0.000000,-0.284540,0.862391,0.418711,0.000000,-0.236742,-0.486448,0.841024,0.000000,10.474942,0.000000,0.000002,1.000000;;
       }

       Frame Bip01-L-Toe0 {
        

        FrameTransformMatrix {
         -0.008660,0.046873,0.998864,0.000000,-0.053693,0.997438,-0.047272,0.000000,-0.998520,-0.054041,-0.006121,0.000000,3.213932,-0.000001,1.930074,1.000000;;
        }

        Frame Bip01-L-Toe0Nub {
         

         FrameTransformMatrix {
          -1.000000,0.000000,0.000691,0.000000,-0.000000,1.000000,-0.000000,0.000000,-0.000691,-0.000000,-1.000000,0.000000,1.879583,0.000001,0.000000,1.000000;;
         }
        }
       }
      }

      Frame L_Knee {
       

       FrameTransformMatrix {
        0.996029,0.000000,0.089026,0.000000,-0.000000,1.000000,-0.000000,0.000000,-0.089026,-0.000000,0.996029,0.000000,0.000000,0.000000,0.000000,1.000000;;
       }
      }

      Frame Bip01-LCalfTwist {
       

       FrameTransformMatrix {
        1.000000,-0.000000,0.000000,0.000000,-0.000000,0.974568,0.224093,0.000000,0.000000,-0.224093,0.974568,0.000000,0.000000,0.000000,0.000000,1.000000;;
       }
      }
     }

     Frame L_Thigh {
      

      FrameTransformMatrix {
       0.984767,0.064143,0.161618,0.000000,-0.070089,0.997048,0.031355,0.000000,-0.159130,-0.042205,0.986355,0.000000,0.000000,0.000000,0.000000,1.000000;;
      }
     }
    }

    Frame Bip01-R-Thigh {
     

     FrameTransformMatrix {
      -0.895439,-0.272262,0.352227,0.000000,0.306506,-0.950841,0.044232,0.000000,0.322868,0.147567,0.934869,0.000000,-2.355774,-2.566190,0.104834,1.000000;;
     }

     Frame Bip01-R-Calf {
      

      FrameTransformMatrix {
       0.673709,-0.000000,-0.738997,0.000000,-0.000000,1.000000,0.000000,0.000000,0.738996,0.000000,0.673709,0.000000,10.047699,-0.000000,0.000000,1.000000;;
      }

      Frame Bip01-R-Foot {
       

       FrameTransformMatrix {
        0.947685,-0.104016,0.301786,0.000000,0.181021,0.953821,-0.239702,0.000000,-0.262917,0.281792,0.922751,0.000000,10.474938,-0.000000,0.000000,1.000000;;
       }

       Frame Bip01-R-Toe0 {
        

        FrameTransformMatrix {
         -0.050797,-0.008129,0.998676,0.000000,0.065694,0.997774,0.011463,0.000000,-0.996546,0.066189,-0.050150,0.000000,3.213933,0.000000,1.930074,1.000000;;
        }

        Frame Bip01-R-Toe0Nub {
         

         FrameTransformMatrix {
          1.000000,-0.000000,0.000000,0.000000,-0.000000,1.000000,-0.000000,0.000000,0.000000,-0.000000,1.000000,0.000000,1.879584,0.000000,0.000000,1.000000;;
         }
        }
       }
      }

      Frame R_Knee {
       

       FrameTransformMatrix {
        0.914801,-0.000000,0.403905,0.000000,-0.000000,1.000000,0.000000,0.000000,-0.403905,-0.000000,0.914801,0.000000,0.000000,0.000000,0.000000,1.000000;;
       }
      }

      Frame Bip01-RCalfTwist {
       

       FrameTransformMatrix {
        1.000000,-0.000000,0.000000,0.000000,0.000000,0.992437,-0.122757,0.000000,-0.000000,0.122757,0.992437,0.000000,0.000000,0.000000,0.000000,1.000000;;
       }
      }
     }

     Frame R_Thigh {
      

      FrameTransformMatrix {
       0.976555,-0.143886,-0.160117,0.000000,0.126873,0.985589,-0.111883,0.000000,0.173908,0.088945,0.980737,0.000000,0.000000,0.000000,0.000000,1.000000;;
      }
     }
    }

    Frame Skirt_Dummy {
     

     FrameTransformMatrix {
      -1.000000,0.000565,0.000797,0.000000,-0.000565,-1.000000,0.000000,0.000000,0.000797,-0.000000,1.000000,0.000000,-0.033834,-0.000002,-0.263520,1.000000;;
     }
    }
   }
  }
 }
}

Frame Human_F_L00_Hand_Skel {
 

 FrameTransformMatrix {
  1.000000,0.000000,0.000000,0.000000,0.000000,1.000000,0.000000,0.000000,0.000000,0.000000,1.000000,0.000000,0.000000,0.000000,0.000000,1.000000;;
 }

 Mesh Human_F_L00_Hand_Skel {
  1622;
  1.719893;22.357770;11.907503;,
  1.690263;22.214373;11.920474;,
  1.683379;22.237710;11.851165;,
  1.583528;22.308619;12.041074;,
  1.624351;22.137275;11.899037;,
  1.672254;22.361682;12.030630;,
  1.714695;22.508155;12.004876;,
  1.666308;22.446886;12.097943;,
  1.686972;22.649477;12.126754;,
  1.640759;22.549459;12.212792;,
  1.666102;22.758926;12.230644;,
  1.612554;22.645352;12.332632;,
  1.537570;22.845630;12.431217;,
  1.546501;23.265016;12.487786;,
  1.610309;22.967598;12.337950;,
  1.488053;22.611198;12.348818;,
  1.524347;22.502989;12.216638;,
  1.345162;22.801899;12.412235;,
  1.371394;22.589966;12.304069;,
  1.406120;22.489902;12.185082;,
  1.560522;22.398653;12.096230;,
  1.263001;22.888720;12.304069;,
  1.313415;22.678821;12.192022;,
  1.346450;22.567819;12.092740;,
  1.447744;22.389954;12.073022;,
  1.486027;22.315021;12.007197;,
  1.536174;22.177795;11.898980;,
  1.468002;22.286837;11.887852;,
  1.550509;22.205731;11.835327;,
  1.397416;22.425106;11.976655;,
  0.935551;24.292874;12.338190;,
  1.106715;23.926891;12.597330;,
  1.017085;24.265662;12.569910;,
  1.029678;23.926322;12.393659;,
  1.168330;23.565331;12.653697;,
  1.086668;23.579278;12.479988;,
  1.205129;23.324669;12.686763;,
  1.121136;23.364155;12.515514;,
  1.258162;23.141731;12.597793;,
  1.174120;23.182642;12.459020;,
  1.284110;23.965021;12.620762;,
  1.356980;23.605293;12.674736;,
  1.409751;23.372072;12.707017;,
  1.452658;23.181339;12.612833;,
  1.508051;23.459538;12.553134;,
  1.466910;23.664706;12.519905;,
  1.403922;24.010512;12.446129;,
  1.367864;24.397558;12.427194;,
  1.219273;24.304107;12.596822;,
  0.951916;24.584413;12.534818;,
  1.148432;24.614494;12.567917;,
  1.275134;24.655810;12.507418;,
  1.345215;24.668251;12.564765;,
  1.424560;24.429514;12.566890;,
  1.534106;24.417573;12.727430;,
  1.436997;24.720093;12.650320;,
  1.743346;24.481165;12.733251;,
  1.643776;24.785458;12.697418;,
  1.789922;24.811355;12.596678;,
  1.607385;25.102821;12.491987;,
  1.177254;24.929802;12.431529;,
  0.925072;24.846790;12.392526;,
  0.863653;24.571658;12.403121;,
  0.956306;25.296550;12.165470;,
  0.850339;24.348830;12.268490;,
  1.866107;25.156942;12.479728;,
  1.449009;25.445938;12.223314;,
  0.847707;25.686306;11.903593;,
  0.496224;25.573142;11.724739;,
  0.551338;25.162144;11.989993;,
  0.628068;24.806027;12.191980;,
  2.179080;24.971027;12.644790;,
  2.064625;25.261547;12.397146;,
  1.778358;25.574885;12.139260;,
  1.276400;25.819126;11.934826;,
  0.979685;26.348227;11.595457;,
  0.606878;26.199944;11.621622;,
  0.359060;26.093798;11.492506;,
  0.165167;25.806438;11.178019;,
  1.597184;26.008194;11.837061;,
  2.054175;25.681555;11.896962;,
  2.236240;25.281134;12.119192;,
  0.097479;26.072634;11.033378;,
  0.266811;26.361008;11.316487;,
  0.490081;26.474803;11.419142;,
  0.866805;26.596062;11.391765;,
  1.399280;26.500749;11.440056;,
  1.869301;26.030434;11.627059;,
  2.202518;25.699235;11.700550;,
  1.253924;26.725392;11.196026;,
  2.511847;25.449562;11.491862;,
  2.296573;25.390974;11.733283;,
  2.290523;25.090349;11.990206;,
  2.318073;25.167126;11.630205;,
  2.491840;25.200650;11.447195;,
  2.746660;25.184790;11.475829;,
  2.589661;25.085464;11.436600;,
  2.661075;25.000157;11.454142;,
  2.901649;25.016112;11.502489;,
  3.006011;24.849909;11.134226;,
  3.158049;24.738422;11.268364;,
  3.074204;24.685032;11.179606;,
  3.122160;24.900085;11.250019;,
  3.038931;25.029851;11.205658;,
  3.017623;25.060750;11.410866;,
  2.870302;25.311598;11.353988;,
  2.675024;25.627918;11.288023;,
  2.306857;25.773486;11.517182;,
  3.166665;24.776846;11.376927;,
  3.235445;24.504082;11.315592;,
  2.438525;25.902064;11.241004;,
  2.066036;26.038261;11.486313;,
  2.893352;25.260578;11.114306;,
  2.712369;25.548419;10.989477;,
  2.473496;25.764058;10.867355;,
  2.182496;26.160744;11.168654;,
  1.946482;26.329666;11.175643;,
  2.235433;25.963939;10.778318;,
  2.181179;25.585533;10.659897;,
  2.409910;25.442715;10.770528;,
  2.631456;25.305526;10.886322;,
  2.797373;25.116002;11.009432;,
  2.937444;24.949080;11.100863;,
  1.944522;26.147202;10.714157;,
  1.922225;25.739938;10.585367;,
  1.690005;25.860680;10.558358;,
  1.508051;26.023013;10.524775;,
  1.663633;26.501062;11.072559;,
  1.715181;26.321762;10.669498;,
  1.510694;26.509213;10.600935;,
  1.360440;26.272811;10.488941;,
  1.500920;26.664283;10.929005;,
  0.571847;26.630602;9.901394;,
  0.139358;26.581014;10.093892;,
  0.371621;26.993242;9.552067;,
  0.827518;26.243875;10.378331;,
  0.393755;26.172637;10.526508;,
  0.999526;26.062741;10.552676;,
  0.408226;25.908043;10.743705;,
  0.097479;26.072634;11.033378;,
  0.020516;26.289170;10.859379;,
  0.266811;26.361008;11.316487;,
  0.153921;26.599611;11.150548;,
  -0.201607;26.655638;10.429765;,
  -0.040039;26.925424;9.773735;,
  -0.106254;26.906112;9.700482;,
  0.352941;26.968618;9.449866;,
  -0.337203;27.187373;9.343084;,
  0.186990;27.218854;9.081241;,
  -0.336406;27.286355;9.315122;,
  -0.281325;27.289930;9.288263;,
  -0.394440;27.049366;10.071268;,
  -0.438191;27.001722;9.989808;,
  -0.632647;27.279933;9.636522;,
  -0.673071;27.422630;9.643336;,
  -0.990771;27.776096;9.215976;,
  -0.644699;27.638230;8.817734;,
  -1.469357;28.342211;8.574031;,
  -0.830695;28.151978;9.599478;,
  0.181631;27.100458;10.873706;,
  0.395868;26.682061;11.260619;,
  -0.037944;26.934694;10.762309;,
  -0.441166;27.638915;10.100430;,
  -0.159289;27.837094;10.229792;,
  -0.446541;28.422058;9.818950;,
  -1.029289;30.408854;8.556905;,
  -1.299382;30.145165;8.484407;,
  -1.396806;30.212195;8.520386;,
  -1.035809;30.373933;8.720923;,
  -0.641995;30.448086;8.790056;,
  -1.010903;29.414861;9.157597;,
  -0.330889;29.637936;9.263532;,
  0.081529;28.567514;9.869810;,
  0.293092;27.982166;10.265462;,
  -0.163446;30.396749;8.654728;,
  -0.608487;30.377997;8.592880;,
  -0.617037;30.493363;8.633830;,
  -0.164019;30.330445;8.789892;,
  -0.987335;30.305866;8.520330;,
  0.505650;28.585408;9.776949;,
  0.367788;29.536029;9.212439;,
  0.224131;30.171053;8.792840;,
  0.200845;30.258397;8.681508;,
  0.134853;30.165613;8.634894;,
  -0.191807;30.292672;8.609405;,
  0.544472;29.777011;8.485417;,
  0.443823;29.730547;8.456883;,
  0.582860;29.730768;8.619966;,
  0.636331;29.343856;8.628556;,
  0.734377;28.960320;8.814510;,
  0.702071;29.298467;8.519053;,
  0.748117;29.196230;8.453527;,
  0.633209;29.256496;8.195882;,
  0.258939;28.665418;7.400763;,
  -0.357544;28.101939;7.756568;,
  -0.452458;28.431661;7.234078;,
  0.177996;28.800890;7.337849;,
  0.521483;29.087987;7.855014;,
  0.422975;29.107779;7.882225;,
  0.524021;29.260096;8.192613;,
  0.587042;29.299562;8.488002;,
  0.111646;28.848304;7.410418;,
  -0.461428;28.589818;7.187778;,
  -0.470639;28.657549;7.274784;,
  3.237787;24.327150;11.646955;,
  3.010386;24.418616;11.605653;,
  3.161366;24.255648;11.635082;,
  3.332220;24.206373;11.623778;,
  3.263995;24.168330;11.596976;,
  3.387424;24.231429;11.610866;,
  3.436706;24.188752;11.540703;,
  3.360202;24.145486;11.542400;,
  3.349894;24.154094;11.437065;,
  3.333381;24.402453;11.470743;,
  3.293579;24.425698;11.581654;,
  3.399837;24.198546;11.444794;,
  3.305447;24.366789;11.364682;,
  3.252959;24.267018;11.325165;,
  3.164415;24.446797;11.235689;,
  3.097320;24.936464;11.436646;,
  2.965853;24.921051;11.528627;,
  3.022918;24.765997;11.565069;,
  3.140414;24.791574;11.484955;,
  3.126564;24.539994;11.627740;,
  3.234786;24.582366;11.555422;,
  3.267811;24.531131;11.436784;,
  2.778027;24.877043;11.477322;,
  2.840397;24.831072;11.494366;,
  2.882354;24.684766;11.538021;,
  1.249265;27.040083;10.155682;,
  1.008874;27.810134;9.943100;,
  1.243211;27.204179;10.455878;,
  1.061619;27.531635;9.689630;,
  0.686183;28.005056;10.195137;,
  0.992046;27.291002;10.754028;,
  0.864268;28.220691;9.546604;,
  0.951624;28.132294;9.510734;,
  0.896698;27.937562;9.227610;,
  0.832566;28.327728;9.442837;,
  0.590937;27.253664;10.852713;,
  1.196507;26.406008;10.333416;,
  1.020057;26.793598;9.903578;,
  0.818689;27.189427;9.494096;,
  1.104382;27.588134;9.618971;,
  1.066237;27.819552;9.828395;,
  0.975345;27.904528;9.258855;,
  0.352941;26.968618;9.449866;,
  0.835956;27.171814;9.355696;,
  0.371621;26.993242;9.552067;,
  0.571847;26.630602;9.901394;,
  0.827518;26.243875;10.378331;,
  1.360440;26.272811;10.488941;,
  1.387017;26.675629;10.462026;,
  1.510694;26.509213;10.600935;,
  1.357944;26.840389;10.788442;,
  0.999526;26.062741;10.552676;,
  0.766874;26.790150;11.231886;,
  1.149326;26.908595;11.028074;,
  1.500920;26.664283;10.929005;,
  1.253924;26.725392;11.196026;,
  0.866805;26.596062;11.391765;,
  0.490081;26.474803;11.419142;,
  0.702072;29.298467;-8.519055;,
  0.734377;28.960320;-8.814512;,
  0.636332;29.343859;-8.628559;,
  0.748117;29.196230;-8.453531;,
  0.633210;29.256496;-8.195886;,
  0.587043;29.299562;-8.488005;,
  0.524021;29.260096;-8.192615;,
  0.443823;29.730547;-8.456886;,
  0.521483;29.087987;-7.855017;,
  0.422975;29.107779;-7.882227;,
  0.646516;28.965830;-7.922646;,
  0.691128;28.634842;-8.332646;,
  0.855619;28.056954;-9.090805;,
  0.832566;28.327731;-9.442841;,
  0.896698;27.937562;-9.227614;,
  0.622172;27.525642;-9.009886;,
  0.177997;28.800893;-7.337851;,
  0.111646;28.848304;-7.410421;,
  0.258939;28.665418;-7.400766;,
  0.325603;28.293808;-7.879361;,
  0.527050;27.731494;-8.693155;,
  -0.452457;28.431661;-7.234081;,
  -0.461428;28.589818;-7.187781;,
  -0.470639;28.657549;-7.274787;,
  0.975345;27.904528;-9.258858;,
  0.688550;27.424003;-8.992494;,
  0.186991;27.218854;-9.081245;,
  0.151850;27.324630;-9.063890;,
  -0.025863;27.597658;-8.583383;,
  -0.357544;28.101939;-7.756571;,
  0.827519;26.243874;-10.378333;,
  1.360441;26.272816;-10.488944;,
  1.196508;26.406008;-10.333419;,
  1.020058;26.793597;-9.903581;,
  0.571848;26.630603;-9.901397;,
  0.818690;27.189427;-9.494098;,
  0.371622;26.993245;-9.552070;,
  0.352942;26.968618;-9.449868;,
  0.835956;27.171814;-9.355698;,
  1.104383;27.588134;-9.618974;,
  1.061620;27.531635;-9.689634;,
  0.864268;28.220691;-9.546606;,
  0.686183;28.005059;-10.195140;,
  0.505651;28.585408;-9.776952;,
  1.008874;27.810138;-9.943103;,
  0.951624;28.132294;-9.510738;,
  1.066238;27.819555;-9.828398;,
  1.249266;27.040086;-10.155686;,
  0.081530;28.567517;-9.869814;,
  0.367789;29.536029;-9.212442;,
  -0.336405;27.286355;-9.315125;,
  -0.990770;27.776096;-9.215978;,
  -0.673070;27.422634;-9.643339;,
  -0.830695;28.151978;-9.599481;,
  -0.441166;27.638915;-10.100434;,
  -0.446540;28.422058;-9.818954;,
  -0.159288;27.837094;-10.229794;,
  0.293093;27.982170;-10.265466;,
  0.992047;27.291005;-10.754032;,
  1.243212;27.204182;-10.455881;,
  1.387018;26.675632;-10.462031;,
  1.357945;26.840394;-10.788446;,
  1.149327;26.908592;-11.028076;,
  0.590938;27.253667;-10.852715;,
  0.766875;26.790152;-11.231888;,
  0.395869;26.682062;-11.260622;,
  0.181632;27.100461;-10.873709;,
  0.153922;26.599611;-11.150549;,
  0.490082;26.474803;-11.419145;,
  0.866806;26.596062;-11.391766;,
  1.253925;26.725389;-11.196028;,
  1.500920;26.664282;-10.929006;,
  1.510695;26.509214;-10.600938;,
  0.999526;26.062741;-10.552678;,
  0.171949;29.225846;-9.192057;,
  0.687671;28.185104;-9.378069;,
  0.327701;28.351181;-9.621956;,
  0.555164;29.045341;-8.815114;,
