xof 0303txt 0032
template ColorRGBA {
 <35ff44e0-6c7c-11cf-8f52-0040333594a3>
 FLOAT red;
 FLOAT green;
 FLOAT blue;
 FLOAT alpha;
}

template ColorRGB {
 <d3e16e81-7835-11cf-8f52-0040333594a3>
 FLOAT red;
 FLOAT green;
 FLOAT blue;
}

template Material {
 <3d82ab4d-62da-11cf-ab39-0020af71e433>
 ColorRGBA faceColor;
 FLOAT power;
 ColorRGB specularColor;
 ColorRGB emissiveColor;
 [...]
}

template TextureFilename {
 <a42790e1-7810-11cf-8f52-0040333594a3>
 STRING filename;
}

template Frame {
 <3d82ab46-62da-11cf-ab39-0020af71e433>
 [...]
}

template Matrix4x4 {
 <f6f23f45-7686-11cf-8f52-0040333594a3>
 array FLOAT matrix[16];
}

template FrameTransformMatrix {
 <f6f23f41-7686-11cf-8f52-0040333594a3>
 Matrix4x4 frameMatrix;
}

template Vector {
 <3d82ab5e-62da-11cf-ab39-0020af71e433>
 FLOAT x;
 FLOAT y;
 FLOAT z;
}

template MeshFace {
 <3d82ab5f-62da-11cf-ab39-0020af71e433>
 DWORD nFaceVertexIndices;
 array DWORD faceVertexIndices[nFaceVertexIndices];
}

template Mesh {
 <3d82ab44-62da-11cf-ab39-0020af71e433>
 DWORD nVertices;
 array Vector vertices[nVertices];
 DWORD nFaces;
 array MeshFace faces[nFaces];
 [...]
}

template MeshNormals {
 <f6f23f43-7686-11cf-8f52-0040333594a3>
 DWORD nNormals;
 array Vector normals[nNormals];
 DWORD nFaceNormals;
 array MeshFace faceNormals[nFaceNormals];
}

template MeshMaterialList {
 <f6f23f42-7686-11cf-8f52-0040333594a3>
 DWORD nMaterials;
 DWORD nFaceIndexes;
 array DWORD faceIndexes[nFaceIndexes];
 [Material <3d82ab4d-62da-11cf-ab39-0020af71e433>]
}

template Coords2d {
 <f6f23f44-7686-11cf-8f52-0040333594a3>
 FLOAT u;
 FLOAT v;
}

template MeshTextureCoords {
 <f6f23f40-7686-11cf-8f52-0040333594a3>
 DWORD nTextureCoords;
 array Coords2d textureCoords[nTextureCoords];
}

template XSkinMeshHeader {
 <3cf169ce-ff7c-44ab-93c0-f78f62d172e2>
 WORD nMaxSkinWeightsPerVertex;
 WORD nMaxSkinWeightsPerFace;
 WORD nBones;
}

template SkinWeights {
 <6f0d123b-bad2-4167-a0d0-80224f25fabb>
 STRING transformNodeName;
 DWORD nWeights;
 array DWORD vertexIndices[nWeights];
 array FLOAT weights[nWeights];
 Matrix4x4 matrixOffset;
}


Material Material__36 {
 1.000000;1.000000;1.000000;1.000000;;
 10.000000;
 0.000000;0.000000;0.000000;;
 0.000000;0.000000;0.000000;;

 TextureFilename {
  "Human_F_L09_Hand_diff.dds";
 }
}

Frame Dummy_root {
 

 FrameTransformMatrix {
  1.000000,0.000000,0.000000,0.000000,0.000000,1.000000,0.000000,0.000000,0.000000,0.000000,1.000000,0.000000,0.000000,23.000000,0.000000,1.000000;;
 }

 Frame FxBottom {
  

  FrameTransformMatrix {
   1.000000,0.000000,0.000000,0.000000,0.000000,1.000000,0.000000,0.000000,-0.000000,0.000000,1.000000,0.000000,0.000000,-23.000000,-0.000000,1.000000;;
  }
 }

 Frame Bip01 {
  

  FrameTransformMatrix {
   1.000000,0.000000,0.000001,0.000000,0.000000,1.000000,0.000000,0.000000,-0.000001,0.000000,1.000000,0.000000,-0.194762,0.659397,0.000000,1.000000;;
  }

  Frame Bip01-Pelvis {
   

   FrameTransformMatrix {
    0.000001,1.000000,-0.000001,0.000000,-0.000001,0.000001,1.000000,0.000000,1.000000,-0.000001,0.000001,0.000000,0.000000,0.000000,0.000000,1.000000;;
   }

   Frame Bip01-Spine {
    

    FrameTransformMatrix {
     0.999030,0.000001,0.044033,0.000000,-0.000001,1.000000,0.000004,0.000000,-0.044033,-0.000004,0.999030,0.000000,2.358109,0.000003,-0.000993,1.000000;;
    }

    Frame Bip01-Spine1 {
     

     FrameTransformMatrix {
      0.998814,0.000000,0.048692,0.000000,-0.000000,1.000000,0.000000,0.000000,-0.048692,-0.000000,0.998814,0.000000,0.209322,0.000000,-0.002767,1.000000;;
     }

     Frame Bip01-Spine2 {
      

      FrameTransformMatrix {
       0.993206,-0.000000,-0.116369,0.000000,0.000000,1.000000,-0.000001,0.000000,0.116369,0.000001,0.993206,0.000000,3.478325,0.000000,-0.001152,1.000000;;
      }

      Frame Bip01-Spine3 {
       

       FrameTransformMatrix {
        0.996891,-0.000000,-0.078796,0.000000,0.000000,1.000000,0.000001,0.000000,0.078797,-0.000001,0.996891,0.000000,1.456833,0.000000,-0.004309,1.000000;;
       }

       Frame Bip01-Neck {
        

        FrameTransformMatrix {
         0.976813,0.000001,0.214095,0.000000,-0.000001,1.000000,-0.000000,0.000000,-0.214095,-0.000000,0.976813,0.000000,5.539909,-0.000000,-0.690872,1.000000;;
        }

        Frame Bip01-Head {
         

         FrameTransformMatrix {
          0.999957,-0.000000,-0.009206,0.000000,0.000000,1.000000,0.000000,0.000000,0.009206,-0.000000,0.999958,0.000000,2.474243,-0.000000,0.000001,1.000000;;
         }

         Frame Bip01-HeadNub {
          

          FrameTransformMatrix {
           1.000000,0.000000,0.000000,0.000000,-0.000000,1.000000,0.000000,0.000000,0.000000,0.000000,1.000000,0.000000,4.628933,0.000000,-0.000001,1.000000;;
          }
         }

         Frame FxTop {
          

          FrameTransformMatrix {
           0.103621,0.000001,0.994617,0.000000,0.994617,-0.000000,-0.103621,0.000000,0.000000,1.000000,-0.000001,0.000000,4.500030,-0.000003,-0.000001,1.000000;;
          }
         }
        }

        Frame Bip01-L-Clavicle {
         

         FrameTransformMatrix {
          -0.249952,0.966695,0.054990,0.000000,0.944115,0.255930,-0.207716,0.000000,-0.214872,-0.000003,-0.976642,0.000000,-0.753037,0.957158,0.028459,1.000000;;
         }

         Frame Bip01-L-UpperArm {
          

          FrameTransformMatrix {
           0.798872,-0.594051,0.094384,0.000000,0.578815,0.801906,0.148056,0.000000,-0.163640,-0.063647,0.984465,0.000000,2.305936,-0.000011,0.000000,1.000000;;
          }

          Frame Bip01-L-Forearm {
           

           FrameTransformMatrix {
            0.930629,-0.000000,-0.365965,0.000000,0.000000,1.000000,-0.000000,0.000000,0.365966,-0.000000,0.930628,0.000000,6.131235,0.000004,-0.000001,1.000000;;
           }

           Frame Bip01-L-Hand {
            

            FrameTransformMatrix {
             0.989065,-0.040579,0.141787,0.000000,-0.144471,-0.073386,0.986784,0.000000,-0.029638,-0.996478,-0.078446,0.000000,6.144241,0.000002,-0.000001,1.000000;;
            }

            Frame Bip01-L-Finger0 {
             

             FrameTransformMatrix {
              0.722825,-0.531684,0.441403,0.000000,0.371541,-0.239557,-0.896978,0.000000,0.582649,0.812358,0.024385,0.000000,0.431652,-0.683446,0.267920,1.000000;;
             }

             Frame Bip01-L-Finger01 {
              

              FrameTransformMatrix {
               0.985852,0.000000,0.167616,0.000000,0.000000,1.000000,0.000000,0.000000,-0.167616,0.000000,0.985852,0.000000,1.065220,0.000002,-0.000002,1.000000;;
              }

              Frame Bip01-L-Finger02 {
               

               FrameTransformMatrix {
                0.950838,0.000000,0.309691,0.000000,0.000000,1.000000,-0.000000,0.000000,-0.309691,0.000000,0.950837,0.000000,0.739169,0.000000,-0.000001,1.000000;;
               }

               Frame Bip01-L-Finger0Nub {
                

                FrameTransformMatrix {
                 1.000000,0.000000,-0.000000,0.000000,-0.000000,1.000000,-0.000000,0.000000,0.000000,0.000000,1.000000,0.000000,0.862499,-0.000004,0.000002,1.000000;;
                }
               }
              }
             }
            }

            Frame Bip01-L-Finger1 {
             

             FrameTransformMatrix {
              0.890676,0.007232,0.454582,0.000000,0.005919,0.999604,-0.027500,0.000000,-0.454601,0.027185,0.890280,0.000000,2.096303,-0.862208,-0.077711,1.000000;;
             }

             Frame Bip01-L-Finger11 {
              

              FrameTransformMatrix {
               0.877627,-0.000000,0.479344,0.000000,0.000000,1.000000,-0.000000,0.000000,-0.479344,0.000000,0.877627,0.000000,1.331196,-0.000001,0.000001,1.000000;;
              }

              Frame Bip01-L-Finger12 {
               

               FrameTransformMatrix {
                0.932921,-0.000000,0.360082,0.000000,-0.000000,1.000000,0.000001,0.000000,-0.360082,-0.000001,0.932920,0.000000,0.723103,0.000002,0.000002,1.000000;;
               }

               Frame Bip01-L-Finger1Nub {
                

                FrameTransformMatrix {
                 1.000000,0.000000,-0.000000,0.000000,-0.000000,1.000000,-0.000001,0.000000,0.000000,0.000001,1.000000,0.000000,0.679665,-0.000001,0.000003,1.000000;;
                }
               }
              }
             }
            }

            Frame Bip01-L-Finger2 {
             

             FrameTransformMatrix {
              0.882745,0.035112,0.468540,0.000000,-0.013270,0.998669,-0.049838,0.000000,-0.469665,0.037776,0.882036,0.000000,2.179710,-0.283319,-0.116972,1.000000;;
             }

             Frame Bip01-L-Finger21 {
              

              FrameTransformMatrix {
               0.795542,0.000000,0.605898,0.000000,-0.000000,1.000000,0.000001,0.000000,-0.605899,-0.000001,0.795542,0.000000,1.406767,0.000002,0.000001,1.000000;;
              }

              Frame Bip01-L-Finger22 {
               

               FrameTransformMatrix {
                0.981120,0.000000,0.193399,0.000000,0.000000,1.000000,0.000000,0.000000,-0.193399,-0.000000,0.981120,0.000000,0.840509,0.000003,-0.000001,1.000000;;
               }

               Frame Bip01-L-Finger2Nub {
                

                FrameTransformMatrix {
                 1.000000,0.000000,-0.000000,0.000000,-0.000000,1.000000,-0.000001,0.000000,-0.000000,0.000001,1.000000,0.000000,0.664877,-0.000001,0.000001,1.000000;;
                }
               }
              }
             }
            }

            Frame Bip01-L-Finger3 {
             

             FrameTransformMatrix {
              0.896787,0.157211,0.413592,0.000000,-0.134986,0.987396,-0.082633,0.000000,-0.421369,0.018276,0.906705,0.000000,2.073347,0.186408,-0.130486,1.000000;;
             }

             Frame Bip01-L-Finger31 {
              

              FrameTransformMatrix {
               0.760569,-0.000000,0.649258,0.000000,0.000000,1.000000,0.000000,0.000000,-0.649258,0.000000,0.760569,0.000000,1.365458,-0.000000,0.000000,1.000000;;
              }

              Frame Bip01-L-Finger32 {
               

               FrameTransformMatrix {
                0.978941,0.000000,0.204143,0.000000,-0.000000,1.000000,-0.000000,0.000000,-0.204143,0.000000,0.978941,0.000000,0.768665,0.000001,0.000006,1.000000;;
               }

               Frame Bip01-L-Finger3Nub {
                

                FrameTransformMatrix {
                 1.000000,-0.000000,-0.000000,0.000000,0.000000,1.000000,0.000000,0.000000,0.000000,-0.000000,1.000000,0.000000,0.649355,-0.000001,-0.000002,1.000000;;
                }
               }
              }
             }
            }

            Frame Bip01-L-Finger4 {
             

             FrameTransformMatrix {
              0.885085,0.251359,0.391718,0.000000,-0.224522,0.967811,-0.113722,0.000000,-0.407693,0.012705,0.913031,0.000000,1.882342,0.690610,0.070723,1.000000;;
             }

             Frame Bip01-L-Finger41 {
              

              FrameTransformMatrix {
               0.785957,0.000000,0.618281,0.000000,0.000000,1.000000,-0.000000,0.000000,-0.618281,0.000000,0.785957,0.000000,1.108318,-0.000001,-0.000002,1.000000;;
              }

              Frame Bip01-L-Finger42 {
               

               FrameTransformMatrix {
                0.944871,-0.000000,0.327444,0.000000,0.000000,1.000000,0.000000,0.000000,-0.327444,-0.000000,0.944871,0.000000,0.520340,-0.000000,0.000000,1.000000;;
               }

               Frame Bip01-L-Finger4Nub {
                

                FrameTransformMatrix {
                 1.000000,-0.000000,0.000000,0.000000,0.000000,1.000000,-0.000000,0.000000,0.000000,0.000000,1.000000,0.000000,0.515337,0.000001,0.000002,1.000000;;
                }
               }
              }
             }
            }

            Frame FxHand00 {
             

             FrameTransformMatrix {
              0.220347,-0.936490,0.272824,0.000000,-0.759401,-0.340240,-0.554568,0.000000,0.612173,-0.084986,-0.786143,0.000000,1.500001,0.499998,2.000002,1.000000;;
             }
            }

            Frame L_Sword {
             

             FrameTransformMatrix {
              0.976767,0.039080,-0.210713,0.000000,0.070766,-0.986898,0.145000,0.000000,-0.202285,-0.156543,-0.966734,0.000000,-0.000001,0.000000,0.000002,1.000000;;
             }
            }
           }

           Frame L_Elbow {
            

            FrameTransformMatrix {
             0.982504,0.000000,0.186241,0.000000,-0.000000,1.000000,-0.000000,0.000000,-0.186241,0.000000,0.982504,0.000000,0.000002,-0.000002,0.000001,1.000000;;
            }
           }

           Frame L_Shield {
            

            FrameTransformMatrix {
             1.000000,-0.000000,0.000000,0.000000,0.000000,1.000000,-0.000000,0.000000,-0.000000,-0.000000,1.000000,0.000000,2.500004,2.500000,-0.000001,1.000000;;
            }
           }

           Frame Bip01-L-ForeTwist {
            

            FrameTransformMatrix {
             1.000000,0.000000,-0.000000,0.000000,-0.000000,0.999311,0.037108,0.000000,-0.000000,-0.037108,0.999311,0.000000,0.000002,-0.000002,0.000001,1.000000;;
            }
           }
          }

          Frame L_Shoulder {
           

           FrameTransformMatrix {
            0.948343,0.307755,-0.077029,0.000000,-0.311669,0.949122,-0.045064,0.000000,0.059241,0.066743,0.996010,0.000000,-0.000002,0.000004,0.000000,1.000000;;
           }
          }

          Frame L_Shoulder_Twist {
           

           FrameTransformMatrix {
            1.000000,-0.000000,-0.000000,0.000000,-0.000000,1.000000,-0.000000,0.000000,0.000000,0.000000,1.000000,0.000000,-0.000002,0.000004,-0.000000,1.000000;;
           }
          }
         }
        }

        Frame Bip01-R-Clavicle {
         

         FrameTransformMatrix {
          -0.249952,-0.966695,0.054995,0.000000,-0.944115,0.255931,0.207715,0.000000,-0.214872,-0.000003,-0.976642,0.000000,-0.753037,-0.957160,0.028464,1.000000;;
         }

         Frame Bip01-R-UpperArm {
          

          FrameTransformMatrix {
           0.798872,0.594050,0.094384,0.000000,-0.578814,0.801906,-0.148056,0.000000,-0.163640,0.063647,0.984465,0.000000,2.305936,0.000004,0.000002,1.000000;;
          }

          Frame Bip01-R-Forearm {
           

           FrameTransformMatrix {
            0.930628,0.000000,-0.365965,0.000000,-0.000000,1.000000,0.000000,0.000000,0.365965,0.000000,0.930628,0.000000,6.131233,0.000000,-0.000001,1.000000;;
           }

           Frame Bip01-R-Hand {
            

            FrameTransformMatrix {
             0.989065,0.040580,0.141786,0.000000,0.144470,-0.073387,-0.986784,0.000000,-0.029639,0.996478,-0.078447,0.000000,6.144236,-0.000002,-0.000002,1.000000;;
            }

            Frame Bip01-R-Finger0 {
             

             FrameTransformMatrix {
              0.722826,0.531683,0.441402,0.000000,-0.371541,-0.239557,0.896978,0.000000,0.582649,-0.812358,0.024384,0.000000,0.431660,0.683446,0.267918,1.000000;;
             }

             Frame Bip01-R-Finger01 {
              

              FrameTransformMatrix {
               0.985852,0.000000,0.167616,0.000000,-0.000000,1.000001,-0.000000,0.000000,-0.167616,0.000000,0.985853,0.000000,1.065219,-0.000002,-0.000004,1.000000;;
              }

              Frame Bip01-R-Finger02 {
               

               FrameTransformMatrix {
                0.950838,-0.000000,0.309691,0.000000,0.000000,1.000000,0.000000,0.000000,-0.309691,0.000000,0.950837,0.000000,0.739166,0.000002,-0.000001,1.000000;;
               }

               Frame Bip01-R-Finger0Nub {
                

                FrameTransformMatrix {
                 -1.000000,0.000000,0.000001,0.000000,0.000000,1.000000,-0.000000,0.000000,-0.000001,-0.000000,-1.000000,0.000000,0.862501,0.000002,0.000000,1.000000;;
                }
               }
              }
             }
            }

            Frame Bip01-R-Finger1 {
             

             FrameTransformMatrix {
              0.890676,-0.007232,0.454582,0.000000,-0.005919,0.999604,0.027500,0.000000,-0.454601,-0.027184,0.890280,0.000000,2.096310,0.862208,-0.077709,1.000000;;
             }

             Frame Bip01-R-Finger11 {
              

              FrameTransformMatrix {
               0.877627,0.000000,0.479344,0.000000,0.000000,1.000000,-0.000000,0.000000,-0.479344,-0.000000,0.877628,0.000000,1.331186,0.000000,-0.000006,1.000000;;
              }

              Frame Bip01-R-Finger12 {
               

               FrameTransformMatrix {
                0.932920,-0.000000,0.360082,0.000000,0.000000,1.000000,0.000000,0.000000,-0.360082,0.000000,0.932921,0.000000,0.723101,0.000002,0.000000,1.000000;;
               }

               Frame Bip01-R-Finger1Nub {
                

                FrameTransformMatrix {
                 -1.000000,-0.000000,0.000000,0.000000,-0.000000,1.000000,-0.000001,0.000000,-0.000000,-0.000001,-1.000000,0.000000,0.679667,0.000001,0.000001,1.000000;;
                }
               }
              }
             }
            }

            Frame Bip01-R-Finger2 {
             

             FrameTransformMatrix {
              0.882745,-0.035112,0.468539,0.000000,0.013271,0.998669,0.049837,0.000000,-0.469666,-0.037775,0.882036,0.000000,2.179718,0.283316,-0.116970,1.000000;;
             }

             Frame Bip01-R-Finger21 {
              

              FrameTransformMatrix {
               0.795542,-0.000000,0.605899,0.000000,0.000000,1.000000,0.000000,0.000000,-0.605899,-0.000000,0.795542,0.000000,1.406759,0.000000,0.000000,1.000000;;
              }

              Frame Bip01-R-Finger22 {
               

               FrameTransformMatrix {
                0.981120,0.000000,0.193398,0.000000,0.000000,1.000000,-0.000000,0.000000,-0.193399,0.000000,0.981121,0.000000,0.840506,-0.000001,-0.000001,1.000000;;
               }

               Frame Bip01-R-Finger2Nub {
                

                FrameTransformMatrix {
                 -1.000000,0.000000,0.000000,0.000000,0.000000,1.000000,0.000000,0.000000,-0.000000,0.000000,-1.000000,0.000000,0.664875,0.000001,0.000000,1.000000;;
                }
               }
              }
             }
            }

            Frame Bip01-R-Finger3 {
             

             FrameTransformMatrix {
              0.896787,-0.157212,0.413591,0.000000,0.134986,0.987396,0.082633,0.000000,-0.421369,-0.018275,0.906705,0.000000,2.073351,-0.186411,-0.130486,1.000000;;
             }

             Frame Bip01-R-Finger31 {
              

              FrameTransformMatrix {
               0.760569,-0.000000,0.649257,0.000000,0.000000,1.000000,0.000000,0.000000,-0.649257,-0.000000,0.760569,0.000000,1.365459,0.000002,0.000002,1.000000;;
              }

              Frame Bip01-R-Finger32 {
               

               FrameTransformMatrix {
                0.978941,-0.000000,0.204143,0.000000,0.000000,1.000000,-0.000000,0.000000,-0.204143,0.000000,0.978941,0.000000,0.768665,-0.000000,0.000000,1.000000;;
               }

               Frame Bip01-R-Finger3Nub {
                

                FrameTransformMatrix {
                 -1.000000,-0.000000,0.000000,0.000000,-0.000000,1.000000,0.000000,0.000000,-0.000000,0.000000,-1.000000,0.000000,0.649363,0.000000,0.000000,1.000000;;
                }
               }
              }
             }
            }

            Frame Bip01-R-Finger4 {
             

             FrameTransformMatrix {
              0.885086,-0.251359,0.391718,0.000000,0.224522,0.967810,0.113722,0.000000,-0.407694,-0.012705,0.913031,0.000000,1.882352,-0.690609,0.070721,1.000000;;
             }

             Frame Bip01-R-Finger41 {
              

              FrameTransformMatrix {
               0.785957,-0.000000,0.618281,0.000000,0.000000,1.000000,-0.000000,0.000000,-0.618281,0.000000,0.785957,0.000000,1.108313,0.000001,-0.000002,1.000000;;
              }

              Frame Bip01-R-Finger42 {
               

               FrameTransformMatrix {
                0.944871,0.000000,0.327444,0.000000,-0.000000,1.000000,-0.000000,0.000000,-0.327444,0.000000,0.944871,0.000000,0.520338,0.000000,0.000001,1.000000;;
               }

               Frame Bip01-R-Finger4Nub {
                

                FrameTransformMatrix {
                 -1.000000,0.000000,0.000000,0.000000,0.000000,1.000000,0.000000,0.000000,-0.000000,0.000000,-1.000000,0.000000,0.515341,-0.000000,0.000000,1.000000;;
                }
               }
              }
             }
            }

            Frame FxHand01 {
             

             FrameTransformMatrix {
              0.220350,0.936490,0.272822,0.000000,-0.759401,0.340241,-0.554568,0.000000,-0.612173,-0.084982,0.786144,0.000000,1.500008,-0.499999,2.000004,1.000000;;
             }
            }

            Frame R_Sword {
             

             FrameTransformMatrix {
              0.976767,-0.039081,-0.210713,0.000000,0.070767,0.986898,0.145001,0.000000,0.202285,-0.156543,0.966734,0.000000,0.000006,-0.000001,0.000004,1.000000;;
             }
            }
           }

           Frame R_Elbow {
            

            FrameTransformMatrix {
             0.982504,0.000000,0.186241,0.000000,-0.000000,1.000000,-0.000000,0.000000,-0.186241,0.000000,0.982504,0.000000,0.000000,0.000002,-0.000001,1.000000;;
            }
           }

           Frame Bip01-R-ForeTwist {
            

            FrameTransformMatrix {
             1.000000,-0.000000,-0.000000,0.000000,-0.000000,0.999311,-0.037108,0.000000,0.000000,0.037108,0.999311,0.000000,0.000000,0.000002,-0.000001,1.000000;;
            }
           }
          }

          Frame R_Shoulder {
           

           FrameTransformMatrix {
            0.948342,-0.307756,-0.077029,0.000000,0.311669,0.949122,0.045063,0.000000,0.059241,-0.066743,0.996010,0.000000,0.000000,0.000000,0.000000,1.000000;;
           }
          }

          Frame R_Shoulder_Twist {
           

           FrameTransformMatrix {
            1.000000,0.000000,-0.000000,0.000000,-0.000000,1.000000,-0.000000,0.000000,-0.000000,0.000000,1.000000,0.000000,0.000000,0.000000,0.000000,1.000000;;
           }
          }
         }
        }
       }

       Frame R_Breast {
        

        FrameTransformMatrix {
         0.063560,0.329543,-0.941999,0.000000,-0.003088,0.943968,0.330024,0.000000,0.997973,-0.018067,0.061016,0.000000,1.272751,-1.452000,1.209911,1.000000;;
        }
       }

       Frame L_Breast {
        

        FrameTransformMatrix {
         -0.063560,0.329545,0.941998,0.000000,0.003087,0.943967,-0.330025,0.000000,-0.997973,-0.018068,-0.061016,0.000000,1.272759,1.451767,1.209908,1.000000;;
        }
       }

       Frame L_spine3 {
        

        FrameTransformMatrix {
         0.980445,0.043404,-0.191946,0.000000,0.044220,-0.999022,-0.000033,0.000000,-0.191760,-0.008456,-0.981405,0.000000,2.104034,3.093147,-0.411915,1.000000;;
        }
       }

       Frame R_spine3 {
        

        FrameTransformMatrix {
         0.980446,-0.043406,-0.191942,0.000000,-0.044221,-0.999022,0.000038,0.000000,-0.191756,0.008450,-0.981406,0.000000,2.104046,-3.093148,-0.411908,1.000000;;
        }
       }
      }

      Frame FxCenter {
       

       FrameTransformMatrix {
        -0.023870,0.000000,0.999715,0.000000,0.999715,0.000000,0.023871,0.000000,0.000000,1.000000,-0.000000,0.000000,1.000006,-0.000002,0.000000,1.000000;;
       }
      }

      Frame Weapon_Back {
       

       FrameTransformMatrix {
        -0.999295,-0.000000,-0.037550,0.000000,0.000000,-1.000000,0.000000,0.000000,-0.037550,0.000000,0.999295,0.000000,4.711470,-0.000002,-2.809570,1.000000;;
       }
      }
     }
    }

    Frame Bip01-L-Thigh {
     

     FrameTransformMatrix {
      -0.997343,0.010238,0.072129,0.000000,-0.003067,-0.995100,0.098825,0.000000,0.072788,0.098342,0.992487,0.000000,-2.355776,2.566188,0.104821,1.000000;;
     }

     Frame Bip01-L-Calf {
      

      FrameTransformMatrix {
       0.989801,0.000000,-0.142458,0.000000,0.000000,1.000000,0.000002,0.000000,0.142458,-0.000002,0.989801,0.000000,10.047705,-0.000001,0.000000,1.000000;;
      }

      Frame Bip01-L-Foot {
       

       FrameTransformMatrix {
        0.993368,0.006533,0.114794,0.000000,-0.007677,0.999925,0.009526,0.000000,-0.114723,-0.010344,0.993344,0.000000,10.474948,0.000001,0.000001,1.000000;;
       }

       Frame Bip01-L-Toe0 {
        

        FrameTransformMatrix {
         0.005122,-0.000012,0.999987,0.000000,0.000000,1.000000,0.000012,0.000000,-0.999987,0.000000,0.005122,0.000000,3.213932,-0.000023,1.930074,1.000000;;
        }

        Frame Bip01-L-Toe0Nub {
         

         FrameTransformMatrix {
          -1.000000,-0.000000,0.000000,0.000000,-0.000000,1.000000,0.000000,0.000000,-0.000000,0.000000,-1.000000,0.000000,1.879583,0.000000,-0.000000,1.000000;;
         }
        }
       }
      }

      Frame L_Knee {
       

       FrameTransformMatrix {
        0.997447,0.000000,0.071411,0.000000,-0.000000,1.000000,0.000001,0.000000,-0.071411,-0.000001,0.997447,0.000000,0.000001,0.000000,0.000000,1.000000;;
       }
      }

      Frame Bip01-LCalfTwist {
       

       FrameTransformMatrix {
        1.000000,0.000000,-0.000000,0.000000,-0.000000,0.999989,0.004770,0.000000,0.000000,-0.004769,0.999989,0.000000,0.000001,0.000000,0.000000,1.000000;;
       }
      }
     }

     Frame L_Thigh {
      

      FrameTransformMatrix {
       1.000000,0.000000,0.000000,0.000000,-0.000000,1.000000,0.000000,0.000000,-0.000000,-0.000000,1.000000,0.000000,0.000000,-0.000000,0.000000,1.000000;;
      }
     }
    }

    Frame Bip01-R-Thigh {
     

     FrameTransformMatrix {
      -0.997343,-0.010238,0.072130,0.000000,0.003068,-0.995101,-0.098819,0.000000,0.072788,-0.098335,0.992488,0.000000,-2.355778,-2.566190,0.104834,1.000000;;
     }

     Frame Bip01-R-Calf {
      

      FrameTransformMatrix {
       0.989801,-0.000001,-0.142458,0.000000,0.000000,1.000000,-0.000003,0.000000,0.142458,0.000003,0.989801,0.000000,10.047706,-0.000001,-0.000001,1.000000;;
      }

      Frame Bip01-R-Foot {
       

       FrameTransformMatrix {
        0.993368,-0.006533,0.114795,0.000000,0.007676,0.999926,-0.009520,0.000000,-0.114724,0.010338,0.993344,0.000000,10.474942,0.000000,0.000001,1.000000;;
       }

       Frame Bip01-R-Toe0 {
        

        FrameTransformMatrix {
         0.005122,0.000019,0.999987,0.000000,-0.000000,1.000000,-0.000019,0.000000,-0.999987,-0.000000,0.005122,0.000000,3.213933,0.000037,1.930074,1.000000;;
        }

        Frame Bip01-R-Toe0Nub {
         

         FrameTransformMatrix {
          1.000000,0.000000,-0.000000,0.000000,0.000000,1.000000,0.000000,0.000000,0.000000,0.000000,1.000000,0.000000,1.879583,-0.000001,0.000000,1.000000;;
         }
        }
       }
      }

      Frame R_Knee {
       

       FrameTransformMatrix {
        0.997447,0.000000,0.071411,0.000000,-0.000000,1.000001,-0.000001,0.000000,-0.071411,0.000001,0.997447,0.000000,0.000000,0.000000,-0.000000,1.000000;;
       }
      }

      Frame Bip01-RCalfTwist {
       

       FrameTransformMatrix {
        1.000000,-0.000000,0.000000,0.000000,0.000000,0.999989,-0.004770,0.000000,-0.000000,0.004770,0.999989,0.000000,-0.000001,-0.000000,-0.000000,1.000000;;
       }
      }
     }

     Frame R_Thigh {
      

      FrameTransformMatrix {
       1.000000,-0.000000,-0.000000,0.000000,0.000000,1.000000,-0.000003,0.000000,0.000000,0.000003,1.000000,0.000000,0.000000,-0.000001,0.000000,1.000000;;
      }
     }
    }

    Frame Skirt_Dummy {
     

     FrameTransformMatrix {
      -1.000000,0.000002,0.000797,0.000000,-0.000002,-1.000000,-0.000001,0.000000,0.000797,-0.000001,1.000000,0.000000,-0.033834,-0.000002,-0.263520,1.000000;;
     }
    }
   }
  }
 }
}

Frame Human_F_L09_Hand_Skel {
 

 FrameTransformMatrix {
  1.000000,0.000000,0.000000,0.000000,0.000000,1.000000,0.000000,0.000000,0.000000,0.000000,1.000000,0.000000,0.000000,0.000000,0.000000,1.000000;;
 }

 Mesh Human_F_L09_Hand_Skel {
  2274;
  1.045794;22.760429;11.740263;,
  1.000139;22.606581;11.724599;,
  1.001172;22.667480;11.633743;,
  0.800335;22.597803;11.679522;,
  0.847100;22.724061;11.899530;,
  0.732690;22.736394;11.853196;,
  0.910044;22.545874;11.676365;,
  0.969936;22.753923;11.898832;,
  1.051961;22.846837;11.812780;,
  1.029759;22.929634;11.926606;,
  0.938926;22.809346;11.996981;,
  0.924034;22.885968;12.128650;,
  0.824834;22.777584;11.997139;,
  0.865582;23.039485;12.218962;,
  0.786851;22.863654;12.140678;,
  0.667400;22.902483;12.091226;,
  0.667283;23.070349;12.183158;,
  0.840037;23.256408;12.343245;,
  0.634555;23.243797;12.298594;,
  0.817549;23.428078;12.434285;,
  0.600430;23.415965;12.384642;,
  0.787667;23.647381;12.423483;,
  0.578646;23.628672;12.374306;,
  0.502283;23.449082;12.198919;,
  0.489597;23.628189;12.184034;,
  0.541884;23.303947;12.142088;,
  0.583704;23.143360;12.037470;,
  0.593942;23.506792;12.033309;,
  0.615969;23.396786;11.995209;,
  0.649203;23.255672;11.909685;,
  0.608067;22.991728;11.976393;,
  0.716044;22.795242;11.957485;,
  0.669078;23.110115;11.858802;,
  0.645319;22.900909;11.856457;,
  0.683239;22.817208;11.747042;,
  0.691771;23.028258;11.780882;,
  0.733452;22.931278;11.666911;,
  0.780707;22.827893;11.604497;,
  0.730461;22.737750;11.685322;,
  0.821142;22.659149;11.602126;,
  0.852147;22.759830;11.579004;,
  2.497313;22.689194;12.174850;,
  2.483974;22.463344;12.159535;,
  2.538628;22.552726;12.062813;,
  2.555091;22.399589;11.973114;,
  2.525611;22.235869;11.982265;,
  2.346920;22.389950;12.188429;,
  2.525642;22.233968;11.885128;,
  2.439245;22.130283;11.986389;,
  2.295031;22.146870;11.968458;,
  2.195795;22.375736;12.144582;,
  2.308676;22.497230;12.292194;,
  2.452120;22.558470;12.274675;,
  2.416322;22.664592;12.416866;,
  2.466314;22.806171;12.285456;,
  2.314524;22.841446;12.542164;,
  2.262079;22.609896;12.447192;,
  2.154965;22.475416;12.260854;,
  2.177403;22.283659;11.946380;,
  2.301186;22.160693;11.864769;,
  2.108892;22.423714;12.035963;,
  2.055548;22.559582;12.151923;,
  2.105519;22.577419;12.399004;,
  2.072292;22.772211;12.525775;,
  1.940554;23.078773;12.719126;,
  1.842006;23.286160;12.844856;,
  1.621102;23.576634;12.640399;,
  1.693955;23.328830;12.658662;,
  1.800717;23.127654;12.559818;,
  1.932435;22.853050;12.382581;,
  2.000446;22.668886;12.265409;,
  2.194371;23.150590;12.727122;,
  2.119384;23.361374;12.852602;,
  1.763578;23.573610;12.830602;,
  2.026041;23.650083;12.841463;,
  1.630019;24.027763;12.814106;,
  1.882396;24.107934;12.819660;,
  1.497714;24.373018;12.793574;,
  1.768048;24.451462;12.800742;,
  1.412762;24.682120;12.717016;,
  1.606461;25.075208;12.566020;,
  1.146549;24.895474;12.505918;,
  1.308307;24.613371;12.626132;,
  1.259904;24.604370;12.579191;,
  1.136009;24.578413;12.639070;,
  1.394882;24.331630;12.483490;,
  1.361910;24.366288;12.602346;,
  1.493075;24.003573;12.621326;,
  1.232900;24.274920;12.668690;,
  0.898895;24.543709;12.598339;,
  0.874344;24.812886;12.462885;,
  0.801464;24.510336;12.461079;,
  0.554623;24.765867;12.258528;,
  0.580894;24.506411;12.395727;,
  0.333564;24.708936;12.078905;,
  0.378956;24.484597;12.249845;,
  0.320454;24.568698;11.748440;,
  0.359400;24.383320;11.894329;,
  0.969632;24.224018;12.632083;,
  0.381881;24.942856;11.269814;,
  0.468262;24.482179;11.569808;,
  0.500149;24.293918;11.719032;,
  0.394867;24.181859;12.032625;,
  0.499054;24.122931;11.842324;,
  0.456217;23.917131;12.114594;,
  0.558302;23.917104;11.943016;,
  0.582021;23.654094;12.012834;,
  0.530941;23.941597;12.322878;,
  0.439085;24.237800;12.288998;,
  0.664165;24.274483;12.389858;,
  0.844213;24.274918;12.331086;,
  0.726613;23.973478;12.392027;,
  1.009247;23.016704;12.034898;,
  0.985419;23.157171;12.117899;,
  0.969644;23.327341;12.224928;,
  0.960467;23.473914;12.290967;,
  0.942750;23.662642;12.289677;,
  0.905449;23.991101;12.298082;,
  0.870953;24.231235;12.363833;,
  1.061225;23.895339;12.662107;,
  1.302740;23.946122;12.692952;,
  1.461993;23.992234;12.479557;,
  1.376964;23.596298;12.746928;,
  1.527120;23.659762;12.553080;,
  1.224275;23.103397;12.657435;,
  1.052164;23.337693;12.532337;,
  1.107684;23.155976;12.477666;,
  1.166309;23.294851;12.749242;,
  1.480895;23.154461;12.677685;,
  1.434172;23.353718;12.775142;,
  1.124051;23.544858;12.719362;,
  0.959726;23.885096;12.409377;,
  1.014321;23.549718;12.496767;,
  1.567575;23.456970;12.584229;,
  1.607299;23.261886;12.519716;,
  1.568675;22.827574;12.502195;,
  1.309776;22.771768;12.476794;,
  1.196161;22.871027;12.325318;,
  1.333668;22.563805;12.355206;,
  1.674202;22.974346;12.372226;,
  1.725058;22.772122;12.260287;,
  1.778174;22.527083;12.033858;,
  1.709371;22.435339;12.160375;,
  1.783139;22.373410;11.941472;,
  1.752671;22.667293;12.155634;,
  1.686556;22.530861;12.271493;,
  1.650413;22.631685;12.391527;,
  1.488882;22.585482;12.413982;,
  1.367882;22.455594;12.236368;,
  1.529831;22.467861;12.280818;,
  1.565126;22.374024;12.166573;,
  1.253050;22.672230;12.210873;,
  1.280505;22.562512;12.110902;,
  1.413287;22.362630;12.129651;,
  1.492067;22.154464;11.937913;,
  1.636076;22.097795;11.938856;,
  1.744361;22.208677;11.971928;,
  1.731524;22.235325;11.857157;,
  1.411956;22.276371;11.914715;,
  1.521949;22.189938;11.832082;,
  1.336382;22.419734;11.995670;,
  0.014653;26.026294;11.034062;,
  0.260403;26.086954;10.471214;,
  0.375307;25.713115;10.705711;,
  0.176378;26.232510;11.361924;,
  -0.195922;26.244781;10.905086;,
  0.021809;26.552547;9.929009;,
  0.108413;26.511288;11.186239;,
  0.728774;26.452758;11.426130;,
  0.603443;26.738422;11.239898;,
  -0.299124;26.745595;10.346657;,
  -0.965259;27.567555;9.406204;,
  -0.585153;27.254550;8.999572;,
  -0.994552;27.703827;8.235114;,
  -1.443551;28.057562;8.760485;,
  -0.647444;27.949296;9.829470;,
  0.366383;27.359155;10.749597;,
  -0.026794;28.315549;10.086226;,
  -0.116000;27.075664;10.631074;,
  1.112297;26.826056;11.040093;,
  0.882558;27.422538;10.645192;,
  1.568173;26.808195;10.729978;,
  0.508410;28.349536;10.022334;,
  1.113726;27.299258;10.327311;,
  0.856906;28.102650;9.667219;,
  1.132127;26.976867;10.007793;,
  1.541093;26.570246;10.320633;,
  1.175739;26.347514;10.284544;,
  0.806592;26.198806;10.324489;,
  0.679616;26.692682;9.806731;,
  1.374658;26.080798;10.472903;,
  1.548360;26.313224;10.583932;,
  1.587284;26.623986;10.944265;,
  1.283505;26.638070;11.266861;,
  0.995876;25.931112;10.484563;,
  -0.585153;27.254550;8.999572;,
  0.021809;26.552547;9.929009;,
  0.260403;26.086954;10.471214;,
  0.375307;25.713115;10.705711;,
  -0.567684;29.487450;9.448731;,
  0.094846;30.115014;9.364674;,
  -0.809331;29.971098;9.426479;,
  0.190474;29.623923;9.410094;,
  0.818156;29.472602;8.484750;,
  0.827918;29.166813;8.722276;,
  0.792953;28.620675;8.131529;,
  0.781306;28.320371;8.503096;,
  0.038573;27.757091;7.939085;,
  0.294389;27.311802;8.875373;,
  -0.013829;27.966102;7.500460;,
  0.887755;27.648768;9.149199;,
  0.790412;28.803078;9.080842;,
  0.832884;28.856000;7.891126;,
  0.004643;28.171715;7.282453;,
  -1.286722;28.196605;7.597258;,
  -1.175511;27.948227;7.808094;,
  -0.994552;27.703827;8.235114;,
  -0.122803;26.559734;-9.761793;,
  -0.342313;26.755214;-10.333078;,
  -0.066170;26.585890;-9.848646;,
  -1.510985;29.000342;-9.232452;,
  -0.015966;28.418019;-10.208117;,
  -0.691691;27.955891;-10.040091;,
  -1.659690;28.078000;-8.613950;,
  -0.972321;27.378845;-9.597517;,
  -1.011410;27.556602;-8.128430;,
  -0.509794;27.130234;-8.949959;,
  -0.446461;26.771843;-10.347277;,
  -0.229346;26.805118;-10.813903;,
  -0.168205;26.769210;-10.771873;,
  0.340598;27.580909;-10.688623;,
  -0.214300;27.249926;-10.586524;,
  -0.032183;27.011920;-10.970783;,
  -0.213617;26.663539;-10.970709;,
  0.003996;27.019517;-11.308658;,
  0.061263;26.883146;-11.466157;,
  0.626015;27.177773;-11.543908;,
  -0.144841;26.543291;-11.120817;,
  0.488859;27.244064;-10.991726;,
  0.562984;27.301446;-11.376826;,
  1.113771;27.338445;-11.119664;,
  0.975798;27.353488;-10.847736;,
  0.858725;27.653987;-10.570494;,
  0.636612;28.473587;-10.105823;,
  1.122755;28.203437;-9.679254;,
  0.226469;27.614915;-7.844454;,
  -0.509794;27.130234;-8.949959;,
  0.405046;27.197043;-8.783438;,
  1.026765;27.683632;-9.160202;,
  1.037846;28.473222;-8.274416;,
  1.070460;29.271216;-8.804176;,
  0.274694;29.970365;-9.499321;,
  -0.593603;29.807258;-9.537855;,
  -1.011410;27.556602;-8.128430;,
  1.287590;27.230813;-10.568565;,
  1.248326;27.327565;-10.217303;,
  1.186202;27.110653;-9.743190;,
  0.613881;26.656811;-9.565270;,
  -0.122803;26.559734;-9.761793;,
  1.236425;27.151894;-10.542115;,
  1.186377;27.244176;-10.224440;,
  1.119939;27.062909;-9.826823;,
  0.613166;26.688746;-9.670630;,
  -0.066170;26.585890;-9.848646;,
  1.181058;27.000650;-11.329305;,
  0.670239;26.921773;-11.415230;,
  0.681087;26.952304;-11.549657;,
  1.127123;26.949933;-11.220723;,
  1.427971;26.862790;-10.991784;,
  1.353213;26.826674;-10.910166;,
  1.482321;27.048947;-10.877406;,
  1.419030;26.973738;-10.820538;,
  1.417661;27.167235;-10.716322;,
  1.376444;27.076627;-10.682218;,
  1.164357;27.196560;-11.296113;,
  0.194828;26.735723;-11.504422;,
  0.014261;26.487242;-11.270882;,
  -0.162220;26.627770;-10.908895;,
  -0.054925;26.521469;-11.053271;,
  0.071461;26.498485;-11.180728;,
  0.221984;26.719886;-11.383028;,
  -1.510985;29.000342;-9.232452;,
  -0.570180;29.701290;-9.449851;,
  -0.593603;29.807258;-9.537855;,
  -1.389834;28.964080;-9.184164;,
  -1.659690;28.078000;-8.613950;,
  -1.543663;28.133386;-8.643743;,
  -1.011410;27.556602;-8.128430;,
  -0.959464;27.676746;-8.208858;,
  0.226469;27.614915;-7.844454;,
  -0.959464;27.676746;-8.208858;,
  -1.011410;27.556602;-8.128430;,
  0.177579;27.723830;-7.938489;,
  0.920711;28.513446;-8.302540;,
  1.037846;28.473222;-8.274416;,
  1.070460;29.271216;-8.804176;,
  0.943942;29.212829;-8.800630;,
  0.274694;29.970365;-9.499321;,
  0.209182;29.853638;-9.424666;,
  2.906425;23.173453;-12.603906;,
  2.760208;23.151173;-12.675249;,
  2.758709;23.153734;-12.646809;,
  2.639608;23.068334;-12.585810;,
  2.632800;23.064643;-12.614994;,
  2.541177;22.991382;-12.381329;,
  2.564921;23.001459;-12.374674;,
  2.830376;22.960014;-12.605492;,
  2.671849;22.936451;-12.524538;,
  2.920103;23.170917;-12.629597;,
  3.040014;23.200099;-12.364477;,
  3.065171;23.210637;-12.365606;,
  2.962500;23.036254;-12.563572;,
  3.007417;22.952179;-12.475384;,
  2.897798;22.809904;-12.418750;,
  2.709123;22.849376;-12.440216;,
  2.991390;22.976170;-12.451530;,
  2.886654;22.829894;-12.402459;,
  2.709361;22.872822;-12.422632;,
  2.564921;23.001459;-12.374674;,
  3.040014;23.200099;-12.364477;,
  2.184915;23.795587;-12.624313;,
  2.217128;23.623214;-12.618273;,
  2.262478;23.646714;-12.405422;,
  2.300150;23.489240;-12.573865;,
  2.415971;23.630886;-13.053284;,
  2.502127;23.380427;-12.833831;,
  2.794567;23.479363;-12.823881;,
  2.713916;23.737688;-13.047607;,
  2.884495;23.719978;-12.570356;,
  2.875480;23.847462;-12.609118;,
  2.812115;23.902344;-12.399595;,
  2.804512;23.967294;-12.619046;,
  2.312279;23.897736;-12.909226;,
  2.610728;23.996941;-12.901234;,
  2.786258;23.955406;-12.610761;,
  2.785787;23.891038;-12.391804;,
  2.863810;23.719494;-12.561603;,
  2.326591;23.890174;-12.874113;,
  2.205915;23.794582;-12.597347;,
  2.603708;23.986341;-12.865771;,
  2.769094;23.491622;-12.794723;,
  2.506023;23.401246;-12.802854;,
  2.314828;23.505037;-12.549671;,
  2.282168;23.654094;-12.390589;,
  -1.190624;28.578182;9.333624;,
  -0.356428;29.044618;9.679278;,
  0.256471;29.169466;9.666285;,
  -1.428764;28.945853;9.071817;,
  -1.675231;28.377725;8.453230;,
  -1.175511;27.948227;7.808094;,
  -1.286722;28.196605;7.597258;,
  -1.879578;28.638742;8.273654;,
  -1.567739;29.247926;8.905702;,
  2.052688;22.734315;-12.529096;,
  2.253225;22.605754;-12.556708;,
