xof 0303txt 0032
template ColorRGBA {
 <35ff44e0-6c7c-11cf-8f52-0040333594a3>
 FLOAT red;
 FLOAT green;
 FLOAT blue;
 FLOAT alpha;
}

template ColorRGB {
 <d3e16e81-7835-11cf-8f52-0040333594a3>
 FLOAT red;
 FLOAT green;
 FLOAT blue;
}

template Material {
 <3d82ab4d-62da-11cf-ab39-0020af71e433>
 ColorRGBA faceColor;
 FLOAT power;
 ColorRGB specularColor;
 ColorRGB emissiveColor;
 [...]
}

template TextureFilename {
 <a42790e1-7810-11cf-8f52-0040333594a3>
 STRING filename;
}

template Frame {
 <3d82ab46-62da-11cf-ab39-0020af71e433>
 [...]
}

template Matrix4x4 {
 <f6f23f45-7686-11cf-8f52-0040333594a3>
 array FLOAT matrix[16];
}

template FrameTransformMatrix {
 <f6f23f41-7686-11cf-8f52-0040333594a3>
 Matrix4x4 frameMatrix;
}

template Vector {
 <3d82ab5e-62da-11cf-ab39-0020af71e433>
 FLOAT x;
 FLOAT y;
 FLOAT z;
}

template MeshFace {
 <3d82ab5f-62da-11cf-ab39-0020af71e433>
 DWORD nFaceVertexIndices;
 array DWORD faceVertexIndices[nFaceVertexIndices];
}

template Mesh {
 <3d82ab44-62da-11cf-ab39-0020af71e433>
 DWORD nVertices;
 array Vector vertices[nVertices];
 DWORD nFaces;
 array MeshFace faces[nFaces];
 [...]
}

template MeshNormals {
 <f6f23f43-7686-11cf-8f52-0040333594a3>
 DWORD nNormals;
 array Vector normals[nNormals];
 DWORD nFaceNormals;
 array MeshFace faceNormals[nFaceNormals];
}

template MeshMaterialList {
 <f6f23f42-7686-11cf-8f52-0040333594a3>
 DWORD nMaterials;
 DWORD nFaceIndexes;
 array DWORD faceIndexes[nFaceIndexes];
 [Material <3d82ab4d-62da-11cf-ab39-0020af71e433>]
}

template Coords2d {
 <f6f23f44-7686-11cf-8f52-0040333594a3>
 FLOAT u;
 FLOAT v;
}

template MeshTextureCoords {
 <f6f23f40-7686-11cf-8f52-0040333594a3>
 DWORD nTextureCoords;
 array Coords2d textureCoords[nTextureCoords];
}

template XSkinMeshHeader {
 <3cf169ce-ff7c-44ab-93c0-f78f62d172e2>
 WORD nMaxSkinWeightsPerVertex;
 WORD nMaxSkinWeightsPerFace;
 WORD nBones;
}

template SkinWeights {
 <6f0d123b-bad2-4167-a0d0-80224f25fabb>
 STRING transformNodeName;
 DWORD nWeights;
 array DWORD vertexIndices[nWeights];
 array FLOAT weights[nWeights];
 Matrix4x4 matrixOffset;
}


Material Material__35 {
 1.000000;1.000000;1.000000;1.000000;;
 10.000000;
 0.000000;0.000000;0.000000;;
 0.000000;0.000000;0.000000;;

 TextureFilename {
  "Human_F_L11_Hand_diff.dds";
 }
}

Frame Dummy_root {
 

 FrameTransformMatrix {
  1.000000,0.000000,0.000000,0.000000,0.000000,1.000000,0.000000,0.000000,0.000000,0.000000,1.000000,0.000000,0.000000,23.000000,0.000000,1.000000;;
 }

 Frame FxBottom {
  

  FrameTransformMatrix {
   1.000000,0.000000,0.000000,0.000000,0.000000,1.000000,0.000000,0.000000,-0.000000,0.000000,1.000000,0.000000,0.000000,-23.000000,-0.000000,1.000000;;
  }
 }

 Frame Bip01 {
  

  FrameTransformMatrix {
   1.000000,0.000000,0.000001,0.000000,0.000000,1.000000,0.000000,0.000000,-0.000001,0.000000,1.000000,0.000000,-0.194762,0.659397,0.000000,1.000000;;
  }

  Frame Bip01-Pelvis {
   

   FrameTransformMatrix {
    0.000001,1.000000,-0.000001,0.000000,-0.000001,0.000001,1.000000,0.000000,1.000000,-0.000001,0.000001,0.000000,0.000000,0.000000,0.000000,1.000000;;
   }

   Frame Bip01-Spine {
    

    FrameTransformMatrix {
     0.999030,0.000001,0.044033,0.000000,-0.000001,1.000000,0.000004,0.000000,-0.044033,-0.000004,0.999030,0.000000,2.358109,0.000003,-0.000993,1.000000;;
    }

    Frame Bip01-Spine1 {
     

     FrameTransformMatrix {
      0.998814,0.000000,0.048692,0.000000,-0.000000,1.000000,0.000000,0.000000,-0.048692,-0.000000,0.998814,0.000000,0.209322,0.000000,-0.002767,1.000000;;
     }

     Frame Bip01-Spine2 {
      

      FrameTransformMatrix {
       0.993206,-0.000000,-0.116369,0.000000,0.000000,1.000000,-0.000001,0.000000,0.116369,0.000001,0.993206,0.000000,3.478325,0.000000,-0.001152,1.000000;;
      }

      Frame Bip01-Spine3 {
       

       FrameTransformMatrix {
        0.996891,-0.000000,-0.078796,0.000000,0.000000,1.000000,0.000001,0.000000,0.078797,-0.000001,0.996891,0.000000,1.456833,0.000000,-0.004309,1.000000;;
       }

       Frame Bip01-Neck {
        

        FrameTransformMatrix {
         0.976813,0.000001,0.214095,0.000000,-0.000001,1.000000,-0.000000,0.000000,-0.214095,-0.000000,0.976813,0.000000,5.539909,-0.000000,-0.690872,1.000000;;
        }

        Frame Bip01-Head {
         

         FrameTransformMatrix {
          0.999957,-0.000000,-0.009206,0.000000,0.000000,1.000000,0.000000,0.000000,0.009206,-0.000000,0.999958,0.000000,2.474243,-0.000000,0.000001,1.000000;;
         }

         Frame Bip01-HeadNub {
          

          FrameTransformMatrix {
           1.000000,0.000000,0.000000,0.000000,-0.000000,1.000000,0.000000,0.000000,0.000000,0.000000,1.000000,0.000000,4.628933,0.000000,-0.000001,1.000000;;
          }
         }

         Frame FxTop {
          

          FrameTransformMatrix {
           0.103621,0.000001,0.994617,0.000000,0.994617,-0.000000,-0.103621,0.000000,0.000000,1.000000,-0.000001,0.000000,4.500030,-0.000003,-0.000001,1.000000;;
          }
         }
        }

        Frame Bip01-L-Clavicle {
         

         FrameTransformMatrix {
          -0.249952,0.966695,0.054990,0.000000,0.944115,0.255930,-0.207716,0.000000,-0.214872,-0.000003,-0.976642,0.000000,-0.753037,0.957158,0.028459,1.000000;;
         }

         Frame Bip01-L-UpperArm {
          

          FrameTransformMatrix {
           0.798872,-0.594051,0.094384,0.000000,0.578815,0.801906,0.148056,0.000000,-0.163640,-0.063647,0.984465,0.000000,2.305936,-0.000011,0.000000,1.000000;;
          }

          Frame Bip01-L-Forearm {
           

           FrameTransformMatrix {
            0.930629,-0.000000,-0.365965,0.000000,0.000000,1.000000,-0.000000,0.000000,0.365966,-0.000000,0.930628,0.000000,6.131235,0.000004,-0.000001,1.000000;;
           }

           Frame Bip01-L-Hand {
            

            FrameTransformMatrix {
             0.989065,-0.040579,0.141787,0.000000,-0.144471,-0.073386,0.986784,0.000000,-0.029638,-0.996478,-0.078446,0.000000,6.144241,0.000002,-0.000001,1.000000;;
            }

            Frame Bip01-L-Finger0 {
             

             FrameTransformMatrix {
              0.722825,-0.531684,0.441403,0.000000,0.371541,-0.239557,-0.896978,0.000000,0.582649,0.812358,0.024385,0.000000,0.431652,-0.683446,0.267920,1.000000;;
             }

             Frame Bip01-L-Finger01 {
              

              FrameTransformMatrix {
               0.985852,0.000000,0.167616,0.000000,0.000000,1.000000,0.000000,0.000000,-0.167616,0.000000,0.985852,0.000000,1.065220,0.000002,-0.000002,1.000000;;
              }

              Frame Bip01-L-Finger02 {
               

               FrameTransformMatrix {
                0.950838,0.000000,0.309691,0.000000,0.000000,1.000000,-0.000000,0.000000,-0.309691,0.000000,0.950837,0.000000,0.739169,0.000000,-0.000001,1.000000;;
               }

               Frame Bip01-L-Finger0Nub {
                

                FrameTransformMatrix {
                 1.000000,0.000000,-0.000000,0.000000,-0.000000,1.000000,-0.000000,0.000000,0.000000,0.000000,1.000000,0.000000,0.862499,-0.000004,0.000002,1.000000;;
                }
               }
              }
             }
            }

            Frame Bip01-L-Finger1 {
             

             FrameTransformMatrix {
              0.890676,0.007232,0.454582,0.000000,0.005919,0.999604,-0.027500,0.000000,-0.454601,0.027185,0.890280,0.000000,2.096303,-0.862208,-0.077711,1.000000;;
             }

             Frame Bip01-L-Finger11 {
              

              FrameTransformMatrix {
               0.877627,-0.000000,0.479344,0.000000,0.000000,1.000000,-0.000000,0.000000,-0.479344,0.000000,0.877627,0.000000,1.331196,-0.000001,0.000001,1.000000;;
              }

              Frame Bip01-L-Finger12 {
               

               FrameTransformMatrix {
                0.932921,-0.000000,0.360082,0.000000,-0.000000,1.000000,0.000001,0.000000,-0.360082,-0.000001,0.932920,0.000000,0.723103,0.000002,0.000002,1.000000;;
               }

               Frame Bip01-L-Finger1Nub {
                

                FrameTransformMatrix {
                 1.000000,0.000000,-0.000000,0.000000,-0.000000,1.000000,-0.000001,0.000000,0.000000,0.000001,1.000000,0.000000,0.679665,-0.000001,0.000003,1.000000;;
                }
               }
              }
             }
            }

            Frame Bip01-L-Finger2 {
             

             FrameTransformMatrix {
              0.882745,0.035112,0.468540,0.000000,-0.013270,0.998669,-0.049838,0.000000,-0.469665,0.037776,0.882036,0.000000,2.179710,-0.283319,-0.116972,1.000000;;
             }

             Frame Bip01-L-Finger21 {
              

              FrameTransformMatrix {
               0.795542,0.000000,0.605898,0.000000,-0.000000,1.000000,0.000001,0.000000,-0.605899,-0.000001,0.795542,0.000000,1.406767,0.000002,0.000001,1.000000;;
              }

              Frame Bip01-L-Finger22 {
               

               FrameTransformMatrix {
                0.981120,0.000000,0.193399,0.000000,0.000000,1.000000,0.000000,0.000000,-0.193399,-0.000000,0.981120,0.000000,0.840509,0.000003,-0.000001,1.000000;;
               }

               Frame Bip01-L-Finger2Nub {
                

                FrameTransformMatrix {
                 1.000000,0.000000,-0.000000,0.000000,-0.000000,1.000000,-0.000001,0.000000,-0.000000,0.000001,1.000000,0.000000,0.664877,-0.000001,0.000001,1.000000;;
                }
               }
              }
             }
            }

            Frame Bip01-L-Finger3 {
             

             FrameTransformMatrix {
              0.896787,0.157211,0.413592,0.000000,-0.134986,0.987396,-0.082633,0.000000,-0.421369,0.018276,0.906705,0.000000,2.073347,0.186408,-0.130486,1.000000;;
             }

             Frame Bip01-L-Finger31 {
              

              FrameTransformMatrix {
               0.760569,-0.000000,0.649258,0.000000,0.000000,1.000000,0.000000,0.000000,-0.649258,0.000000,0.760569,0.000000,1.365458,-0.000000,0.000000,1.000000;;
              }

              Frame Bip01-L-Finger32 {
               

               FrameTransformMatrix {
                0.978941,0.000000,0.204143,0.000000,-0.000000,1.000000,-0.000000,0.000000,-0.204143,0.000000,0.978941,0.000000,0.768665,0.000001,0.000006,1.000000;;
               }

               Frame Bip01-L-Finger3Nub {
                

                FrameTransformMatrix {
                 1.000000,-0.000000,-0.000000,0.000000,0.000000,1.000000,0.000000,0.000000,0.000000,-0.000000,1.000000,0.000000,0.649355,-0.000001,-0.000002,1.000000;;
                }
               }
              }
             }
            }

            Frame Bip01-L-Finger4 {
             

             FrameTransformMatrix {
              0.885085,0.251359,0.391718,0.000000,-0.224522,0.967811,-0.113722,0.000000,-0.407693,0.012705,0.913031,0.000000,1.882342,0.690610,0.070723,1.000000;;
             }

             Frame Bip01-L-Finger41 {
              

              FrameTransformMatrix {
               0.785957,0.000000,0.618281,0.000000,0.000000,1.000000,-0.000000,0.000000,-0.618281,0.000000,0.785957,0.000000,1.108318,-0.000001,-0.000002,1.000000;;
              }

              Frame Bip01-L-Finger42 {
               

               FrameTransformMatrix {
                0.944871,-0.000000,0.327444,0.000000,0.000000,1.000000,0.000000,0.000000,-0.327444,-0.000000,0.944871,0.000000,0.520340,-0.000000,0.000000,1.000000;;
               }

               Frame Bip01-L-Finger4Nub {
                

                FrameTransformMatrix {
                 1.000000,-0.000000,0.000000,0.000000,0.000000,1.000000,-0.000000,0.000000,0.000000,0.000000,1.000000,0.000000,0.515337,0.000001,0.000002,1.000000;;
                }
               }
              }
             }
            }

            Frame FxHand00 {
             

             FrameTransformMatrix {
              0.220347,-0.936490,0.272824,0.000000,-0.759401,-0.340240,-0.554568,0.000000,0.612173,-0.084986,-0.786143,0.000000,1.500001,0.499998,2.000002,1.000000;;
             }
            }

            Frame L_Sword {
             

             FrameTransformMatrix {
              0.976767,0.039080,-0.210713,0.000000,0.070766,-0.986898,0.145000,0.000000,-0.202285,-0.156543,-0.966734,0.000000,-0.000001,0.000000,0.000002,1.000000;;
             }
            }
           }

           Frame L_Elbow {
            

            FrameTransformMatrix {
             0.982504,0.000000,0.186241,0.000000,-0.000000,1.000000,-0.000000,0.000000,-0.186241,0.000000,0.982504,0.000000,0.000002,-0.000002,0.000001,1.000000;;
            }
           }

           Frame L_Shield {
            

            FrameTransformMatrix {
             1.000000,-0.000000,0.000000,0.000000,0.000000,1.000000,-0.000000,0.000000,-0.000000,-0.000000,1.000000,0.000000,2.500004,2.500000,-0.000001,1.000000;;
            }
           }

           Frame Bip01-L-ForeTwist {
            

            FrameTransformMatrix {
             1.000000,0.000000,-0.000000,0.000000,-0.000000,0.999311,0.037108,0.000000,-0.000000,-0.037108,0.999311,0.000000,0.000002,-0.000002,0.000001,1.000000;;
            }
           }
          }

          Frame L_Shoulder {
           

           FrameTransformMatrix {
            0.948343,0.307755,-0.077029,0.000000,-0.311669,0.949122,-0.045064,0.000000,0.059241,0.066743,0.996010,0.000000,-0.000002,0.000004,0.000000,1.000000;;
           }
          }

          Frame L_Shoulder_Twist {
           

           FrameTransformMatrix {
            1.000000,-0.000000,-0.000000,0.000000,-0.000000,1.000000,-0.000000,0.000000,0.000000,0.000000,1.000000,0.000000,-0.000002,0.000004,-0.000000,1.000000;;
           }
          }
         }
        }

        Frame Bip01-R-Clavicle {
         

         FrameTransformMatrix {
          -0.249952,-0.966695,0.054995,0.000000,-0.944115,0.255931,0.207715,0.000000,-0.214872,-0.000003,-0.976642,0.000000,-0.753037,-0.957160,0.028464,1.000000;;
         }

         Frame Bip01-R-UpperArm {
          

          FrameTransformMatrix {
           0.798872,0.594050,0.094384,0.000000,-0.578814,0.801906,-0.148056,0.000000,-0.163640,0.063647,0.984465,0.000000,2.305936,0.000004,0.000002,1.000000;;
          }

          Frame Bip01-R-Forearm {
           

           FrameTransformMatrix {
            0.930628,0.000000,-0.365965,0.000000,-0.000000,1.000000,0.000000,0.000000,0.365965,0.000000,0.930628,0.000000,6.131233,0.000000,-0.000001,1.000000;;
           }

           Frame Bip01-R-Hand {
            

            FrameTransformMatrix {
             0.989065,0.040580,0.141786,0.000000,0.144470,-0.073387,-0.986784,0.000000,-0.029639,0.996478,-0.078447,0.000000,6.144236,-0.000002,-0.000002,1.000000;;
            }

            Frame Bip01-R-Finger0 {
             

             FrameTransformMatrix {
              0.722826,0.531683,0.441402,0.000000,-0.371541,-0.239557,0.896978,0.000000,0.582649,-0.812358,0.024384,0.000000,0.431660,0.683446,0.267918,1.000000;;
             }

             Frame Bip01-R-Finger01 {
              

              FrameTransformMatrix {
               0.985852,0.000000,0.167616,0.000000,-0.000000,1.000001,-0.000000,0.000000,-0.167616,0.000000,0.985853,0.000000,1.065219,-0.000002,-0.000004,1.000000;;
              }

              Frame Bip01-R-Finger02 {
               

               FrameTransformMatrix {
                0.950838,-0.000000,0.309691,0.000000,0.000000,1.000000,0.000000,0.000000,-0.309691,0.000000,0.950837,0.000000,0.739166,0.000002,-0.000001,1.000000;;
               }

               Frame Bip01-R-Finger0Nub {
                

                FrameTransformMatrix {
                 -1.000000,0.000000,0.000001,0.000000,0.000000,1.000000,-0.000000,0.000000,-0.000001,-0.000000,-1.000000,0.000000,0.862501,0.000002,0.000000,1.000000;;
                }
               }
              }
             }
            }

            Frame Bip01-R-Finger1 {
             

             FrameTransformMatrix {
              0.890676,-0.007232,0.454582,0.000000,-0.005919,0.999604,0.027500,0.000000,-0.454601,-0.027184,0.890280,0.000000,2.096310,0.862208,-0.077709,1.000000;;
             }

             Frame Bip01-R-Finger11 {
              

              FrameTransformMatrix {
               0.877627,0.000000,0.479344,0.000000,0.000000,1.000000,-0.000000,0.000000,-0.479344,-0.000000,0.877628,0.000000,1.331186,0.000000,-0.000006,1.000000;;
              }

              Frame Bip01-R-Finger12 {
               

               FrameTransformMatrix {
                0.932920,-0.000000,0.360082,0.000000,0.000000,1.000000,0.000000,0.000000,-0.360082,0.000000,0.932921,0.000000,0.723101,0.000002,0.000000,1.000000;;
               }

               Frame Bip01-R-Finger1Nub {
                

                FrameTransformMatrix {
                 -1.000000,-0.000000,0.000000,0.000000,-0.000000,1.000000,-0.000001,0.000000,-0.000000,-0.000001,-1.000000,0.000000,0.679667,0.000001,0.000001,1.000000;;
                }
               }
              }
             }
            }

            Frame Bip01-R-Finger2 {
             

             FrameTransformMatrix {
              0.882745,-0.035112,0.468539,0.000000,0.013271,0.998669,0.049837,0.000000,-0.469666,-0.037775,0.882036,0.000000,2.179718,0.283316,-0.116970,1.000000;;
             }

             Frame Bip01-R-Finger21 {
              

              FrameTransformMatrix {
               0.795542,-0.000000,0.605899,0.000000,0.000000,1.000000,0.000000,0.000000,-0.605899,-0.000000,0.795542,0.000000,1.406759,0.000000,0.000000,1.000000;;
              }

              Frame Bip01-R-Finger22 {
               

               FrameTransformMatrix {
                0.981120,0.000000,0.193398,0.000000,0.000000,1.000000,-0.000000,0.000000,-0.193399,0.000000,0.981121,0.000000,0.840506,-0.000001,-0.000001,1.000000;;
               }

               Frame Bip01-R-Finger2Nub {
                

                FrameTransformMatrix {
                 -1.000000,0.000000,0.000000,0.000000,0.000000,1.000000,0.000000,0.000000,-0.000000,0.000000,-1.000000,0.000000,0.664875,0.000001,0.000000,1.000000;;
                }
               }
              }
             }
            }

            Frame Bip01-R-Finger3 {
             

             FrameTransformMatrix {
              0.896787,-0.157212,0.413591,0.000000,0.134986,0.987396,0.082633,0.000000,-0.421369,-0.018275,0.906705,0.000000,2.073351,-0.186411,-0.130486,1.000000;;
             }

             Frame Bip01-R-Finger31 {
              

              FrameTransformMatrix {
               0.760569,-0.000000,0.649257,0.000000,0.000000,1.000000,0.000000,0.000000,-0.649257,-0.000000,0.760569,0.000000,1.365459,0.000002,0.000002,1.000000;;
              }

              Frame Bip01-R-Finger32 {
               

               FrameTransformMatrix {
                0.978941,-0.000000,0.204143,0.000000,0.000000,1.000000,-0.000000,0.000000,-0.204143,0.000000,0.978941,0.000000,0.768665,-0.000000,0.000000,1.000000;;
               }

               Frame Bip01-R-Finger3Nub {
                

                FrameTransformMatrix {
                 -1.000000,-0.000000,0.000000,0.000000,-0.000000,1.000000,0.000000,0.000000,-0.000000,0.000000,-1.000000,0.000000,0.649363,0.000000,0.000000,1.000000;;
                }
               }
              }
             }
            }

            Frame Bip01-R-Finger4 {
             

             FrameTransformMatrix {
              0.885086,-0.251359,0.391718,0.000000,0.224522,0.967810,0.113722,0.000000,-0.407694,-0.012705,0.913031,0.000000,1.882352,-0.690609,0.070721,1.000000;;
             }

             Frame Bip01-R-Finger41 {
              

              FrameTransformMatrix {
               0.785957,-0.000000,0.618281,0.000000,0.000000,1.000000,-0.000000,0.000000,-0.618281,0.000000,0.785957,0.000000,1.108313,0.000001,-0.000002,1.000000;;
              }

              Frame Bip01-R-Finger42 {
               

               FrameTransformMatrix {
                0.944871,0.000000,0.327444,0.000000,-0.000000,1.000000,-0.000000,0.000000,-0.327444,0.000000,0.944871,0.000000,0.520338,0.000000,0.000001,1.000000;;
               }

               Frame Bip01-R-Finger4Nub {
                

                FrameTransformMatrix {
                 -1.000000,0.000000,0.000000,0.000000,0.000000,1.000000,0.000000,0.000000,-0.000000,0.000000,-1.000000,0.000000,0.515341,-0.000000,0.000000,1.000000;;
                }
               }
              }
             }
            }

            Frame FxHand01 {
             

             FrameTransformMatrix {
              0.220350,0.936490,0.272822,0.000000,-0.759401,0.340241,-0.554568,0.000000,-0.612173,-0.084982,0.786144,0.000000,1.500008,-0.499999,2.000004,1.000000;;
             }
            }

            Frame R_Sword {
             

             FrameTransformMatrix {
              0.976767,-0.039081,-0.210713,0.000000,0.070767,0.986898,0.145001,0.000000,0.202285,-0.156543,0.966734,0.000000,0.000006,-0.000001,0.000004,1.000000;;
             }
            }
           }

           Frame R_Elbow {
            

            FrameTransformMatrix {
             0.982504,0.000000,0.186241,0.000000,-0.000000,1.000000,-0.000000,0.000000,-0.186241,0.000000,0.982504,0.000000,0.000000,0.000002,-0.000001,1.000000;;
            }
           }

           Frame Bip01-R-ForeTwist {
            

            FrameTransformMatrix {
             1.000000,-0.000000,-0.000000,0.000000,-0.000000,0.999311,-0.037108,0.000000,0.000000,0.037108,0.999311,0.000000,0.000000,0.000002,-0.000001,1.000000;;
            }
           }
          }

          Frame R_Shoulder {
           

           FrameTransformMatrix {
            0.948342,-0.307756,-0.077029,0.000000,0.311669,0.949122,0.045063,0.000000,0.059241,-0.066743,0.996010,0.000000,0.000000,0.000000,0.000000,1.000000;;
           }
          }

          Frame R_Shoulder_Twist {
           

           FrameTransformMatrix {
            1.000000,0.000000,-0.000000,0.000000,-0.000000,1.000000,-0.000000,0.000000,-0.000000,0.000000,1.000000,0.000000,0.000000,0.000000,0.000000,1.000000;;
           }
          }
         }
        }
       }

       Frame R_Breast {
        

        FrameTransformMatrix {
         0.063560,0.329543,-0.941999,0.000000,-0.003088,0.943968,0.330024,0.000000,0.997973,-0.018067,0.061016,0.000000,1.272751,-1.452000,1.209911,1.000000;;
        }
       }

       Frame L_Breast {
        

        FrameTransformMatrix {
         -0.063560,0.329545,0.941998,0.000000,0.003087,0.943967,-0.330025,0.000000,-0.997973,-0.018068,-0.061016,0.000000,1.272759,1.451767,1.209908,1.000000;;
        }
       }

       Frame L_spine3 {
        

        FrameTransformMatrix {
         0.980445,0.043404,-0.191946,0.000000,0.044220,-0.999022,-0.000033,0.000000,-0.191760,-0.008456,-0.981405,0.000000,2.104034,3.093147,-0.411915,1.000000;;
        }
       }

       Frame R_spine3 {
        

        FrameTransformMatrix {
         0.980446,-0.043406,-0.191942,0.000000,-0.044221,-0.999022,0.000038,0.000000,-0.191756,0.008450,-0.981406,0.000000,2.104046,-3.093148,-0.411908,1.000000;;
        }
       }
      }

      Frame FxCenter {
       

       FrameTransformMatrix {
        -0.023870,0.000000,0.999715,0.000000,0.999715,0.000000,0.023871,0.000000,0.000000,1.000000,-0.000000,0.000000,1.000006,-0.000002,0.000000,1.000000;;
       }
      }

      Frame Weapon_Back {
       

       FrameTransformMatrix {
        -0.999295,-0.000000,-0.037550,0.000000,0.000000,-1.000000,0.000000,0.000000,-0.037550,0.000000,0.999295,0.000000,4.711470,-0.000002,-2.809570,1.000000;;
       }
      }
     }
    }

    Frame Bip01-L-Thigh {
     

     FrameTransformMatrix {
      -0.997343,0.010238,0.072129,0.000000,-0.003067,-0.995100,0.098825,0.000000,0.072788,0.098342,0.992487,0.000000,-2.355776,2.566188,0.104821,1.000000;;
     }

     Frame Bip01-L-Calf {
      

      FrameTransformMatrix {
       0.989801,0.000000,-0.142458,0.000000,0.000000,1.000000,0.000002,0.000000,0.142458,-0.000002,0.989801,0.000000,10.047705,-0.000001,0.000000,1.000000;;
      }

      Frame Bip01-L-Foot {
       

       FrameTransformMatrix {
        0.993368,0.006533,0.114794,0.000000,-0.007677,0.999925,0.009526,0.000000,-0.114723,-0.010344,0.993344,0.000000,10.474948,0.000001,0.000001,1.000000;;
       }

       Frame Bip01-L-Toe0 {
        

        FrameTransformMatrix {
         0.005122,-0.000012,0.999987,0.000000,0.000000,1.000000,0.000012,0.000000,-0.999987,0.000000,0.005122,0.000000,3.213932,-0.000023,1.930074,1.000000;;
        }

        Frame Bip01-L-Toe0Nub {
         

         FrameTransformMatrix {
          -1.000000,-0.000000,0.000000,0.000000,-0.000000,1.000000,0.000000,0.000000,-0.000000,0.000000,-1.000000,0.000000,1.879583,0.000000,-0.000000,1.000000;;
         }
        }
       }
      }

      Frame L_Knee {
       

       FrameTransformMatrix {
        0.997447,0.000000,0.071411,0.000000,-0.000000,1.000000,0.000001,0.000000,-0.071411,-0.000001,0.997447,0.000000,0.000001,0.000000,0.000000,1.000000;;
       }
      }

      Frame Bip01-LCalfTwist {
       

       FrameTransformMatrix {
        1.000000,0.000000,-0.000000,0.000000,-0.000000,0.999989,0.004770,0.000000,0.000000,-0.004769,0.999989,0.000000,0.000001,0.000000,0.000000,1.000000;;
       }
      }
     }

     Frame L_Thigh {
      

      FrameTransformMatrix {
       1.000000,0.000000,0.000000,0.000000,-0.000000,1.000000,0.000000,0.000000,-0.000000,-0.000000,1.000000,0.000000,0.000000,-0.000000,0.000000,1.000000;;
      }
     }
    }

    Frame Bip01-R-Thigh {
     

     FrameTransformMatrix {
      -0.997343,-0.010238,0.072130,0.000000,0.003068,-0.995101,-0.098819,0.000000,0.072788,-0.098335,0.992488,0.000000,-2.355778,-2.566190,0.104834,1.000000;;
     }

     Frame Bip01-R-Calf {
      

      FrameTransformMatrix {
       0.989801,-0.000001,-0.142458,0.000000,0.000000,1.000000,-0.000003,0.000000,0.142458,0.000003,0.989801,0.000000,10.047706,-0.000001,-0.000001,1.000000;;
      }

      Frame Bip01-R-Foot {
       

       FrameTransformMatrix {
        0.993368,-0.006533,0.114795,0.000000,0.007676,0.999926,-0.009520,0.000000,-0.114724,0.010338,0.993344,0.000000,10.474942,0.000000,0.000001,1.000000;;
       }

       Frame Bip01-R-Toe0 {
        

        FrameTransformMatrix {
         0.005122,0.000019,0.999987,0.000000,-0.000000,1.000000,-0.000019,0.000000,-0.999987,-0.000000,0.005122,0.000000,3.213933,0.000037,1.930074,1.000000;;
        }

        Frame Bip01-R-Toe0Nub {
         

         FrameTransformMatrix {
          1.000000,0.000000,-0.000000,0.000000,0.000000,1.000000,0.000000,0.000000,0.000000,0.000000,1.000000,0.000000,1.879583,-0.000001,0.000000,1.000000;;
         }
        }
       }
      }

      Frame R_Knee {
       

       FrameTransformMatrix {
        0.997447,0.000000,0.071411,0.000000,-0.000000,1.000001,-0.000001,0.000000,-0.071411,0.000001,0.997447,0.000000,0.000000,0.000000,-0.000000,1.000000;;
       }
      }

      Frame Bip01-RCalfTwist {
       

       FrameTransformMatrix {
        1.000000,-0.000000,0.000000,0.000000,0.000000,0.999989,-0.004770,0.000000,-0.000000,0.004770,0.999989,0.000000,-0.000001,-0.000000,-0.000000,1.000000;;
       }
      }
     }

     Frame R_Thigh {
      

      FrameTransformMatrix {
       1.000000,-0.000000,-0.000000,0.000000,0.000000,1.000000,-0.000003,0.000000,0.000000,0.000003,1.000000,0.000000,0.000000,-0.000001,0.000000,1.000000;;
      }
     }
    }

    Frame Skirt_Dummy {
     

     FrameTransformMatrix {
      -1.000000,0.000002,0.000797,0.000000,-0.000002,-1.000000,-0.000001,0.000000,0.000797,-0.000001,1.000000,0.000000,-0.033834,-0.000002,-0.263520,1.000000;;
     }
    }
   }
  }
 }
}

Frame Human_F_L11_Hand_Skel {
 

 FrameTransformMatrix {
  1.000000,0.000000,0.000000,0.000000,0.000000,1.000000,0.000000,0.000000,0.000000,0.000000,1.000000,0.000000,0.000000,0.000000,0.000000,1.000000;;
 }

 Mesh Human_F_L11_Hand_Skel {
  2276;
  1.172168;23.268779;12.240557;,
  1.201823;22.865514;12.335313;,
  1.112667;23.151334;12.473070;,
  1.242393;22.674126;12.211326;,
  1.257702;23.009834;12.149928;,
  1.286356;22.822595;12.055371;,
  1.374889;23.348000;12.184883;,
  1.423361;23.084907;12.095863;,
  1.593987;23.082382;12.188132;,
  1.461974;22.911707;12.016998;,
  1.653369;22.903309;12.084630;,
  1.668147;22.966016;12.382004;,
  1.732652;22.776981;12.261706;,
  1.569379;23.351650;12.291411;,
  1.601474;23.259379;12.517594;,
  2.474800;22.465909;12.152330;,
  2.505440;22.687552;12.171747;,
  2.443661;22.562278;12.268282;,
  2.489154;22.238429;12.017199;,
  2.536418;22.391765;11.968836;,
  2.538133;22.543085;12.073048;,
  2.411196;22.823768;12.011523;,
  2.444758;22.647680;11.924699;,
  2.216983;22.832792;11.925540;,
  2.278186;22.657422;11.833914;,
  2.051862;22.714936;11.990465;,
  2.141830;22.552605;11.902654;,
  2.050387;22.549320;12.149321;,
  2.436220;22.139544;11.979315;,
  2.517137;22.236651;11.884478;,
  2.481531;22.463382;11.839266;,
  2.345714;22.441062;11.779402;,
  2.467767;22.313259;11.796377;,
  2.113181;22.415970;12.047000;,
  2.160218;22.483059;12.255094;,
  2.202433;22.383106;12.138198;,
  2.190987;22.283187;11.941843;,
  2.336798;22.174424;11.989866;,
  2.306918;22.168021;11.865408;,
  2.430737;22.148038;11.860624;,
  2.410221;22.234083;11.792452;,
  2.313910;22.274224;11.788405;,
  2.217487;22.382728;11.818377;,
  -1.020061;27.959066;8.065216;,
  -1.213606;27.887434;9.012313;,
  -1.439137;28.296272;8.650921;,
  -0.875921;27.592294;8.585189;,
  -0.799791;27.376902;9.629879;,
  0.002296;27.882221;7.782495;,
  -0.007163;28.306118;7.085186;,
  -1.296531;28.285990;7.312248;,
  -2.075329;28.758790;8.039858;,
  0.745904;28.911770;7.808224;,
  0.164453;26.485128;11.167569;,
  -0.326765;26.729160;10.371768;,
  -0.001233;26.246261;10.892337;,
  -0.113578;27.029011;10.732398;,
  -0.512168;27.725974;10.036937;,
  -0.760848;28.391776;9.637706;,
  -0.926948;28.860838;9.291102;,
  -1.594896;29.359878;8.775947;,
  -0.172137;28.662813;9.897645;,
  -0.277496;29.147760;9.560220;,
  0.022978;28.055088;10.362484;,
  0.380499;27.356541;10.974270;,
  0.625572;26.792142;11.398610;,
  0.739839;26.517861;11.549440;,
  0.220198;26.263446;11.307050;,
  0.861236;26.225656;11.710895;,
  0.286420;25.990032;11.500879;,
  1.117781;26.907715;11.233145;,
  1.236375;26.686778;11.367862;,
  1.393834;26.429552;11.535353;,
  1.670970;25.721003;12.057901;,
  1.131889;25.511350;12.132189;,
  0.479861;25.314379;11.924687;,
  0.235549;25.172915;11.596403;,
  0.375404;24.714533;12.078922;,
  0.588303;24.769358;12.251912;,
  0.362778;24.579467;11.760651;,
  0.416909;24.489000;12.253133;,
  0.398082;24.391499;11.910862;,
  0.482193;24.235541;12.285744;,
  0.425892;24.183029;12.056254;,
  0.663503;24.270531;12.376668;,
  0.611323;24.510002;12.393578;,
  0.823675;24.513786;12.456499;,
  0.896222;24.814646;12.448725;,
  0.917476;24.545914;12.588643;,
  1.145756;24.579325;12.627855;,
  1.229781;24.272278;12.654799;,
  1.265035;24.604310;12.570206;,
  0.978661;24.223726;12.619883;,
  0.884535;24.230610;12.364008;,
  0.835243;24.270942;12.320606;,
  1.158379;24.894181;12.490170;,
  1.311634;24.612982;12.615399;,
  1.412198;24.679165;12.702897;,
  1.601314;25.067278;12.548054;,
  1.647762;24.750634;12.752022;,
  1.384289;24.326370;12.478144;,
  1.374196;24.363664;12.615124;,
  1.445604;24.358202;12.729382;,
  1.760261;24.444298;12.772262;,
  1.807998;24.763555;12.654606;,
  1.865983;25.120781;12.535910;,
  2.032121;24.559646;12.744731;,
  1.857789;24.787077;12.648617;,
  1.947531;24.516702;12.577426;,
  1.918990;24.524178;12.569868;,
  1.975500;24.838085;12.736902;,
  2.437074;24.659931;12.681130;,
  2.203317;24.938261;12.693981;,
  2.086892;25.230957;12.444847;,
  0.262638;28.984755;-7.926437;,
  -0.007162;28.306118;-7.085187;,
  0.745905;28.911770;-7.808224;,
  -0.215476;28.553850;-7.429614;,
  -1.046985;28.577808;-7.612622;,
  -1.296530;28.285990;-7.312248;,
  -1.433781;28.901594;-8.086752;,
  -2.075328;28.758790;-8.039858;,
  -1.228389;29.268426;-8.555892;,
  -1.594895;29.359878;-8.775947;,
  -0.626160;29.633056;-8.935484;,
  -0.630335;29.894397;-9.294934;,
  -0.002142;29.654170;-8.836339;,
  0.212853;29.855738;-9.064946;,
  0.362952;29.361485;-8.409318;,
  0.783649;29.455594;-8.457786;,
  0.157122;27.015923;-11.334226;,
  -0.147603;26.634648;-11.199018;,
  0.131706;26.715763;-11.050383;,
  0.025004;27.058650;-11.629760;,
  0.537862;27.142640;-11.201021;,
  0.323349;26.581864;-11.484347;,
  0.708898;26.591338;-11.281123;,
  1.074782;26.828563;-11.273454;,
  1.256001;26.797702;-10.482088;,
  1.507491;27.069757;-10.868374;,
  1.208054;27.040970;-10.758614;,
  1.121493;27.393197;-11.475173;,
  0.973229;27.317360;-11.194522;,
  0.561104;27.197267;-11.521342;,
  0.180304;26.630043;-11.778394;,
  0.044253;26.273747;-11.380058;,
  -0.209208;26.304602;-10.786462;,
  0.084748;26.446054;-10.775066;,
  0.140463;26.001918;-11.574014;,
  0.014562;25.738208;-11.143774;,
  -0.062063;25.975859;-10.972438;,
  0.237109;26.081077;-10.237801;,
  0.344200;26.316147;-10.437132;,
  0.325477;25.754432;-10.565358;,
  0.809947;26.232672;-10.125890;,
  0.760946;26.460093;-10.355246;,
  0.988559;25.922650;-10.450430;,
  0.932559;26.139650;-10.690348;,
  0.474418;25.978314;-10.753485;,
  0.302968;25.887454;-11.168426;,
  0.148609;25.222242;-11.842830;,
  0.449818;25.204765;-11.712457;,
  1.633063;26.673794;-10.979075;,
  1.224684;26.962490;-11.535488;,
  0.726278;26.683691;-11.595270;,
  0.328305;26.210922;-11.943934;,
  1.036279;26.558902;-10.324743;,
  1.539273;26.714514;-10.369743;,
  1.715037;26.438083;-10.613736;,
  1.808774;26.490014;-11.127923;,
  1.381524;26.454507;-11.860944;,
  0.875157;26.259789;-11.747485;,
  2.338119;25.167496;-12.524706;,
  2.152756;24.549664;-12.631038;,
  2.251766;24.621475;-12.935674;,
  1.977587;25.216427;-12.890679;,
  2.101607;25.720499;-12.085793;,
  1.692722;25.769944;-12.476534;,
  2.038839;26.067694;-11.695306;,
  2.044716;26.304704;-11.234114;,
  1.878908;26.239674;-10.709564;,
  1.046221;24.818014;-12.660442;,
  1.696733;24.999814;-12.756582;,
  1.636837;26.099094;-10.880440;,
  1.342941;26.084525;-10.448618;,
  1.180142;26.228243;-10.695082;,
  1.851375;26.043770;-11.187065;,
  1.861874;25.833614;-11.548107;,
  1.918462;25.502912;-11.921795;,
  2.129786;24.990797;-12.342640;,
  1.201641;26.379843;-10.107584;,
  0.760946;26.460093;-10.355246;,
  0.809947;26.232672;-10.125890;,
  0.988559;25.922650;-10.450430;,
  0.932559;26.139650;-10.690348;,
  0.573603;22.935078;-11.907551;,
  0.658517;23.113731;-11.843644;,
  0.600696;22.994318;-11.975893;,
  0.643181;23.089118;-11.788794;,
  0.836789;23.166603;-11.760849;,
  0.824611;23.173819;-11.823190;,
  0.841899;23.102200;-11.758604;,
  0.680523;23.037853;-11.771690;,
  0.640384;22.896426;-11.852710;,
  0.623383;22.792307;-12.049254;,
  0.637628;22.918174;-12.068970;,
  0.584273;23.135990;-12.050142;,
  0.797395;22.701546;-12.147020;,
  0.785373;22.860016;-12.186779;,
  0.947762;22.936898;-12.126346;,
  0.911866;23.096882;-12.217304;,
  0.975342;23.323920;-12.222665;,
  0.981756;23.149315;-12.128246;,
  1.015604;23.020462;-12.037182;,
  0.986358;22.799717;-12.092560;,
  0.825286;22.766744;-11.998862;,
  0.674939;22.818187;-11.912194;,
  0.702997;22.748213;-11.830442;,
  0.991838;22.768810;-11.903540;,
  1.045091;22.741965;-11.744503;,
  0.993106;22.674022;-11.813948;,
  0.847265;22.716219;-11.901763;,
  0.759034;22.659587;-11.764845;,
  0.878022;22.628904;-11.791230;,
  0.976308;22.600835;-11.749986;,
  0.681961;22.805872;-11.755018;,
  0.731909;22.719232;-11.688594;,
  0.823372;22.595264;-11.716440;,
  0.908751;22.553024;-11.704782;,
  1.009221;22.659750;-11.634178;,
  0.815272;22.649685;-11.599006;,
  0.932342;22.548674;-11.585137;,
  -0.630336;29.894397;9.294934;,
  0.272262;29.164550;9.458474;,
  0.212852;29.855741;9.064946;,
  0.358903;28.649632;9.832249;,
  0.550660;28.088784;10.300828;,
  0.920560;27.343965;10.806562;,
  0.476077;25.440227;-12.497638;,
  0.609250;24.894502;-12.736942;,
  0.431315;24.675648;-12.344022;,
  0.817044;24.238701;-12.658311;,
  0.711167;24.736109;-12.183401;,
  0.942549;24.335730;-12.312648;,
  1.026148;24.708595;-12.351830;,
  1.846777;24.913842;-12.477856;,
  1.975263;23.495078;-12.221706;,
  1.820549;23.276870;-12.327879;,
  2.012627;23.404709;-12.232963;,
  1.808214;23.122130;-12.554568;,
  1.809448;23.139086;-12.804835;,
  1.879908;23.082426;-12.662521;,
  1.724399;23.203570;-12.608416;,
  1.747557;23.350237;-12.340387;,
  1.945617;23.549557;-12.296307;,
  1.763010;23.432398;-12.402666;,
  1.706872;23.332053;-12.654091;,
  1.781199;23.312067;-12.771664;,
  2.069297;23.109984;-12.764246;,
  1.972401;22.826691;-12.507188;,
  2.044831;23.129547;-13.005053;,
  1.980280;23.326403;-12.886963;,
  1.824993;23.842178;-12.881404;,
  1.632254;23.802499;-12.778205;,
  1.636399;24.412411;-12.860606;,
  1.436148;24.357512;-12.746889;,
  1.527189;24.716850;-12.851866;,
  1.627750;23.578672;-12.653459;,
  1.500125;24.004773;-12.633841;,
  1.374197;24.363667;-12.615126;,
  1.412444;24.658722;-12.745526;,
  1.451788;24.937496;-12.751475;,
  1.684483;24.743448;-12.792970;,
  1.884423;24.474008;-12.706301;,
  2.037273;23.925507;-12.771545;,
  2.163953;23.421658;-12.784147;,
  2.208823;23.233290;-12.870625;,
  2.215309;23.192211;-12.732862;,
  2.192646;22.808939;-12.586147;,
  1.918991;24.524178;-12.569869;,
  2.017503;24.170744;-12.641948;,
  2.146800;23.728467;-12.671390;,
  2.237019;23.486818;-12.665942;,
  2.295384;23.395875;-12.626955;,
  2.213968;23.488738;-12.359376;,
  2.161861;23.563944;-12.415310;,
  2.355266;22.938957;-12.512045;,
  2.304218;23.274019;-12.565279;,
  2.391709;22.986925;-12.409646;,
  2.220713;23.398034;-12.343250;,
  2.012627;23.404709;-12.232963;,
  1.975263;23.495078;-12.221706;,
  1.945617;23.549557;-12.296307;,
  2.262177;22.606981;-12.451182;,
  2.409719;22.690678;-12.404629;,
  2.308738;22.454342;-12.455377;,
  2.479985;22.569058;-12.407882;,
  2.311184;22.486242;-12.298206;,
  2.462440;22.550464;-12.280236;,
  2.489604;22.458614;-12.163636;,
  2.505442;22.687546;-12.171746;,
  2.538135;22.543080;-12.073046;,
  2.411197;22.823765;-12.011522;,
  2.188751;22.917709;-11.936346;,
  2.216984;22.832787;-11.925539;,
  2.403805;22.890979;-12.042110;,
  2.515263;22.754853;-12.233789;,
  2.460224;22.805203;-12.286476;,
  2.381284;22.934523;-12.108045;,
  2.173495;22.948786;-12.018955;,
  2.173495;22.948786;-12.018955;,
  2.004136;22.770267;-12.023618;,
  2.188751;22.917709;-11.936346;,
  2.000420;22.821374;-12.089559;,
  1.990160;22.591816;-12.207354;,
  1.996237;22.669758;-12.265902;,
  1.937669;22.848056;-12.390561;,
  2.063688;22.601229;-12.355573;,
  2.083439;22.466619;-12.375654;,
  2.050389;22.549315;-12.149318;,
  2.051864;22.714931;-11.990464;,
  2.216984;22.832787;-11.925539;,
  2.149845;22.462306;-12.265446;,
  2.113183;22.415962;-12.046998;,
  2.192951;22.368973;-12.148705;,
  2.187141;22.269107;-11.955537;,
  2.241539;22.253986;-12.057856;,
  2.347713;22.386322;-12.192140;,
  2.512459;22.345562;-12.072438;,
  2.394259;22.257984;-12.090678;,
  2.325771;22.158346;-11.994346;,
  2.546261;22.381771;-11.982649;,
  2.507361;22.232506;-12.022992;,
  2.440670;22.129826;-11.989342;,
  2.431864;22.075099;-11.861118;,
  2.298284;22.153698;-11.869438;,
  2.530543;22.227710;-11.890886;,
  0.407798;24.486603;-12.270964;,
  0.436477;24.218944;-12.258331;,
  0.425893;24.183027;-12.056254;,
  0.516458;23.785613;-12.291888;,
  0.458248;23.919710;-12.130358;,
  0.493052;23.629554;-12.199154;,
  0.502624;23.452190;-12.196758;,
  0.547837;23.427386;-12.302561;,
  0.554199;23.290978;-12.412172;,
  0.699098;23.250211;-12.589182;,
  0.882725;23.303211;-12.482052;,
  0.741652;23.242818;-12.368970;,
  0.588224;23.255234;-12.255225;,
  0.495307;23.365856;-12.165994;,
