xof 0303txt 0032
template ColorRGBA {
 <35ff44e0-6c7c-11cf-8f52-0040333594a3>
 FLOAT red;
 FLOAT green;
 FLOAT blue;
 FLOAT alpha;
}

template ColorRGB {
 <d3e16e81-7835-11cf-8f52-0040333594a3>
 FLOAT red;
 FLOAT green;
 FLOAT blue;
}

template Material {
 <3d82ab4d-62da-11cf-ab39-0020af71e433>
 ColorRGBA faceColor;
 FLOAT power;
 ColorRGB specularColor;
 ColorRGB emissiveColor;
 [...]
}

template TextureFilename {
 <a42790e1-7810-11cf-8f52-0040333594a3>
 STRING filename;
}

template Frame {
 <3d82ab46-62da-11cf-ab39-0020af71e433>
 [...]
}

template Matrix4x4 {
 <f6f23f45-7686-11cf-8f52-0040333594a3>
 array FLOAT matrix[16];
}

template FrameTransformMatrix {
 <f6f23f41-7686-11cf-8f52-0040333594a3>
 Matrix4x4 frameMatrix;
}

template Vector {
 <3d82ab5e-62da-11cf-ab39-0020af71e433>
 FLOAT x;
 FLOAT y;
 FLOAT z;
}

template MeshFace {
 <3d82ab5f-62da-11cf-ab39-0020af71e433>
 DWORD nFaceVertexIndices;
 array DWORD faceVertexIndices[nFaceVertexIndices];
}

template Mesh {
 <3d82ab44-62da-11cf-ab39-0020af71e433>
 DWORD nVertices;
 array Vector vertices[nVertices];
 DWORD nFaces;
 array MeshFace faces[nFaces];
 [...]
}

template MeshNormals {
 <f6f23f43-7686-11cf-8f52-0040333594a3>
 DWORD nNormals;
 array Vector normals[nNormals];
 DWORD nFaceNormals;
 array MeshFace faceNormals[nFaceNormals];
}

template MeshMaterialList {
 <f6f23f42-7686-11cf-8f52-0040333594a3>
 DWORD nMaterials;
 DWORD nFaceIndexes;
 array DWORD faceIndexes[nFaceIndexes];
 [Material <3d82ab4d-62da-11cf-ab39-0020af71e433>]
}

template Coords2d {
 <f6f23f44-7686-11cf-8f52-0040333594a3>
 FLOAT u;
 FLOAT v;
}

template MeshTextureCoords {
 <f6f23f40-7686-11cf-8f52-0040333594a3>
 DWORD nTextureCoords;
 array Coords2d textureCoords[nTextureCoords];
}

template XSkinMeshHeader {
 <3cf169ce-ff7c-44ab-93c0-f78f62d172e2>
 WORD nMaxSkinWeightsPerVertex;
 WORD nMaxSkinWeightsPerFace;
 WORD nBones;
}

template SkinWeights {
 <6f0d123b-bad2-4167-a0d0-80224f25fabb>
 STRING transformNodeName;
 DWORD nWeights;
 array DWORD vertexIndices[nWeights];
 array FLOAT weights[nWeights];
 Matrix4x4 matrixOffset;
}


Material Material__35 {
 1.000000;1.000000;1.000000;1.000000;;
 10.000000;
 0.000000;0.000000;0.000000;;
 0.000000;0.000000;0.000000;;

 TextureFilename {
  "Human_F_L12_Hand_diff.dds";
 }
}

Frame Dummy_root {
 

 FrameTransformMatrix {
  1.000000,0.000000,0.000000,0.000000,0.000000,1.000000,0.000000,0.000000,0.000000,0.000000,1.000000,0.000000,0.000000,23.000000,0.000000,1.000000;;
 }

 Frame FxBottom {
  

  FrameTransformMatrix {
   1.000000,0.000000,0.000000,0.000000,0.000000,1.000000,0.000000,0.000000,-0.000000,0.000000,1.000000,0.000000,0.000000,-23.000000,-0.000000,1.000000;;
  }
 }

 Frame Bip01 {
  

  FrameTransformMatrix {
   1.000000,0.000000,0.000001,0.000000,0.000000,1.000000,0.000000,0.000000,-0.000001,0.000000,1.000000,0.000000,-0.194762,0.659397,0.000000,1.000000;;
  }

  Frame Bip01-Pelvis {
   

   FrameTransformMatrix {
    0.000001,1.000000,-0.000001,0.000000,-0.000001,0.000001,1.000000,0.000000,1.000000,-0.000001,0.000001,0.000000,0.000000,0.000000,0.000000,1.000000;;
   }

   Frame Bip01-Spine {
    

    FrameTransformMatrix {
     0.999030,0.000001,0.044033,0.000000,-0.000001,1.000000,0.000004,0.000000,-0.044033,-0.000004,0.999030,0.000000,2.358109,0.000003,-0.000993,1.000000;;
    }

    Frame Bip01-Spine1 {
     

     FrameTransformMatrix {
      0.998814,0.000000,0.048692,0.000000,-0.000000,1.000000,0.000000,0.000000,-0.048692,-0.000000,0.998814,0.000000,0.209322,0.000000,-0.002767,1.000000;;
     }

     Frame Bip01-Spine2 {
      

      FrameTransformMatrix {
       0.993206,-0.000000,-0.116369,0.000000,0.000000,1.000000,-0.000001,0.000000,0.116369,0.000001,0.993206,0.000000,3.478325,0.000000,-0.001152,1.000000;;
      }

      Frame Bip01-Spine3 {
       

       FrameTransformMatrix {
        0.996891,-0.000000,-0.078796,0.000000,0.000000,1.000000,0.000001,0.000000,0.078797,-0.000001,0.996891,0.000000,1.456833,0.000000,-0.004309,1.000000;;
       }

       Frame Bip01-Neck {
        

        FrameTransformMatrix {
         0.976813,0.000001,0.214095,0.000000,-0.000001,1.000000,-0.000000,0.000000,-0.214095,-0.000000,0.976813,0.000000,5.539909,-0.000000,-0.690872,1.000000;;
        }

        Frame Bip01-Head {
         

         FrameTransformMatrix {
          0.999957,-0.000000,-0.009206,0.000000,0.000000,1.000000,0.000000,0.000000,0.009206,-0.000000,0.999958,0.000000,2.474243,-0.000000,0.000001,1.000000;;
         }

         Frame Bip01-HeadNub {
          

          FrameTransformMatrix {
           1.000000,0.000000,0.000000,0.000000,-0.000000,1.000000,0.000000,0.000000,0.000000,0.000000,1.000000,0.000000,4.628933,0.000000,-0.000001,1.000000;;
          }
         }

         Frame FxTop {
          

          FrameTransformMatrix {
           0.103621,0.000001,0.994617,0.000000,0.994617,-0.000000,-0.103621,0.000000,0.000000,1.000000,-0.000001,0.000000,4.500030,-0.000003,-0.000001,1.000000;;
          }
         }
        }

        Frame Bip01-L-Clavicle {
         

         FrameTransformMatrix {
          -0.249952,0.966695,0.054990,0.000000,0.944115,0.255930,-0.207716,0.000000,-0.214872,-0.000003,-0.976642,0.000000,-0.753037,0.957158,0.028459,1.000000;;
         }

         Frame Bip01-L-UpperArm {
          

          FrameTransformMatrix {
           0.798872,-0.594051,0.094384,0.000000,0.578815,0.801906,0.148056,0.000000,-0.163640,-0.063647,0.984465,0.000000,2.305936,-0.000011,0.000000,1.000000;;
          }

          Frame Bip01-L-Forearm {
           

           FrameTransformMatrix {
            0.930629,-0.000000,-0.365965,0.000000,0.000000,1.000000,-0.000000,0.000000,0.365966,-0.000000,0.930628,0.000000,6.131235,0.000004,-0.000001,1.000000;;
           }

           Frame Bip01-L-Hand {
            

            FrameTransformMatrix {
             0.989065,-0.040579,0.141787,0.000000,-0.144471,-0.073386,0.986784,0.000000,-0.029638,-0.996478,-0.078446,0.000000,6.144241,0.000002,-0.000001,1.000000;;
            }

            Frame Bip01-L-Finger0 {
             

             FrameTransformMatrix {
              0.722825,-0.531684,0.441403,0.000000,0.371541,-0.239557,-0.896978,0.000000,0.582649,0.812358,0.024385,0.000000,0.431652,-0.683446,0.267920,1.000000;;
             }

             Frame Bip01-L-Finger01 {
              

              FrameTransformMatrix {
               0.985852,0.000000,0.167616,0.000000,0.000000,1.000000,0.000000,0.000000,-0.167616,0.000000,0.985852,0.000000,1.065220,0.000002,-0.000002,1.000000;;
              }

              Frame Bip01-L-Finger02 {
               

               FrameTransformMatrix {
                0.950838,0.000000,0.309691,0.000000,0.000000,1.000000,-0.000000,0.000000,-0.309691,0.000000,0.950837,0.000000,0.739169,0.000000,-0.000001,1.000000;;
               }

               Frame Bip01-L-Finger0Nub {
                

                FrameTransformMatrix {
                 1.000000,0.000000,-0.000000,0.000000,-0.000000,1.000000,-0.000000,0.000000,0.000000,0.000000,1.000000,0.000000,0.862499,-0.000004,0.000002,1.000000;;
                }
               }
              }
             }
            }

            Frame Bip01-L-Finger1 {
             

             FrameTransformMatrix {
              0.890676,0.007232,0.454582,0.000000,0.005919,0.999604,-0.027500,0.000000,-0.454601,0.027185,0.890280,0.000000,2.096303,-0.862208,-0.077711,1.000000;;
             }

             Frame Bip01-L-Finger11 {
              

              FrameTransformMatrix {
               0.877627,-0.000000,0.479344,0.000000,0.000000,1.000000,-0.000000,0.000000,-0.479344,0.000000,0.877627,0.000000,1.331196,-0.000001,0.000001,1.000000;;
              }

              Frame Bip01-L-Finger12 {
               

               FrameTransformMatrix {
                0.932921,-0.000000,0.360082,0.000000,-0.000000,1.000000,0.000001,0.000000,-0.360082,-0.000001,0.932920,0.000000,0.723103,0.000002,0.000002,1.000000;;
               }

               Frame Bip01-L-Finger1Nub {
                

                FrameTransformMatrix {
                 1.000000,0.000000,-0.000000,0.000000,-0.000000,1.000000,-0.000001,0.000000,0.000000,0.000001,1.000000,0.000000,0.679665,-0.000001,0.000003,1.000000;;
                }
               }
              }
             }
            }

            Frame Bip01-L-Finger2 {
             

             FrameTransformMatrix {
              0.882745,0.035112,0.468540,0.000000,-0.013270,0.998669,-0.049838,0.000000,-0.469665,0.037776,0.882036,0.000000,2.179710,-0.283319,-0.116972,1.000000;;
             }

             Frame Bip01-L-Finger21 {
              

              FrameTransformMatrix {
               0.795542,0.000000,0.605898,0.000000,-0.000000,1.000000,0.000001,0.000000,-0.605899,-0.000001,0.795542,0.000000,1.406767,0.000002,0.000001,1.000000;;
              }

              Frame Bip01-L-Finger22 {
               

               FrameTransformMatrix {
                0.981120,0.000000,0.193399,0.000000,0.000000,1.000000,0.000000,0.000000,-0.193399,-0.000000,0.981120,0.000000,0.840509,0.000003,-0.000001,1.000000;;
               }

               Frame Bip01-L-Finger2Nub {
                

                FrameTransformMatrix {
                 1.000000,0.000000,-0.000000,0.000000,-0.000000,1.000000,-0.000001,0.000000,-0.000000,0.000001,1.000000,0.000000,0.664877,-0.000001,0.000001,1.000000;;
                }
               }
              }
             }
            }

            Frame Bip01-L-Finger3 {
             

             FrameTransformMatrix {
              0.896787,0.157211,0.413592,0.000000,-0.134986,0.987396,-0.082633,0.000000,-0.421369,0.018276,0.906705,0.000000,2.073347,0.186408,-0.130486,1.000000;;
             }

             Frame Bip01-L-Finger31 {
              

              FrameTransformMatrix {
               0.760569,-0.000000,0.649258,0.000000,0.000000,1.000000,0.000000,0.000000,-0.649258,0.000000,0.760569,0.000000,1.365458,-0.000000,0.000000,1.000000;;
              }

              Frame Bip01-L-Finger32 {
               

               FrameTransformMatrix {
                0.978941,0.000000,0.204143,0.000000,-0.000000,1.000000,-0.000000,0.000000,-0.204143,0.000000,0.978941,0.000000,0.768665,0.000001,0.000006,1.000000;;
               }

               Frame Bip01-L-Finger3Nub {
                

                FrameTransformMatrix {
                 1.000000,-0.000000,-0.000000,0.000000,0.000000,1.000000,0.000000,0.000000,0.000000,-0.000000,1.000000,0.000000,0.649355,-0.000001,-0.000002,1.000000;;
                }
               }
              }
             }
            }

            Frame Bip01-L-Finger4 {
             

             FrameTransformMatrix {
              0.885085,0.251359,0.391718,0.000000,-0.224522,0.967811,-0.113722,0.000000,-0.407693,0.012705,0.913031,0.000000,1.882342,0.690610,0.070723,1.000000;;
             }

             Frame Bip01-L-Finger41 {
              

              FrameTransformMatrix {
               0.785957,0.000000,0.618281,0.000000,0.000000,1.000000,-0.000000,0.000000,-0.618281,0.000000,0.785957,0.000000,1.108318,-0.000001,-0.000002,1.000000;;
              }

              Frame Bip01-L-Finger42 {
               

               FrameTransformMatrix {
                0.944871,-0.000000,0.327444,0.000000,0.000000,1.000000,0.000000,0.000000,-0.327444,-0.000000,0.944871,0.000000,0.520340,-0.000000,0.000000,1.000000;;
               }

               Frame Bip01-L-Finger4Nub {
                

                FrameTransformMatrix {
                 1.000000,-0.000000,0.000000,0.000000,0.000000,1.000000,-0.000000,0.000000,0.000000,0.000000,1.000000,0.000000,0.515337,0.000001,0.000002,1.000000;;
                }
               }
              }
             }
            }

            Frame FxHand00 {
             

             FrameTransformMatrix {
              0.220347,-0.936490,0.272824,0.000000,-0.759401,-0.340240,-0.554568,0.000000,0.612173,-0.084986,-0.786143,0.000000,1.500001,0.499998,2.000002,1.000000;;
             }
            }

            Frame L_Sword {
             

             FrameTransformMatrix {
              0.976767,0.039080,-0.210713,0.000000,0.070766,-0.986898,0.145000,0.000000,-0.202285,-0.156543,-0.966734,0.000000,-0.000001,0.000000,0.000002,1.000000;;
             }
            }
           }

           Frame L_Elbow {
            

            FrameTransformMatrix {
             0.982504,0.000000,0.186241,0.000000,-0.000000,1.000000,-0.000000,0.000000,-0.186241,0.000000,0.982504,0.000000,0.000002,-0.000002,0.000001,1.000000;;
            }
           }

           Frame L_Shield {
            

            FrameTransformMatrix {
             1.000000,-0.000000,0.000000,0.000000,0.000000,1.000000,-0.000000,0.000000,-0.000000,-0.000000,1.000000,0.000000,2.500004,2.500000,-0.000001,1.000000;;
            }
           }

           Frame Bip01-L-ForeTwist {
            

            FrameTransformMatrix {
             1.000000,0.000000,-0.000000,0.000000,-0.000000,0.999311,0.037108,0.000000,-0.000000,-0.037108,0.999311,0.000000,0.000002,-0.000002,0.000001,1.000000;;
            }
           }
          }

          Frame L_Shoulder {
           

           FrameTransformMatrix {
            0.948343,0.307755,-0.077029,0.000000,-0.311669,0.949122,-0.045064,0.000000,0.059241,0.066743,0.996010,0.000000,-0.000002,0.000004,0.000000,1.000000;;
           }
          }

          Frame L_Shoulder_Twist {
           

           FrameTransformMatrix {
            1.000000,-0.000000,-0.000000,0.000000,-0.000000,1.000000,-0.000000,0.000000,0.000000,0.000000,1.000000,0.000000,-0.000002,0.000004,-0.000000,1.000000;;
           }
          }
         }
        }

        Frame Bip01-R-Clavicle {
         

         FrameTransformMatrix {
          -0.249952,-0.966695,0.054995,0.000000,-0.944115,0.255931,0.207715,0.000000,-0.214872,-0.000003,-0.976642,0.000000,-0.753037,-0.957160,0.028464,1.000000;;
         }

         Frame Bip01-R-UpperArm {
          

          FrameTransformMatrix {
           0.798872,0.594050,0.094384,0.000000,-0.578814,0.801906,-0.148056,0.000000,-0.163640,0.063647,0.984465,0.000000,2.305936,0.000004,0.000002,1.000000;;
          }

          Frame Bip01-R-Forearm {
           

           FrameTransformMatrix {
            0.930628,0.000000,-0.365965,0.000000,-0.000000,1.000000,0.000000,0.000000,0.365965,0.000000,0.930628,0.000000,6.131233,0.000000,-0.000001,1.000000;;
           }

           Frame Bip01-R-Hand {
            

            FrameTransformMatrix {
             0.989065,0.040580,0.141786,0.000000,0.144470,-0.073387,-0.986784,0.000000,-0.029639,0.996478,-0.078447,0.000000,6.144236,-0.000002,-0.000002,1.000000;;
            }

            Frame Bip01-R-Finger0 {
             

             FrameTransformMatrix {
              0.722826,0.531683,0.441402,0.000000,-0.371541,-0.239557,0.896978,0.000000,0.582649,-0.812358,0.024384,0.000000,0.431660,0.683446,0.267918,1.000000;;
             }

             Frame Bip01-R-Finger01 {
              

              FrameTransformMatrix {
               0.985852,0.000000,0.167616,0.000000,-0.000000,1.000001,-0.000000,0.000000,-0.167616,0.000000,0.985853,0.000000,1.065219,-0.000002,-0.000004,1.000000;;
              }

              Frame Bip01-R-Finger02 {
               

               FrameTransformMatrix {
                0.950838,-0.000000,0.309691,0.000000,0.000000,1.000000,0.000000,0.000000,-0.309691,0.000000,0.950837,0.000000,0.739166,0.000002,-0.000001,1.000000;;
               }

               Frame Bip01-R-Finger0Nub {
                

                FrameTransformMatrix {
                 -1.000000,0.000000,0.000001,0.000000,0.000000,1.000000,-0.000000,0.000000,-0.000001,-0.000000,-1.000000,0.000000,0.862501,0.000002,0.000000,1.000000;;
                }
               }
              }
             }
            }

            Frame Bip01-R-Finger1 {
             

             FrameTransformMatrix {
              0.890676,-0.007232,0.454582,0.000000,-0.005919,0.999604,0.027500,0.000000,-0.454601,-0.027184,0.890280,0.000000,2.096310,0.862208,-0.077709,1.000000;;
             }

             Frame Bip01-R-Finger11 {
              

              FrameTransformMatrix {
               0.877627,0.000000,0.479344,0.000000,0.000000,1.000000,-0.000000,0.000000,-0.479344,-0.000000,0.877628,0.000000,1.331186,0.000000,-0.000006,1.000000;;
              }

              Frame Bip01-R-Finger12 {
               

               FrameTransformMatrix {
                0.932920,-0.000000,0.360082,0.000000,0.000000,1.000000,0.000000,0.000000,-0.360082,0.000000,0.932921,0.000000,0.723101,0.000002,0.000000,1.000000;;
               }

               Frame Bip01-R-Finger1Nub {
                

                FrameTransformMatrix {
                 -1.000000,-0.000000,0.000000,0.000000,-0.000000,1.000000,-0.000001,0.000000,-0.000000,-0.000001,-1.000000,0.000000,0.679667,0.000001,0.000001,1.000000;;
                }
               }
              }
             }
            }

            Frame Bip01-R-Finger2 {
             

             FrameTransformMatrix {
              0.882745,-0.035112,0.468539,0.000000,0.013271,0.998669,0.049837,0.000000,-0.469666,-0.037775,0.882036,0.000000,2.179718,0.283316,-0.116970,1.000000;;
             }

             Frame Bip01-R-Finger21 {
              

              FrameTransformMatrix {
               0.795542,-0.000000,0.605899,0.000000,0.000000,1.000000,0.000000,0.000000,-0.605899,-0.000000,0.795542,0.000000,1.406759,0.000000,0.000000,1.000000;;
              }

              Frame Bip01-R-Finger22 {
               

               FrameTransformMatrix {
                0.981120,0.000000,0.193398,0.000000,0.000000,1.000000,-0.000000,0.000000,-0.193399,0.000000,0.981121,0.000000,0.840506,-0.000001,-0.000001,1.000000;;
               }

               Frame Bip01-R-Finger2Nub {
                

                FrameTransformMatrix {
                 -1.000000,0.000000,0.000000,0.000000,0.000000,1.000000,0.000000,0.000000,-0.000000,0.000000,-1.000000,0.000000,0.664875,0.000001,0.000000,1.000000;;
                }
               }
              }
             }
            }

            Frame Bip01-R-Finger3 {
             

             FrameTransformMatrix {
              0.896787,-0.157212,0.413591,0.000000,0.134986,0.987396,0.082633,0.000000,-0.421369,-0.018275,0.906705,0.000000,2.073351,-0.186411,-0.130486,1.000000;;
             }

             Frame Bip01-R-Finger31 {
              

              FrameTransformMatrix {
               0.760569,-0.000000,0.649257,0.000000,0.000000,1.000000,0.000000,0.000000,-0.649257,-0.000000,0.760569,0.000000,1.365459,0.000002,0.000002,1.000000;;
              }

              Frame Bip01-R-Finger32 {
               

               FrameTransformMatrix {
                0.978941,-0.000000,0.204143,0.000000,0.000000,1.000000,-0.000000,0.000000,-0.204143,0.000000,0.978941,0.000000,0.768665,-0.000000,0.000000,1.000000;;
               }

               Frame Bip01-R-Finger3Nub {
                

                FrameTransformMatrix {
                 -1.000000,-0.000000,0.000000,0.000000,-0.000000,1.000000,0.000000,0.000000,-0.000000,0.000000,-1.000000,0.000000,0.649363,0.000000,0.000000,1.000000;;
                }
               }
              }
             }
            }

            Frame Bip01-R-Finger4 {
             

             FrameTransformMatrix {
              0.885086,-0.251359,0.391718,0.000000,0.224522,0.967810,0.113722,0.000000,-0.407694,-0.012705,0.913031,0.000000,1.882352,-0.690609,0.070721,1.000000;;
             }

             Frame Bip01-R-Finger41 {
              

              FrameTransformMatrix {
               0.785957,-0.000000,0.618281,0.000000,0.000000,1.000000,-0.000000,0.000000,-0.618281,0.000000,0.785957,0.000000,1.108313,0.000001,-0.000002,1.000000;;
              }

              Frame Bip01-R-Finger42 {
               

               FrameTransformMatrix {
                0.944871,0.000000,0.327444,0.000000,-0.000000,1.000000,-0.000000,0.000000,-0.327444,0.000000,0.944871,0.000000,0.520338,0.000000,0.000001,1.000000;;
               }

               Frame Bip01-R-Finger4Nub {
                

                FrameTransformMatrix {
                 -1.000000,0.000000,0.000000,0.000000,0.000000,1.000000,0.000000,0.000000,-0.000000,0.000000,-1.000000,0.000000,0.515341,-0.000000,0.000000,1.000000;;
                }
               }
              }
             }
            }

            Frame FxHand01 {
             

             FrameTransformMatrix {
              0.220350,0.936490,0.272822,0.000000,-0.759401,0.340241,-0.554568,0.000000,-0.612173,-0.084982,0.786144,0.000000,1.500008,-0.499999,2.000004,1.000000;;
             }
            }

            Frame R_Sword {
             

             FrameTransformMatrix {
              0.976767,-0.039081,-0.210713,0.000000,0.070767,0.986898,0.145001,0.000000,0.202285,-0.156543,0.966734,0.000000,0.000006,-0.000001,0.000004,1.000000;;
             }
            }
           }

           Frame R_Elbow {
            

            FrameTransformMatrix {
             0.982504,0.000000,0.186241,0.000000,-0.000000,1.000000,-0.000000,0.000000,-0.186241,0.000000,0.982504,0.000000,0.000000,0.000002,-0.000001,1.000000;;
            }
           }

           Frame Bip01-R-ForeTwist {
            

            FrameTransformMatrix {
             1.000000,-0.000000,-0.000000,0.000000,-0.000000,0.999311,-0.037108,0.000000,0.000000,0.037108,0.999311,0.000000,0.000000,0.000002,-0.000001,1.000000;;
            }
           }
          }

          Frame R_Shoulder {
           

           FrameTransformMatrix {
            0.948342,-0.307756,-0.077029,0.000000,0.311669,0.949122,0.045063,0.000000,0.059241,-0.066743,0.996010,0.000000,0.000000,0.000000,0.000000,1.000000;;
           }
          }

          Frame R_Shoulder_Twist {
           

           FrameTransformMatrix {
            1.000000,0.000000,-0.000000,0.000000,-0.000000,1.000000,-0.000000,0.000000,-0.000000,0.000000,1.000000,0.000000,0.000000,0.000000,0.000000,1.000000;;
           }
          }
         }
        }
       }

       Frame R_Breast {
        

        FrameTransformMatrix {
         0.063560,0.329543,-0.941999,0.000000,-0.003088,0.943968,0.330024,0.000000,0.997973,-0.018067,0.061016,0.000000,1.272751,-1.452000,1.209911,1.000000;;
        }
       }

       Frame L_Breast {
        

        FrameTransformMatrix {
         -0.063560,0.329545,0.941998,0.000000,0.003087,0.943967,-0.330025,0.000000,-0.997973,-0.018068,-0.061016,0.000000,1.272759,1.451767,1.209908,1.000000;;
        }
       }

       Frame L_spine3 {
        

        FrameTransformMatrix {
         0.980445,0.043404,-0.191946,0.000000,0.044220,-0.999022,-0.000033,0.000000,-0.191760,-0.008456,-0.981405,0.000000,2.104034,3.093147,-0.411915,1.000000;;
        }
       }

       Frame R_spine3 {
        

        FrameTransformMatrix {
         0.980446,-0.043406,-0.191942,0.000000,-0.044221,-0.999022,0.000038,0.000000,-0.191756,0.008450,-0.981406,0.000000,2.104046,-3.093148,-0.411908,1.000000;;
        }
       }
      }

      Frame FxCenter {
       

       FrameTransformMatrix {
        -0.023870,0.000000,0.999715,0.000000,0.999715,0.000000,0.023871,0.000000,0.000000,1.000000,-0.000000,0.000000,1.000006,-0.000002,0.000000,1.000000;;
       }
      }

      Frame Weapon_Back {
       

       FrameTransformMatrix {
        -0.999295,-0.000000,-0.037550,0.000000,0.000000,-1.000000,0.000000,0.000000,-0.037550,0.000000,0.999295,0.000000,4.711470,-0.000002,-2.809570,1.000000;;
       }
      }
     }
    }

    Frame Bip01-L-Thigh {
     

     FrameTransformMatrix {
      -0.997343,0.010238,0.072129,0.000000,-0.003067,-0.995100,0.098825,0.000000,0.072788,0.098342,0.992487,0.000000,-2.355776,2.566188,0.104821,1.000000;;
     }

     Frame Bip01-L-Calf {
      

      FrameTransformMatrix {
       0.989801,0.000000,-0.142458,0.000000,0.000000,1.000000,0.000002,0.000000,0.142458,-0.000002,0.989801,0.000000,10.047705,-0.000001,0.000000,1.000000;;
      }

      Frame Bip01-L-Foot {
       

       FrameTransformMatrix {
        0.993368,0.006533,0.114794,0.000000,-0.007677,0.999925,0.009526,0.000000,-0.114723,-0.010344,0.993344,0.000000,10.474948,0.000001,0.000001,1.000000;;
       }

       Frame Bip01-L-Toe0 {
        

        FrameTransformMatrix {
         0.005122,-0.000012,0.999987,0.000000,0.000000,1.000000,0.000012,0.000000,-0.999987,0.000000,0.005122,0.000000,3.213932,-0.000023,1.930074,1.000000;;
        }

        Frame Bip01-L-Toe0Nub {
         

         FrameTransformMatrix {
          -1.000000,-0.000000,0.000000,0.000000,-0.000000,1.000000,0.000000,0.000000,-0.000000,0.000000,-1.000000,0.000000,1.879583,0.000000,-0.000000,1.000000;;
         }
        }
       }
      }

      Frame L_Knee {
       

       FrameTransformMatrix {
        0.997447,0.000000,0.071411,0.000000,-0.000000,1.000000,0.000001,0.000000,-0.071411,-0.000001,0.997447,0.000000,0.000001,0.000000,0.000000,1.000000;;
       }
      }

      Frame Bip01-LCalfTwist {
       

       FrameTransformMatrix {
        1.000000,0.000000,-0.000000,0.000000,-0.000000,0.999989,0.004770,0.000000,0.000000,-0.004769,0.999989,0.000000,0.000001,0.000000,0.000000,1.000000;;
       }
      }
     }

     Frame L_Thigh {
      

      FrameTransformMatrix {
       1.000000,0.000000,0.000000,0.000000,-0.000000,1.000000,0.000000,0.000000,-0.000000,-0.000000,1.000000,0.000000,0.000000,-0.000000,0.000000,1.000000;;
      }
     }
    }

    Frame Bip01-R-Thigh {
     

     FrameTransformMatrix {
      -0.997343,-0.010238,0.072130,0.000000,0.003068,-0.995101,-0.098819,0.000000,0.072788,-0.098335,0.992488,0.000000,-2.355778,-2.566190,0.104834,1.000000;;
     }

     Frame Bip01-R-Calf {
      

      FrameTransformMatrix {
       0.989801,-0.000001,-0.142458,0.000000,0.000000,1.000000,-0.000003,0.000000,0.142458,0.000003,0.989801,0.000000,10.047706,-0.000001,-0.000001,1.000000;;
      }

      Frame Bip01-R-Foot {
       

       FrameTransformMatrix {
        0.993368,-0.006533,0.114795,0.000000,0.007676,0.999926,-0.009520,0.000000,-0.114724,0.010338,0.993344,0.000000,10.474942,0.000000,0.000001,1.000000;;
       }

       Frame Bip01-R-Toe0 {
        

        FrameTransformMatrix {
         0.005122,0.000019,0.999987,0.000000,-0.000000,1.000000,-0.000019,0.000000,-0.999987,-0.000000,0.005122,0.000000,3.213933,0.000037,1.930074,1.000000;;
        }

        Frame Bip01-R-Toe0Nub {
         

         FrameTransformMatrix {
          1.000000,0.000000,-0.000000,0.000000,0.000000,1.000000,0.000000,0.000000,0.000000,0.000000,1.000000,0.000000,1.879583,-0.000001,0.000000,1.000000;;
         }
        }
       }
      }

      Frame R_Knee {
       

       FrameTransformMatrix {
        0.997447,0.000000,0.071411,0.000000,-0.000000,1.000001,-0.000001,0.000000,-0.071411,0.000001,0.997447,0.000000,0.000000,0.000000,-0.000000,1.000000;;
       }
      }

      Frame Bip01-RCalfTwist {
       

       FrameTransformMatrix {
        1.000000,-0.000000,0.000000,0.000000,0.000000,0.999989,-0.004770,0.000000,-0.000000,0.004770,0.999989,0.000000,-0.000001,-0.000000,-0.000000,1.000000;;
       }
      }
     }

     Frame R_Thigh {
      

      FrameTransformMatrix {
       1.000000,-0.000000,-0.000000,0.000000,0.000000,1.000000,-0.000003,0.000000,0.000000,0.000003,1.000000,0.000000,0.000000,-0.000001,0.000000,1.000000;;
      }
     }
    }

    Frame Skirt_Dummy {
     

     FrameTransformMatrix {
      -1.000000,0.000002,0.000797,0.000000,-0.000002,-1.000000,-0.000001,0.000000,0.000797,-0.000001,1.000000,0.000000,-0.033834,-0.000002,-0.263520,1.000000;;
     }
    }
   }
  }
 }
}

Frame Human_F_L12_Hand_Skel {
 

 FrameTransformMatrix {
  1.000000,0.000000,0.000000,0.000000,0.000000,1.000000,0.000000,0.000000,0.000000,0.000000,1.000000,0.000000,0.000000,0.000000,0.000000,1.000000;;
 }

 Mesh Human_F_L12_Hand_Skel {
  1854;
  1.573163;27.067526;9.828323;,
  1.249959;27.060378;9.980906;,
  1.235069;27.070218;9.955298;,
  0.809414;27.921338;9.135077;,
  0.616920;28.994054;8.870094;,
  0.784875;28.160778;9.495626;,
  0.658805;28.706029;8.402791;,
  0.481481;29.045334;8.791490;,
  0.521884;28.787526;8.375451;,
  0.125825;29.225846;9.156145;,
  0.722493;26.800024;9.769582;,
  1.182649;27.026733;9.989226;,
  0.250632;27.574963;8.674364;,
  -0.061227;28.140544;7.829460;,
  -0.116155;28.254374;7.852754;,
  0.065484;26.456379;11.194420;,
  -0.327665;26.774245;10.290672;,
  -0.046725;26.192203;10.885708;,
  -0.118997;27.043581;10.641072;,
  0.620334;26.684954;11.305294;,
  0.371170;27.276298;10.731730;,
  1.151567;26.826416;11.114877;,
  0.894833;27.341142;10.626789;,
  1.387448;26.737488;10.808125;,
  1.143546;27.254234;10.300021;,
  1.442042;26.538434;10.457795;,
  1.236001;26.290210;10.390693;,
  0.863795;26.140013;10.429601;,
  -0.859888;27.738765;9.296665;,
  -0.571138;28.067578;9.694667;,
  -0.046449;28.324621;9.920616;,
  0.442721;28.355933;9.847098;,
  0.055879;26.655400;9.892510;,
  -0.544935;27.522880;8.786487;,
  -1.380308;28.485699;8.478211;,
  -0.905655;28.956557;9.124028;,
  -0.307278;29.217088;9.338828;,
  0.213514;29.196394;9.281001;,
  -0.327936;29.244000;9.204980;,
  -0.853622;29.016550;9.019450;,
  -1.279270;28.597677;8.441933;,
  -0.988002;28.355309;8.086127;,
  -1.047327;28.227200;8.073396;,
  -0.116155;28.254374;7.852754;,
  -0.061227;28.140544;7.829460;,
  0.250632;27.574963;8.674364;,
  0.722493;26.800024;9.769582;,
  0.863795;26.140013;10.429601;,
  0.390209;26.026482;10.513170;,
  1.847432;26.145622;-10.814034;,
  2.125694;26.276195;-10.752310;,
  1.890521;26.220050;-10.872690;,
  2.078555;26.185006;-10.698998;,
  2.356957;26.146493;-10.815859;,
  2.282196;26.035997;-10.767988;,
  2.616497;25.920149;-10.889935;,
  2.545887;25.848899;-10.835841;,
  2.695683;25.800618;-10.826739;,
  1.860685;26.086998;-10.686109;,
  2.101419;26.126010;-10.599535;,
  2.332621;25.986864;-10.631979;,
  2.563603;25.805218;-10.704547;,
  2.500023;25.573901;-10.614257;,
  2.676531;25.468770;-10.729232;,
  2.429922;25.406909;-10.768736;,
  2.615495;25.324517;-10.880133;,
  2.113751;25.587904;-10.637630;,
  2.264069;25.702320;-10.515794;,
  2.002033;25.856654;-10.465942;,
  1.488001;26.463270;-10.671809;,
  1.186620;26.454430;-10.168753;,
  1.266399;26.209342;-10.504025;,
  1.520847;25.948768;-10.592617;,
  1.683027;26.271864;-10.815723;,
  1.805568;25.828648;-10.590839;,
  2.530294;25.035896;-11.060962;,
  2.266834;25.122838;-10.989802;,
  1.873183;25.288781;-10.836813;,
  1.512188;25.514934;-10.700750;,
  1.128609;25.725730;-10.591770;,
  0.894194;26.062605;-10.497538;,
  0.691802;26.252174;-10.142603;,
  0.180463;26.797491;-9.072741;,
  1.171762;25.424352;-10.758251;,
  0.037908;27.057869;-8.883541;,
  0.909682;27.196397;-8.853740;,
  0.829763;27.322086;-8.890098;,
  0.138726;26.866058;-8.819438;,
  0.181035;26.735795;-8.952685;,
  0.978787;27.095565;-8.996102;,
  0.961059;27.136669;-9.104924;,
  1.462372;26.743157;-10.336770;,
  1.463299;27.004806;-10.780982;,
  1.515995;27.641696;-9.216654;,
  1.394930;27.804758;-9.106805;,
  1.443889;28.435037;-9.685166;,
  -0.808170;27.840522;-10.411455;,
  0.489386;27.050570;-11.313909;,
  -0.093534;26.734403;-11.091723;,
  -0.015152;28.312762;-10.623610;,
  1.103414;27.134349;-11.170807;,
  0.796995;28.453101;-10.446839;,
  1.351724;28.173363;-9.910722;,
  1.393941;27.627011;-9.351766;,
  -0.897857;27.939750;-10.434709;,
  -0.073744;28.461907;-10.657108;,
  0.853890;28.621005;-10.470074;,
  1.459415;28.299424;-9.899790;,
  0.776538;28.798480;-10.353296;,
  -0.143970;28.665837;-10.542918;,
  -0.956944;28.106058;-10.293203;,
  -1.347554;27.680515;-9.970068;,
  -1.300262;27.515194;-10.090597;,
  -0.180424;28.683328;-10.414356;,
  -0.857080;28.118064;-10.162161;,
  0.708097;28.669226;-10.135224;,
  1.244155;28.410186;-9.662979;,
  1.221704;27.833866;-9.149318;,
  -0.638164;26.800797;-9.201861;,
  0.181035;26.735795;-8.952685;,
  -0.696287;26.722715;-9.112401;,
  0.138726;26.866058;-8.819438;,
  -0.772078;26.893536;-9.010740;,
  -0.744214;27.033683;-9.027701;,
  -1.151140;27.406938;-9.453338;,
  -1.306820;27.271770;-9.481550;,
  -1.281894;27.766003;-9.899602;,
  0.037908;27.057869;-8.883541;,
  -1.237967;27.131917;-9.626331;,
  -1.148746;27.139738;-9.667343;,
  -1.197652;27.485248;-10.089797;,
  -0.290527;26.418830;-10.741831;,
  0.133549;26.170955;-10.298445;,
  0.026936;26.112770;-11.051765;,
  0.427542;25.948235;-10.652613;,
  0.327572;25.499848;-10.972489;,
  0.174839;25.707134;-11.184679;,
  0.459708;24.897507;-11.255494;,
  0.735362;25.322502;-10.796430;,
  0.720172;25.623197;-10.671071;,
  1.128609;25.725730;-10.591770;,
  0.894194;26.062605;-10.497538;,
  0.691802;26.252174;-10.142603;,
  0.180463;26.797491;-9.072741;,
  1.171762;25.424352;-10.758251;,
  0.419529;24.166067;-12.043204;,
  0.575871;23.609683;-12.353311;,
  0.489012;23.611874;-12.213887;,
  0.477405;24.218014;-12.287271;,
  0.679880;24.217270;-12.369027;,
  0.405719;24.470531;-12.258498;,
  0.386200;24.376765;-11.914902;,
  0.354405;24.617550;-11.818315;,
  0.473729;24.530461;-11.612339;,
  0.721625;24.859232;-11.168025;,
  0.505372;24.292083;-11.745573;,
  0.775475;24.476928;-11.529286;,
  0.767225;24.237606;-11.719977;,
  0.510997;24.112502;-11.860110;,
  0.767532;24.087053;-11.817852;,
  0.749080;23.642893;-11.945209;,
  0.661092;23.100342;-11.857430;,
  0.844500;23.035933;-11.707809;,
  0.811298;23.157763;-11.831438;,
  0.609204;23.380150;-11.996641;,
  0.767706;23.434238;-11.941947;,
  0.757327;23.520088;-11.999102;,
  0.587851;23.487102;-12.067908;,
  0.575557;23.638669;-12.046290;,
  0.503887;23.433312;-12.227618;,
  0.764303;23.624755;-12.405144;,
  0.603614;23.421131;-12.357603;,
  0.538237;23.292738;-12.163678;,
  0.603320;22.991075;-11.967783;,
  0.659298;22.863674;-11.792722;,
  0.719124;22.774774;-11.889099;,
  0.704779;22.975389;-11.720494;,
  1.002099;22.675842;-11.620701;,
  0.915178;22.559176;-11.660869;,
  0.997644;22.612118;-11.705133;,
  0.829221;22.760606;-11.929785;,
  0.815452;22.604984;-11.664846;,
  0.722663;22.745986;-11.668370;,
  0.773523;22.827846;-11.595092;,
  0.910870;22.808938;-11.578845;,
  0.812946;22.666622;-11.591030;,
  0.923451;22.642762;-11.579678;,
  0.910870;22.808938;-11.578845;,
  1.008386;22.842554;-11.630501;,
  0.917577;23.393171;-12.055879;,
  0.950968;23.456629;-12.314032;,
  0.902568;23.505646;-12.103736;,
  0.964843;23.313210;-12.215263;,
  0.967275;23.116344;-11.914910;,
  1.004108;23.013909;-12.024842;,
  0.998255;22.996213;-11.768815;,
  1.035912;22.890478;-11.855870;,
  1.045213;22.767406;-11.719166;,
  0.626185;23.267216;-12.283100;,
  0.788398;23.425486;-12.406054;,
  0.831593;23.254946;-12.322302;,
  0.660996;22.908054;-12.077198;,
  0.909404;22.893030;-12.111277;,
  0.954522;22.789302;-11.929169;,
  -0.124507;27.478288;-8.734224;,
  -0.013775;28.289517;-7.738736;,
  0.396042;28.506342;-7.729014;,
  -0.530047;28.154954;-7.718067;,
  0.971772;28.246403;-8.917322;,
  0.721422;28.903325;-7.724488;,
  0.508603;27.760294;-8.768484;,
  0.809130;26.218888;-10.488824;,
  1.188416;26.368883;-10.471162;,
  1.389541;26.616914;-10.558664;,
  1.368924;26.781584;-10.864268;,
  0.873412;28.737334;-9.271685;,
  0.428368;28.962253;-9.788456;,
  -0.435875;30.580240;-8.982068;,
  0.047112;30.735456;-8.806170;,
  0.387672;30.885949;-8.427202;,
  0.662932;30.974883;-8.066254;,
  0.741209;30.912918;-7.957201;,
  0.768135;30.806653;-7.911492;,
  0.975673;30.092432;-7.766850;,
  0.932824;29.455072;-7.736895;,
  1.271246;27.508125;11.478318;,
  0.918202;27.018358;11.561578;,
  1.279160;27.064147;11.383267;,
  1.261547;26.992832;11.351109;,
  0.950253;26.957277;11.501401;,
  1.492851;27.077994;11.146902;,
  1.622300;27.504950;11.125717;,
  1.113944;27.683270;11.158983;,
  0.717202;27.623245;11.333822;,
  0.290899;28.471888;10.779438;,
  0.294996;27.508547;11.358749;,
  -0.192789;28.210944;10.882687;,
  1.625633;27.097366;10.775142;,
  1.561078;26.384707;10.466406;,
  1.457281;26.559466;10.704970;,
  1.378296;26.394014;10.568928;,
  1.652544;26.602152;10.628809;,
  1.612991;26.822326;10.904626;,
  1.597459;26.993213;10.829842;,
  1.439615;26.941581;11.156509;,
  1.471008;26.999242;11.174002;,
  1.426072;26.705773;10.891693;,
  1.312230;26.814562;11.097655;,
  1.169476;26.850883;11.200097;,
  0.875495;26.789806;11.307961;,
  0.629339;26.735046;11.303646;,
  -0.644512;26.829245;10.338787;,
  -0.787940;26.782834;10.604482;,
  -0.857056;26.806686;10.641906;,
  -0.188755;26.693669;11.276104;,
  -0.041596;26.564805;11.390498;,
  0.241744;26.724578;11.498010;,
  0.173573;26.461709;11.213435;,
  0.376569;26.611341;11.315915;,
  0.583597;26.893930;11.574318;,
  -0.174496;26.280526;11.170539;,
  0.069203;26.295142;11.066914;,
  0.073848;26.186014;10.937571;,
  0.207662;26.769104;11.494307;,
  0.517343;26.936320;11.606997;,
  0.161318;26.845024;11.535348;,
  0.873704;27.438970;11.710147;,
  0.329051;27.346150;11.762591;,
  -0.133281;27.230941;11.639828;,
  -0.261717;26.780850;11.304332;,
  -0.600776;27.184938;11.286207;,
  -1.343436;27.421069;10.277485;,
  -1.300199;27.529824;10.325762;,
  -1.607213;27.838026;10.043598;,
  -1.248144;27.597856;10.340620;,
  -0.552012;27.357766;10.999318;,
  -0.184388;27.445699;11.238810;,
  -1.113509;26.912861;10.315575;,
  -1.361516;27.113190;9.999170;,
  -0.407836;27.812154;10.917251;,
  -0.969756;27.902230;10.691220;,
  -1.309845;27.811878;10.384144;,
  -1.538504;27.949850;10.160886;,
  -1.828336;28.146707;9.741078;,
  -1.801850;28.274275;9.875945;,
  -1.611179;28.482650;10.149338;,
  -1.648321;27.745318;9.943864;,
  -1.683177;28.955738;10.082109;,
  -1.367075;29.364621;9.911923;,
  -1.629214;29.214211;9.710240;,
  -1.842887;29.014406;9.687014;,
  -1.819048;28.782048;9.947008;,
  -1.878241;28.631098;9.832454;,
  -1.893140;28.734768;9.476502;,
  -1.837596;27.811050;9.511264;,
  -1.671782;27.495334;9.639370;,
  -1.931077;28.285834;9.444170;,
  -1.605560;27.839322;9.319973;,
  -1.694654;28.308742;9.239382;,
  -1.421908;27.537651;9.462727;,
  -1.091516;27.194608;9.792274;,
  -0.864899;26.979613;10.072790;,
  -1.172703;29.295024;9.651338;,
  -1.108430;29.374829;10.043911;,
  -0.908334;29.249555;9.806720;,
  -1.404746;29.212304;9.522057;,
  -1.619354;29.010995;9.391149;,
  -1.679174;28.728541;9.280531;,
  -1.504633;28.609165;10.258622;,
  -1.422545;29.059085;10.236711;,
  -1.164383;29.061974;10.377666;,
  -0.695309;29.034221;10.572862;,
  -0.645221;29.163558;10.269839;,
  -0.373445;28.676230;10.972314;,
  0.229999;28.781635;10.852987;,
  0.215672;29.031539;10.941557;,
  0.099322;29.177325;10.683984;,
  -0.540985;28.831325;10.776150;,
  0.026118;29.303213;10.464033;,
  -0.454739;29.169514;10.256813;,
  -0.558171;29.090394;9.977562;,
  1.332994;28.856675;10.182189;,
  0.859679;28.974784;10.659274;,
  1.378690;28.551002;10.446631;,
  0.889024;29.149450;10.443128;,
  0.829729;29.356362;10.277652;,
  0.667269;29.457603;10.032385;,
  1.222721;29.422250;9.837656;,
  0.927937;29.702912;9.636189;,
  1.322091;29.177446;9.897514;,
  1.614166;28.513939;9.824702;,
  1.281355;28.362355;10.526667;,
  1.570500;28.360570;9.907022;,
  1.489702;28.220493;9.952871;,
  1.539613;27.757264;9.542531;,
  1.117119;29.694698;9.276699;,
  1.571885;27.967478;9.560618;,
  1.570281;27.677376;10.414225;,
  1.779580;27.514278;10.542775;,
  1.429475;27.666278;10.825863;,
  1.240438;28.150512;10.461939;,
  0.854613;28.447834;10.653538;,
  0.870584;28.641869;10.667089;,
  0.864985;28.768752;10.661706;,
  -1.193174;28.826874;10.453581;,
  -0.942133;28.550006;10.680266;,
  -0.637444;28.231670;10.954381;,
  -0.324627;28.532090;10.941666;,
  0.266146;28.620582;10.823596;,
  -0.492026;28.024816;11.001614;,
  -0.251335;28.363066;10.968026;,
  -1.172781;28.138630;10.611585;,
  -1.077492;28.038067;10.690882;,
