xof 0303txt 0032
template ColorRGBA {
 <35ff44e0-6c7c-11cf-8f52-0040333594a3>
 FLOAT red;
 FLOAT green;
 FLOAT blue;
 FLOAT alpha;
}

template ColorRGB {
 <d3e16e81-7835-11cf-8f52-0040333594a3>
 FLOAT red;
 FLOAT green;
 FLOAT blue;
}

template Material {
 <3d82ab4d-62da-11cf-ab39-0020af71e433>
 ColorRGBA faceColor;
 FLOAT power;
 ColorRGB specularColor;
 ColorRGB emissiveColor;
 [...]
}

template TextureFilename {
 <a42790e1-7810-11cf-8f52-0040333594a3>
 STRING filename;
}

template Frame {
 <3d82ab46-62da-11cf-ab39-0020af71e433>
 [...]
}

template Matrix4x4 {
 <f6f23f45-7686-11cf-8f52-0040333594a3>
 array FLOAT matrix[16];
}

template FrameTransformMatrix {
 <f6f23f41-7686-11cf-8f52-0040333594a3>
 Matrix4x4 frameMatrix;
}

template Vector {
 <3d82ab5e-62da-11cf-ab39-0020af71e433>
 FLOAT x;
 FLOAT y;
 FLOAT z;
}

template MeshFace {
 <3d82ab5f-62da-11cf-ab39-0020af71e433>
 DWORD nFaceVertexIndices;
 array DWORD faceVertexIndices[nFaceVertexIndices];
}

template Mesh {
 <3d82ab44-62da-11cf-ab39-0020af71e433>
 DWORD nVertices;
 array Vector vertices[nVertices];
 DWORD nFaces;
 array MeshFace faces[nFaces];
 [...]
}

template MeshNormals {
 <f6f23f43-7686-11cf-8f52-0040333594a3>
 DWORD nNormals;
 array Vector normals[nNormals];
 DWORD nFaceNormals;
 array MeshFace faceNormals[nFaceNormals];
}

template MeshMaterialList {
 <f6f23f42-7686-11cf-8f52-0040333594a3>
 DWORD nMaterials;
 DWORD nFaceIndexes;
 array DWORD faceIndexes[nFaceIndexes];
 [Material <3d82ab4d-62da-11cf-ab39-0020af71e433>]
}

template Coords2d {
 <f6f23f44-7686-11cf-8f52-0040333594a3>
 FLOAT u;
 FLOAT v;
}

template MeshTextureCoords {
 <f6f23f40-7686-11cf-8f52-0040333594a3>
 DWORD nTextureCoords;
 array Coords2d textureCoords[nTextureCoords];
}

template XSkinMeshHeader {
 <3cf169ce-ff7c-44ab-93c0-f78f62d172e2>
 WORD nMaxSkinWeightsPerVertex;
 WORD nMaxSkinWeightsPerFace;
 WORD nBones;
}

template SkinWeights {
 <6f0d123b-bad2-4167-a0d0-80224f25fabb>
 STRING transformNodeName;
 DWORD nWeights;
 array DWORD vertexIndices[nWeights];
 array FLOAT weights[nWeights];
 Matrix4x4 matrixOffset;
}


Material Material__35 {
 1.000000;1.000000;1.000000;1.000000;;
 10.000000;
 0.000000;0.000000;0.000000;;
 0.000000;0.000000;0.000000;;

 TextureFilename {
  "Human_F_L15_Hand_diff.dds";
 }
}

Frame Dummy_root {
 

 FrameTransformMatrix {
  1.000000,0.000000,0.000000,0.000000,0.000000,1.000000,0.000000,0.000000,0.000000,0.000000,1.000000,0.000000,0.000000,23.000000,0.000000,1.000000;;
 }

 Frame FxBottom {
  

  FrameTransformMatrix {
   1.000000,0.000000,0.000000,0.000000,0.000000,1.000000,0.000000,0.000000,-0.000000,0.000000,1.000000,0.000000,0.000000,-23.000000,-0.000000,1.000000;;
  }
 }

 Frame Bip01 {
  

  FrameTransformMatrix {
   1.000000,0.000000,0.000001,0.000000,0.000000,1.000000,0.000000,0.000000,-0.000001,0.000000,1.000000,0.000000,-0.194762,0.659397,0.000000,1.000000;;
  }

  Frame Bip01-Pelvis {
   

   FrameTransformMatrix {
    0.000001,1.000000,-0.000001,0.000000,-0.000001,0.000001,1.000000,0.000000,1.000000,-0.000001,0.000001,0.000000,0.000000,0.000000,0.000000,1.000000;;
   }

   Frame Bip01-Spine {
    

    FrameTransformMatrix {
     0.999030,0.000001,0.044033,0.000000,-0.000001,1.000000,0.000004,0.000000,-0.044033,-0.000004,0.999030,0.000000,2.358109,0.000003,-0.000993,1.000000;;
    }

    Frame Bip01-Spine1 {
     

     FrameTransformMatrix {
      0.998814,0.000000,0.048692,0.000000,-0.000000,1.000000,0.000001,0.000000,-0.048692,-0.000001,0.998814,0.000000,0.209322,0.000000,-0.002767,1.000000;;
     }

     Frame Bip01-Spine2 {
      

      FrameTransformMatrix {
       0.993206,-0.000000,-0.116369,0.000000,0.000000,1.000000,0.000001,0.000000,0.116369,-0.000001,0.993206,0.000000,3.478325,0.000000,-0.001151,1.000000;;
      }

      Frame Bip01-Spine3 {
       

       FrameTransformMatrix {
        0.996891,-0.000001,-0.078797,0.000000,0.000000,1.000000,-0.000001,0.000000,0.078797,0.000001,0.996891,0.000000,1.456831,-0.000000,-0.004310,1.000000;;
       }

       Frame Bip01-Neck {
        

        FrameTransformMatrix {
         0.976813,0.000001,0.214094,0.000000,-0.000001,1.000000,-0.000000,0.000000,-0.214094,-0.000000,0.976813,0.000000,5.539911,0.000000,-0.690871,1.000000;;
        }

        Frame Bip01-Head {
         

         FrameTransformMatrix {
          0.999958,-0.000000,-0.009206,0.000000,0.000000,1.000000,-0.000000,0.000000,0.009206,0.000000,0.999958,0.000000,2.474251,-0.000000,0.000001,1.000000;;
         }

         Frame Bip01-HeadNub {
          

          FrameTransformMatrix {
           1.000000,-0.000000,0.000000,0.000000,0.000000,1.000000,0.000001,0.000000,-0.000000,-0.000001,1.000000,0.000000,4.628929,-0.000000,-0.000000,1.000000;;
          }
         }

         Frame FxTop {
          

          FrameTransformMatrix {
           0.103621,0.000001,0.994617,0.000000,0.994617,-0.000000,-0.103621,0.000000,0.000000,1.000000,-0.000001,0.000000,4.500027,-0.000003,0.000000,1.000000;;
          }
         }
        }

        Frame Bip01-L-Clavicle {
         

         FrameTransformMatrix {
          -0.249952,0.966696,0.054990,0.000000,0.944116,0.255930,-0.207716,0.000000,-0.214871,-0.000003,-0.976642,0.000000,-0.753029,0.957158,0.028458,1.000000;;
         }

         Frame Bip01-L-UpperArm {
          

          FrameTransformMatrix {
           0.798872,-0.594050,0.094383,0.000000,0.578814,0.801906,0.148056,0.000000,-0.163639,-0.063647,0.984465,0.000000,2.305936,-0.000008,0.000001,1.000000;;
          }

          Frame Bip01-L-Forearm {
           

           FrameTransformMatrix {
            0.930628,-0.000000,-0.365965,0.000000,0.000000,1.000000,0.000000,0.000000,0.365965,-0.000000,0.930629,0.000000,6.131237,0.000000,-0.000000,1.000000;;
           }

           Frame Bip01-L-Hand {
            

            FrameTransformMatrix {
             0.989065,-0.040580,0.141787,0.000000,-0.144470,-0.073386,0.986784,0.000000,-0.029638,-0.996478,-0.078446,0.000000,6.144240,0.000000,-0.000002,1.000000;;
            }

            Frame Bip01-L-Finger0 {
             

             FrameTransformMatrix {
              0.722825,-0.531683,0.441402,0.000000,0.371541,-0.239557,-0.896978,0.000000,0.582649,0.812357,0.024385,0.000000,0.431653,-0.683446,0.267918,1.000000;;
             }

             Frame Bip01-L-Finger01 {
              

              FrameTransformMatrix {
               0.985853,0.000000,0.167616,0.000000,-0.000000,1.000000,0.000000,0.000000,-0.167616,0.000000,0.985853,0.000000,1.065220,0.000002,-0.000002,1.000000;;
              }

              Frame Bip01-L-Finger02 {
               

               FrameTransformMatrix {
                0.950837,0.000000,0.309691,0.000000,0.000000,1.000000,-0.000000,0.000000,-0.309691,0.000000,0.950837,0.000000,0.739170,0.000000,-0.000001,1.000000;;
               }

               Frame Bip01-L-Finger0Nub {
                

                FrameTransformMatrix {
                 1.000000,0.000000,-0.000000,0.000000,-0.000000,1.000000,0.000000,0.000000,0.000000,-0.000000,1.000000,0.000000,0.862503,0.000000,0.000003,1.000000;;
                }
               }
              }
             }
            }

            Frame Bip01-L-Finger1 {
             

             FrameTransformMatrix {
              0.890675,0.007232,0.454582,0.000000,0.005919,0.999604,-0.027500,0.000000,-0.454601,0.027185,0.890280,0.000000,2.096302,-0.862210,-0.077711,1.000000;;
             }

             Frame Bip01-L-Finger11 {
              

              FrameTransformMatrix {
               0.877627,-0.000000,0.479344,0.000000,0.000001,1.000000,-0.000000,0.000000,-0.479344,0.000000,0.877627,0.000000,1.331194,0.000001,0.000002,1.000000;;
              }

              Frame Bip01-L-Finger12 {
               

               FrameTransformMatrix {
                0.932921,-0.000000,0.360082,0.000000,0.000000,1.000000,0.000000,0.000000,-0.360082,-0.000000,0.932921,0.000000,0.723103,0.000002,0.000000,1.000000;;
               }

               Frame Bip01-L-Finger1Nub {
                

                FrameTransformMatrix {
                 1.000000,-0.000000,0.000000,0.000000,-0.000000,1.000000,0.000001,0.000000,-0.000000,-0.000001,1.000000,0.000000,0.679663,0.000001,0.000002,1.000000;;
                }
               }
              }
             }
            }

            Frame Bip01-L-Finger2 {
             

             FrameTransformMatrix {
              0.882744,0.035112,0.468539,0.000000,-0.013270,0.998669,-0.049837,0.000000,-0.469666,0.037776,0.882036,0.000000,2.179713,-0.283319,-0.116974,1.000000;;
             }

             Frame Bip01-L-Finger21 {
              

              FrameTransformMatrix {
               0.795542,0.000000,0.605899,0.000000,-0.000000,1.000000,0.000000,0.000000,-0.605899,-0.000000,0.795542,0.000000,1.406765,0.000001,0.000001,1.000000;;
              }

              Frame Bip01-L-Finger22 {
               

               FrameTransformMatrix {
                0.981121,0.000000,0.193399,0.000000,0.000000,1.000000,0.000000,0.000000,-0.193399,-0.000000,0.981121,0.000000,0.840511,0.000002,-0.000002,1.000000;;
               }

               Frame Bip01-L-Finger2Nub {
                

                FrameTransformMatrix {
                 1.000000,-0.000000,0.000000,0.000000,-0.000000,1.000000,-0.000000,0.000000,0.000000,0.000000,1.000000,0.000000,0.664879,0.000000,-0.000001,1.000000;;
                }
               }
              }
             }
            }

            Frame Bip01-L-Finger3 {
             

             FrameTransformMatrix {
              0.896787,0.157211,0.413592,0.000000,-0.134986,0.987396,-0.082633,0.000000,-0.421370,0.018276,0.906705,0.000000,2.073348,0.186407,-0.130487,1.000000;;
             }

             Frame Bip01-L-Finger31 {
              

              FrameTransformMatrix {
               0.760569,-0.000000,0.649258,0.000000,0.000000,1.000000,0.000000,0.000000,-0.649258,-0.000000,0.760569,0.000000,1.365458,0.000000,0.000000,1.000000;;
              }

              Frame Bip01-L-Finger32 {
               

               FrameTransformMatrix {
                0.978941,0.000000,0.204143,0.000000,-0.000000,1.000000,-0.000000,0.000000,-0.204143,0.000000,0.978941,0.000000,0.768665,0.000000,0.000002,1.000000;;
               }

               Frame Bip01-L-Finger3Nub {
                

                FrameTransformMatrix {
                 1.000000,-0.000000,-0.000000,0.000000,-0.000000,1.000000,0.000000,0.000000,0.000000,-0.000000,1.000000,0.000000,0.649357,-0.000000,-0.000001,1.000000;;
                }
               }
              }
             }
            }

            Frame Bip01-L-Finger4 {
             

             FrameTransformMatrix {
              0.885085,0.251358,0.391718,0.000000,-0.224521,0.967810,-0.113722,0.000000,-0.407693,0.012704,0.913030,0.000000,1.882342,0.690608,0.070721,1.000000;;
             }

             Frame Bip01-L-Finger41 {
              

              FrameTransformMatrix {
               0.785957,0.000000,0.618281,0.000000,0.000000,1.000000,-0.000000,0.000000,-0.618281,0.000001,0.785957,0.000000,1.108315,0.000001,-0.000004,1.000000;;
              }

              Frame Bip01-L-Finger42 {
               

               FrameTransformMatrix {
                0.944871,-0.000000,0.327444,0.000000,0.000000,1.000000,0.000000,0.000000,-0.327444,-0.000000,0.944871,0.000000,0.520344,0.000000,0.000000,1.000000;;
               }

               Frame Bip01-L-Finger4Nub {
                

                FrameTransformMatrix {
                 1.000000,-0.000000,0.000000,0.000000,0.000000,1.000000,-0.000000,0.000000,0.000000,0.000000,1.000000,0.000000,0.515339,0.000000,0.000001,1.000000;;
                }
               }
              }
             }
            }

            Frame FxHand00 {
             

             FrameTransformMatrix {
              0.220347,-0.936490,0.272824,0.000000,-0.759401,-0.340240,-0.554568,0.000000,0.612174,-0.084985,-0.786143,0.000000,1.500002,0.499998,2.000002,1.000000;;
             }
            }

            Frame L_Sword {
             

             FrameTransformMatrix {
              0.976766,0.039081,-0.210713,0.000000,0.070766,-0.986898,0.145000,0.000000,-0.202285,-0.156543,-0.966734,0.000000,0.000000,0.000000,0.000000,1.000000;;
             }
            }
           }

           Frame L_Elbow {
            

            FrameTransformMatrix {
             0.982504,-0.000000,0.186241,0.000000,-0.000000,1.000000,-0.000000,0.000000,-0.186241,-0.000000,0.982504,0.000000,-0.000002,0.000000,-0.000002,1.000000;;
            }
           }

           Frame L_Shield {
            

            FrameTransformMatrix {
             1.000000,-0.000000,0.000000,0.000000,0.000000,1.000000,-0.000000,0.000000,0.000000,-0.000000,1.000000,0.000000,2.500002,2.500000,-0.000003,1.000000;;
            }
           }

           Frame Bip01-L-ForeTwist {
            

            FrameTransformMatrix {
             1.000000,-0.000000,-0.000000,0.000000,-0.000000,0.999311,0.037108,0.000000,0.000000,-0.037108,0.999311,0.000000,-0.000002,-0.000002,-0.000001,1.000000;;
            }
           }
          }

          Frame L_Shoulder {
           

           FrameTransformMatrix {
            0.948342,0.307755,-0.077028,0.000000,-0.311668,0.949122,-0.045063,0.000000,0.059241,0.066743,0.996010,0.000000,0.000000,0.000000,-0.000000,1.000000;;
           }
          }

          Frame L_Shoulder_Twist {
           

           FrameTransformMatrix {
            1.000000,-0.000000,0.000000,0.000000,0.000000,1.000000,0.000000,0.000000,-0.000000,-0.000000,1.000000,0.000000,0.000000,0.000000,-0.000000,1.000000;;
           }
          }
         }
        }

        Frame Bip01-R-Clavicle {
         

         FrameTransformMatrix {
          -0.249952,-0.966695,0.054995,0.000000,-0.944116,0.255931,0.207714,0.000000,-0.214871,-0.000003,-0.976642,0.000000,-0.753029,-0.957160,0.028462,1.000000;;
         }

         Frame Bip01-R-UpperArm {
          

          FrameTransformMatrix {
           0.798872,0.594050,0.094383,0.000000,-0.578814,0.801906,-0.148056,0.000000,-0.163639,0.063647,0.984465,0.000000,2.305936,0.000008,0.000002,1.000000;;
          }

          Frame Bip01-R-Forearm {
           

           FrameTransformMatrix {
            0.930629,0.000000,-0.365965,0.000000,-0.000000,1.000000,-0.000000,0.000000,0.365965,-0.000000,0.930629,0.000000,6.131235,-0.000004,0.000002,1.000000;;
           }

           Frame Bip01-R-Hand {
            

            FrameTransformMatrix {
             0.989065,0.040580,0.141786,0.000000,0.144470,-0.073387,-0.986784,0.000000,-0.029638,0.996477,-0.078447,0.000000,6.144238,0.000004,-0.000002,1.000000;;
            }

            Frame Bip01-R-Finger0 {
             

             FrameTransformMatrix {
              0.722826,0.531683,0.441402,0.000000,-0.371541,-0.239557,0.896978,0.000000,0.582649,-0.812358,0.024384,0.000000,0.431659,0.683447,0.267912,1.000000;;
             }

             Frame Bip01-R-Finger01 {
              

              FrameTransformMatrix {
               0.985852,0.000000,0.167616,0.000000,-0.000000,1.000000,-0.000000,0.000000,-0.167616,-0.000000,0.985853,0.000000,1.065216,0.000002,-0.000002,1.000000;;
              }

              Frame Bip01-R-Finger02 {
               

               FrameTransformMatrix {
                0.950837,-0.000000,0.309691,0.000000,0.000001,1.000000,-0.000001,0.000000,-0.309691,0.000001,0.950837,0.000000,0.739168,0.000002,-0.000003,1.000000;;
               }

               Frame Bip01-R-Finger0Nub {
                

                FrameTransformMatrix {
                 -1.000000,0.000000,0.000000,0.000000,0.000000,1.000000,-0.000000,0.000000,-0.000001,0.000000,-1.000000,0.000000,0.862499,0.000002,0.000003,1.000000;;
                }
               }
              }
             }
            }

            Frame Bip01-R-Finger1 {
             

             FrameTransformMatrix {
              0.890675,-0.007232,0.454582,0.000000,-0.005919,0.999604,0.027500,0.000000,-0.454601,-0.027185,0.890280,0.000000,2.096304,0.862209,-0.077711,1.000000;;
             }

             Frame Bip01-R-Finger11 {
              

              FrameTransformMatrix {
               0.877628,-0.000000,0.479344,0.000000,0.000000,1.000000,-0.000000,0.000000,-0.479344,0.000001,0.877628,0.000000,1.331188,-0.000001,-0.000005,1.000000;;
              }

              Frame Bip01-R-Finger12 {
               

               FrameTransformMatrix {
                0.932921,-0.000000,0.360082,0.000000,0.000000,1.000000,-0.000000,0.000000,-0.360082,-0.000000,0.932920,0.000000,0.723101,0.000003,-0.000002,1.000000;;
               }

               Frame Bip01-R-Finger1Nub {
                

                FrameTransformMatrix {
                 -1.000000,-0.000000,0.000000,0.000000,-0.000000,1.000000,-0.000001,0.000000,-0.000000,-0.000001,-1.000000,0.000000,0.679665,0.000000,0.000000,1.000000;;
                }
               }
              }
             }
            }

            Frame Bip01-R-Finger2 {
             

             FrameTransformMatrix {
              0.882744,-0.035112,0.468539,0.000000,0.013271,0.998669,0.049837,0.000000,-0.469665,-0.037775,0.882036,0.000000,2.179712,0.283318,-0.116972,1.000000;;
             }

             Frame Bip01-R-Finger21 {
              

              FrameTransformMatrix {
               0.795542,-0.000000,0.605898,0.000000,0.000000,1.000000,0.000000,0.000000,-0.605899,-0.000000,0.795542,0.000000,1.406757,-0.000001,-0.000002,1.000000;;
              }

              Frame Bip01-R-Finger22 {
               

               FrameTransformMatrix {
                0.981120,-0.000000,0.193399,0.000000,0.000000,1.000000,0.000000,0.000000,-0.193399,-0.000000,0.981120,0.000000,0.840506,-0.000002,-0.000004,1.000000;;
               }

               Frame Bip01-R-Finger2Nub {
                

                FrameTransformMatrix {
                 -1.000000,0.000000,0.000000,0.000000,0.000000,1.000000,-0.000000,0.000000,-0.000000,-0.000000,-1.000000,0.000000,0.664877,0.000001,0.000002,1.000000;;
                }
               }
              }
             }
            }

            Frame Bip01-R-Finger3 {
             

             FrameTransformMatrix {
              0.896787,-0.157212,0.413591,0.000000,0.134986,0.987396,0.082633,0.000000,-0.421370,-0.018276,0.906705,0.000000,2.073350,-0.186409,-0.130487,1.000000;;
             }

             Frame Bip01-R-Finger31 {
              

              FrameTransformMatrix {
               0.760569,0.000000,0.649258,0.000000,0.000000,1.000000,-0.000000,0.000000,-0.649258,0.000000,0.760569,0.000000,1.365456,-0.000001,0.000002,1.000000;;
              }

              Frame Bip01-R-Finger32 {
               

               FrameTransformMatrix {
                0.978941,-0.000000,0.204143,0.000000,0.000000,1.000000,-0.000000,0.000000,-0.204142,0.000000,0.978941,0.000000,0.768663,0.000000,-0.000001,1.000000;;
               }

               Frame Bip01-R-Finger3Nub {
                

                FrameTransformMatrix {
                 -1.000000,-0.000000,0.000000,0.000000,-0.000001,1.000000,-0.000000,0.000000,0.000000,-0.000000,-1.000000,0.000000,0.649359,0.000000,0.000000,1.000000;;
                }
               }
              }
             }
            }

            Frame Bip01-R-Finger4 {
             

             FrameTransformMatrix {
              0.885085,-0.251359,0.391718,0.000000,0.224522,0.967810,0.113722,0.000000,-0.407694,-0.012705,0.913030,0.000000,1.882346,-0.690608,0.070719,1.000000;;
             }

             Frame Bip01-R-Finger41 {
              

              FrameTransformMatrix {
               0.785957,-0.000000,0.618281,0.000000,0.000000,1.000000,-0.000000,0.000000,-0.618281,0.000000,0.785957,0.000000,1.108311,-0.000000,-0.000002,1.000000;;
              }

              Frame Bip01-R-Finger42 {
               

               FrameTransformMatrix {
                0.944871,0.000000,0.327444,0.000000,-0.000000,1.000000,-0.000000,0.000000,-0.327444,0.000000,0.944870,0.000000,0.520346,0.000000,-0.000002,1.000000;;
               }

               Frame Bip01-R-Finger4Nub {
                

                FrameTransformMatrix {
                 -1.000000,0.000000,-0.000000,0.000000,0.000000,1.000000,-0.000000,0.000000,0.000000,-0.000000,-1.000000,0.000000,0.515337,-0.000001,0.000002,1.000000;;
                }
               }
              }
             }
            }

            Frame FxHand01 {
             

             FrameTransformMatrix {
              0.220350,0.936490,0.272822,0.000000,-0.759401,0.340241,-0.554568,0.000000,-0.612173,-0.084982,0.786144,0.000000,1.500003,-0.499998,2.000000,1.000000;;
             }
            }

            Frame R_Sword {
             

             FrameTransformMatrix {
              0.976766,-0.039081,-0.210713,0.000000,0.070767,0.986897,0.145000,0.000000,0.202285,-0.156543,0.966734,0.000000,0.000001,0.000000,-0.000002,1.000000;;
             }
            }
           }

           Frame R_Elbow {
            

            FrameTransformMatrix {
             0.982504,0.000000,0.186241,0.000000,0.000000,1.000000,0.000000,0.000000,-0.186241,-0.000000,0.982504,0.000000,-0.000002,0.000006,0.000001,1.000000;;
            }
           }

           Frame Bip01-R-ForeTwist {
            

            FrameTransformMatrix {
             1.000000,-0.000000,-0.000000,0.000000,0.000000,0.999311,-0.037108,0.000000,0.000000,0.037108,0.999311,0.000000,-0.000002,0.000006,0.000001,1.000000;;
            }
           }
          }

          Frame R_Shoulder {
           

           FrameTransformMatrix {
            0.948342,-0.307756,-0.077029,0.000000,0.311669,0.949122,0.045064,0.000000,0.059241,-0.066743,0.996010,0.000000,0.000002,-0.000002,-0.000001,1.000000;;
           }
          }

          Frame R_Shoulder_Twist {
           

           FrameTransformMatrix {
            1.000000,-0.000000,0.000000,0.000000,0.000000,1.000000,-0.000000,0.000000,-0.000000,0.000000,1.000000,0.000000,0.000002,-0.000002,-0.000001,1.000000;;
           }
          }
         }
        }
       }

       Frame R_Breast {
        

        FrameTransformMatrix {
         0.063560,0.329543,-0.941999,0.000000,-0.003088,0.943968,0.330024,0.000000,0.997973,-0.018067,0.061016,0.000000,1.272753,-1.452000,1.209911,1.000000;;
        }
       }

       Frame L_Breast {
        

        FrameTransformMatrix {
         -0.063560,0.329545,0.941998,0.000000,0.003087,0.943967,-0.330025,0.000000,-0.997973,-0.018068,-0.061016,0.000000,1.272760,1.451767,1.209908,1.000000;;
        }
       }

       Frame L_spine3 {
        

        FrameTransformMatrix {
         0.980445,0.043405,-0.191946,0.000000,0.044221,-0.999022,-0.000033,0.000000,-0.191760,-0.008456,-0.981405,0.000000,2.104036,3.093147,-0.411915,1.000000;;
        }
       }

       Frame R_spine3 {
        

        FrameTransformMatrix {
         0.980446,-0.043405,-0.191942,0.000000,-0.044220,-0.999022,0.000038,0.000000,-0.191756,0.008451,-0.981406,0.000000,2.104048,-3.093147,-0.411907,1.000000;;
        }
       }
      }

      Frame FxCenter {
       

       FrameTransformMatrix {
        -0.023870,0.000003,0.999715,0.000000,0.999715,-0.000000,0.023870,0.000000,0.000000,1.000000,-0.000003,0.000000,1.000006,-0.000002,-0.000000,1.000000;;
       }
      }

      Frame Weapon_Back {
       

       FrameTransformMatrix {
        -0.999295,-0.000000,-0.037550,0.000000,0.000000,-1.000000,-0.000002,0.000000,-0.037550,-0.000002,0.999295,0.000000,4.711462,-0.000010,-2.809571,1.000000;;
       }
      }
     }
    }

    Frame Bip01-L-Thigh {
     

     FrameTransformMatrix {
      -0.997343,0.010238,0.072129,0.000000,-0.003067,-0.995100,0.098825,0.000000,0.072788,0.098342,0.992487,0.000000,-2.355776,2.566188,0.104821,1.000000;;
     }

     Frame Bip01-L-Calf {
      

      FrameTransformMatrix {
       0.989800,0.000000,-0.142458,0.000000,0.000000,1.000000,0.000002,0.000000,0.142458,-0.000002,0.989801,0.000000,10.047706,-0.000000,0.000001,1.000000;;
      }

      Frame Bip01-L-Foot {
       

       FrameTransformMatrix {
        0.993368,0.006533,0.114794,0.000000,-0.007678,0.999925,0.009533,0.000000,-0.114724,-0.010351,0.993344,0.000000,10.474947,0.000000,0.000001,1.000000;;
       }

       Frame Bip01-L-Toe0 {
        

        FrameTransformMatrix {
         0.005122,-0.000005,0.999987,0.000000,-0.000000,1.000000,0.000005,0.000000,-0.999987,0.000000,0.005122,0.000000,3.213933,-0.000010,1.930074,1.000000;;
        }

        Frame Bip01-L-Toe0Nub {
         

         FrameTransformMatrix {
          -1.000000,-0.000000,0.000000,0.000000,-0.000000,1.000000,0.000000,0.000000,-0.000000,0.000000,-1.000000,0.000000,1.879583,0.000001,0.000000,1.000000;;
         }
        }
       }
      }

      Frame L_Knee {
       

       FrameTransformMatrix {
        0.997447,0.000000,0.071411,0.000000,0.000000,1.000000,0.000001,0.000000,-0.071411,-0.000001,0.997447,0.000000,0.000000,0.000000,0.000000,1.000000;;
       }
      }

      Frame Bip01-LCalfTwist {
       

       FrameTransformMatrix {
        1.000000,-0.000000,-0.000000,0.000000,-0.000000,0.999988,0.004769,0.000000,0.000000,-0.004769,0.999989,0.000000,0.000000,0.000000,0.000000,1.000000;;
       }
      }
     }

     Frame L_Thigh {
      

      FrameTransformMatrix {
       1.000000,0.000000,0.000000,0.000000,-0.000000,1.000000,0.000000,0.000000,-0.000000,-0.000000,1.000000,0.000000,0.000000,-0.000000,0.000000,1.000000;;
      }
     }
    }

    Frame Bip01-R-Thigh {
     

     FrameTransformMatrix {
      -0.997343,-0.010238,0.072129,0.000000,0.003068,-0.995101,-0.098821,0.000000,0.072788,-0.098337,0.992488,0.000000,-2.355778,-2.566190,0.104833,1.000000;;
     }

     Frame Bip01-R-Calf {
      

      FrameTransformMatrix {
       0.989801,-0.000000,-0.142458,0.000000,0.000000,1.000000,-0.000001,0.000000,0.142458,0.000001,0.989801,0.000000,10.047704,-0.000002,0.000000,1.000000;;
      }

      Frame Bip01-R-Foot {
       

       FrameTransformMatrix {
        0.993368,-0.006533,0.114794,0.000000,0.007676,0.999925,-0.009520,0.000000,-0.114724,0.010338,0.993344,0.000000,10.474942,0.000000,0.000002,1.000000;;
       }

       Frame Bip01-R-Toe0 {
        

        FrameTransformMatrix {
         0.005122,0.000019,0.999987,0.000000,-0.000000,1.000000,-0.000019,0.000000,-0.999987,-0.000000,0.005122,0.000000,3.213933,0.000037,1.930074,1.000000;;
        }

        Frame Bip01-R-Toe0Nub {
         

         FrameTransformMatrix {
          1.000000,-0.000000,-0.000000,0.000000,0.000000,1.000000,0.000000,0.000000,0.000000,-0.000000,1.000000,0.000000,1.879584,-0.000000,0.000000,1.000000;;
         }
        }
       }
      }

      Frame R_Knee {
       

       FrameTransformMatrix {
        0.997447,0.000000,0.071411,0.000000,-0.000000,1.000000,-0.000001,0.000000,-0.071411,0.000001,0.997447,0.000000,0.000001,0.000000,0.000000,1.000000;;
       }
      }

      Frame Bip01-RCalfTwist {
       

       FrameTransformMatrix {
        1.000000,-0.000000,0.000000,0.000000,0.000000,0.999989,-0.004770,0.000000,-0.000000,0.004770,0.999989,0.000000,0.000000,0.000000,0.000000,1.000000;;
       }
      }
     }

     Frame R_Thigh {
      

      FrameTransformMatrix {
       1.000000,-0.000000,-0.000000,0.000000,0.000000,1.000000,-0.000000,0.000000,-0.000000,0.000000,1.000000,0.000000,0.000000,-0.000001,0.000000,1.000000;;
      }
     }
    }

    Frame Skirt_Dummy {
     

     FrameTransformMatrix {
      -1.000000,0.000002,0.000797,0.000000,-0.000002,-1.000000,-0.000001,0.000000,0.000797,-0.000001,1.000000,0.000000,-0.033834,-0.000002,-0.263520,1.000000;;
     }
    }
   }
  }
 }
}

Frame Human_F_L15_Hand_Skel {
 

 FrameTransformMatrix {
  1.000000,0.000000,0.000000,0.000000,0.000000,1.000000,0.000000,0.000000,0.000000,0.000000,1.000000,0.000000,0.000000,0.000000,0.000000,1.000000;;
 }

 Mesh Human_F_L15_Hand_Skel {
  1578;
  1.057041;22.751899;11.735277;,
  1.010427;22.600845;11.724362;,
  1.011293;22.664022;11.622826;,
  0.824833;22.769571;12.000322;,
  0.726434;22.728683;11.855053;,
  0.846974;22.714045;11.904058;,
  0.791634;22.590515;11.674656;,
  0.911429;22.535341;11.671899;,
  0.975785;22.747213;11.903557;,
  1.061404;22.845986;11.813563;,
  1.036856;22.928277;11.928860;,
  0.943465;22.803418;12.000268;,
  0.928793;22.882466;12.134507;,
  0.867401;23.039947;12.227083;,
  0.783992;22.858923;12.147742;,
  0.660555;22.898131;12.095298;,
  0.661747;23.067243;12.188683;,
  0.842107;23.252813;12.349262;,
  0.630481;23.239486;12.303622;,
  0.817404;23.428242;12.436712;,
  0.598902;23.415579;12.387341;,
  0.788215;23.649710;12.427716;,
  1.017604;23.016090;12.037587;,
  0.993751;23.157496;12.119471;,
  0.977149;23.326664;12.226592;,
  0.963248;23.474341;12.291922;,
  0.947378;23.663704;12.290303;,
  0.725720;23.972902;12.395942;,
  0.909033;23.990288;12.298018;,
  0.662274;24.269515;12.396615;,
  0.832013;24.256870;12.334443;,
  0.526991;23.941112;12.325448;,
  0.466665;24.233328;12.298166;,
  0.420439;24.178426;12.039608;,
  0.451343;23.916187;12.114558;,
  0.379235;24.385627;11.907677;,
  0.399983;24.490307;12.263719;,
  0.603518;24.511760;12.411922;,
  0.811512;24.509254;12.471722;,
  0.866876;24.221645;12.366780;,
  0.965973;24.222091;12.635263;,
  0.357644;24.718173;12.087388;,
  0.576839;24.775715;12.267038;,
  0.344255;24.573470;11.756110;,
  0.215770;25.171597;11.599069;,
  0.467311;25.320250;11.939129;,
  0.887827;24.823426;12.464635;,
  0.906669;24.549307;12.605141;,
  1.236158;24.275240;12.673531;,
  1.126760;25.521864;12.148435;,
  1.152725;24.902565;12.507446;,
  1.147029;24.584366;12.647182;,
  0.273161;25.995797;11.514718;,
  0.857841;26.202187;11.638296;,
  1.262009;24.602581;12.589910;,
  1.298946;24.610218;12.630622;,
  1.392423;24.313954;12.491546;,
  1.362955;24.360322;12.603026;,
  1.499700;24.372816;12.795773;,
  1.403143;24.683139;12.720298;,
  1.598806;25.077589;12.565029;,
  1.672154;25.734245;12.072865;,
  1.397017;26.409835;11.459133;,
  0.737424;26.444194;11.404923;,
  1.241745;26.619270;11.216715;,
  1.649075;24.757674;12.770712;,
  1.985364;26.293733;11.236339;,
  1.669245;26.454795;11.129138;,
  2.281394;25.915392;10.795036;,
  2.232633;26.124475;11.224625;,
  1.981321;26.095666;10.730114;,
  1.719451;26.265442;10.697433;,
  1.489348;26.562237;10.978316;,
  1.499249;26.411469;10.688810;,
  1.493168;25.941186;10.539982;,
  1.814354;25.710896;10.570482;,
  2.204847;25.499584;10.658204;,
  2.529111;25.717702;10.885335;,
  1.344400;26.081874;10.485610;,
  2.441099;25.355642;10.768176;,
  2.778869;25.505782;11.012598;,
  2.495986;25.867464;11.304876;,
  2.667640;25.220512;10.882026;,
  2.835515;25.037374;11.001378;,
  2.108149;25.996702;11.566323;,
  2.091572;25.646906;11.972541;,
  2.257886;25.651730;11.777143;,
  2.360338;25.729006;11.598330;,
  2.736259;25.594456;11.362783;,
  2.966511;25.219990;11.136412;,
  3.113564;24.998037;11.226721;,
  2.976269;24.881861;11.088470;,
  3.044918;24.788750;11.120216;,
  1.824575;26.075778;11.702943;,
  2.302469;25.247024;12.164083;,
  2.367347;25.329984;11.798922;,
  2.561826;25.392046;11.590250;,
  3.200876;24.867158;11.272116;,
  3.083960;25.039002;11.486351;,
  3.168094;24.914674;11.509789;,
  2.934816;25.282309;11.431762;,
  2.769534;25.133109;11.586562;,
  2.512450;25.099125;11.548686;,
  2.379090;25.062611;11.689254;,
  3.046345;24.733995;11.671750;,
  2.990390;24.886406;11.635594;,
  2.925180;24.978238;11.610404;,
  2.983901;24.357840;11.696115;,
  2.848751;24.629717;11.628462;,
  2.814314;24.765662;11.591831;,
  2.756374;24.794318;11.573099;,
  2.602705;24.956859;11.543283;,
  3.401638;24.047251;11.602748;,
  3.365204;24.140021;11.723855;,
  3.272140;24.077034;11.675863;,
  3.153194;24.185795;11.728961;,
  3.272954;24.294651;11.752363;,
  3.149897;24.510358;11.733826;,
  3.208438;24.771003;11.564569;,
  3.250673;24.749686;11.422678;,
  3.451452;24.195147;11.704826;,
  3.304248;24.567672;11.632639;,
  3.524037;24.131170;11.592287;,
  3.351419;24.513291;11.471281;,
  3.236575;24.699442;11.282638;,
  3.311917;24.471792;11.323781;,
  3.475260;24.149923;11.445453;,
  3.397788;24.065842;11.444712;,
  3.114759;24.628219;11.164636;,
  3.206530;24.392219;11.219973;,
  3.302881;24.208792;11.312102;,
  2.047028;22.555422;12.151193;,
  2.126022;22.552827;11.890423;,
  2.102026;22.420338;12.035419;,
  2.204399;22.380582;11.803425;,
  2.297768;22.153083;11.855788;,
  2.174961;22.271253;11.941253;,
  2.277144;22.664949;11.815422;,
  2.060284;22.708328;11.993059;,
  2.005052;22.822014;12.099369;,
  1.996351;22.666374;12.265444;,
  1.944137;23.004586;12.190023;,
  1.926128;22.851789;12.379687;,
  2.167409;22.956040;12.014929;,
  2.213260;22.831517;11.914093;,
  2.104047;23.144194;12.103190;,
  2.007379;23.402259;12.217167;,
  2.157035;23.561678;12.423684;,
  2.217265;23.388840;12.346773;,
  2.309696;23.114562;12.208271;,
  2.376633;22.931597;12.117538;,
  2.408122;22.813315;12.013817;,
  2.458736;22.657238;11.914058;,
  2.240577;23.483506;12.669525;,
  2.305287;23.276613;12.568851;,
  2.399784;22.996786;12.399506;,
  2.470253;22.807629;12.286228;,
  2.506221;22.691349;12.174694;,
  2.546195;22.553411;12.062114;,
  2.564633;22.390096;11.967726;,
  2.495306;22.469347;11.826054;,
  2.346140;22.444186;11.759662;,
  2.307296;22.268267;11.770514;,
  2.413439;22.226011;11.774456;,
  2.436650;22.131218;11.851598;,
  2.534516;22.229155;11.878030;,
  2.442913;22.122339;11.987006;,
  2.535316;22.232523;11.981258;,
  2.290128;22.139014;11.967018;,
  2.479186;22.312190;11.780002;,
  1.039960;27.270768;10.327686;,
  1.361429;26.612954;10.551807;,
  1.055732;27.090947;10.095647;,
  1.330920;26.774707;10.839556;,
  0.833321;27.379722;10.613571;,
  0.373454;27.323258;10.706644;,
  1.119928;26.839710;11.052556;,
  1.489348;26.562237;10.978316;,
  1.499249;26.411469;10.688810;,
  1.344400;26.081874;10.485610;,
  1.164401;26.329597;10.313092;,
  0.651664;26.726086;9.861093;,
  1.241745;26.619270;11.216715;,
  0.621483;26.708762;11.232530;,
  0.737424;26.444194;11.404923;,
  -0.056132;27.071238;10.600058;,
  0.151195;26.493579;11.180008;,
  0.206672;26.269176;11.320638;,
  -0.020235;26.240330;10.893880;,
  0.086126;25.988915;11.060736;,
  0.369404;26.079358;10.431018;,
  0.401474;25.737224;10.705490;,
  0.985562;25.977067;10.640743;,
  0.814417;26.182368;10.352726;,
  1.344400;26.081874;10.485610;,
  1.164401;26.329597;10.313092;,
  0.651664;26.726086;9.861093;,
  0.067168;26.599555;9.971259;,
  -0.241856;26.832989;10.300290;,
  -0.836639;27.536813;-9.524441;,
  -1.082817;29.084758;-9.028216;,
  -0.601369;27.970941;-9.972038;,
  -0.513744;29.392928;-9.340377;,
  -0.136398;28.277402;-10.152862;,
  -0.526396;28.616685;-7.111504;,
  -0.629170;27.315578;-9.074812;,
  -0.044095;27.291251;-8.756554;,
  -1.172774;28.553462;-7.717938;,
  -1.496643;28.680614;-8.371486;,
  -1.347305;28.777658;-8.290487;,
  -0.988028;29.128739;-8.854703;,
  -0.491540;29.382221;-9.131726;,
  -1.068702;28.666083;-7.731049;,
  -0.520913;28.727197;-7.220890;,
  0.057789;28.831530;-7.447508;,
  0.139474;28.737978;-7.373726;,
  0.420427;29.029584;-7.992594;,
  0.567695;28.975408;-8.009430;,
  0.455077;29.304106;-8.531001;,
  0.608581;29.287101;-8.641100;,
  -0.513744;29.392928;-9.340377;,
  0.535768;28.371366;-9.982422;,
  -0.136398;28.277402;-10.152862;,
  0.225943;29.494301;-9.127044;,
  0.846818;28.163917;-9.611709;,
  0.871091;27.828906;-9.165527;,
  0.516388;27.503094;-8.850102;,
  0.126502;29.477846;-8.940022;,
  -0.491540;29.382221;-9.131726;,
  0.334870;24.437702;-12.279238;,
  0.437071;24.563286;-12.551792;,
  0.583389;24.066654;-12.600450;,
  0.730050;24.569350;-12.454429;,
  0.467732;25.168205;-12.019026;,
  -2.316339;30.865462;-8.691650;,
  -1.905960;30.112240;-9.080082;,
  -2.041102;29.945744;-8.702690;,
  -1.612155;30.264752;-8.887336;,
  -1.543713;29.379472;-9.561873;,
  -1.507368;28.788502;-9.087610;,
  -1.028718;29.611629;-9.306415;,
  -1.182085;29.957949;-8.916515;,
  -1.208137;30.684586;-8.692079;,
  -0.929426;30.940099;-9.019270;,
  -1.185184;31.732576;-8.473841;,
  -0.576664;30.843309;-8.663926;,
  -0.670958;30.256790;-9.499986;,
  -0.048920;29.921149;-9.236664;,
  -0.020906;29.324752;-9.637430;,
  -0.391651;29.402877;-9.872038;,
  0.311652;30.805187;-8.755105;,
  0.495000;30.052938;-9.303540;,
  -0.150547;30.117587;-8.933137;,
  -0.065810;30.771043;-8.644287;,
  0.216207;31.570461;-8.242618;,
  0.377665;30.640506;-8.415298;,
  0.671868;29.654893;-9.010238;,
  0.261476;29.254560;-9.646482;,
  0.005925;28.304717;-10.218712;,
  0.607750;29.274886;-9.786942;,
  0.707898;29.029475;-9.505640;,
  0.998177;29.184253;-8.944935;,
  1.104796;28.584227;-9.390604;,
  1.129205;28.065987;-8.891523;,
  1.162516;27.587206;-9.430395;,
  0.945282;27.592390;-10.660666;,
  1.478889;27.026477;-10.593146;,
  1.190297;27.106797;-11.108836;,
  1.233171;27.461034;-10.211787;,
  1.481970;26.831546;-10.194511;,
  1.241920;27.220522;-9.878079;,
  1.133036;28.014122;-9.822651;,
  0.708767;28.351910;-10.148969;,
  0.345339;27.412454;-10.807678;,
  -0.619715;27.786051;-10.178827;,
  -0.275028;27.126176;-10.683926;,
  -0.749362;27.250038;-9.848139;,
  -0.371239;26.757851;-10.323195;,
  -0.247231;26.294973;-10.685956;,
  -0.099108;26.606075;-11.123425;,
  0.539080;26.932285;-11.400424;,
  1.764795;26.694146;-10.924226;,
  1.464287;26.775101;-11.624128;,
  0.710971;26.600930;-12.166950;,
  -0.070127;26.148067;-11.685955;,
  -0.238307;25.884632;-10.997789;,
  0.182944;25.639976;-10.497547;,
  0.065648;26.166950;-10.191158;,
  1.700204;26.483978;-11.080005;,
  1.444422;26.555766;-11.606050;,
  0.819721;26.433277;-12.055784;,
  0.194960;26.043144;-11.666872;,
  0.011441;25.816117;-11.134493;,
  0.392274;25.612637;-10.693554;,
  0.953369;25.559603;-10.244455;,
  1.026129;25.532936;-10.443226;,
  0.656000;26.292878;-9.975579;,
  -0.091381;26.553896;-9.918944;,
  0.449203;26.671795;-9.679960;,
  0.148204;26.987882;-9.060845;,
  -0.503491;26.976090;-9.408986;,
  -0.922169;27.359814;-8.807792;,
  -1.229207;27.711264;-9.402081;,
  -1.547644;28.257901;-8.917684;,
  -1.204998;27.765149;-8.233618;,
  -0.104924;27.372112;-8.284233;,
  -0.299265;27.722685;-7.682714;,
  -0.306951;27.946803;-7.708397;,
  -1.129214;27.985888;-8.195110;,
  -1.447756;28.417699;-8.783403;,
  -1.556384;28.761853;-8.905928;,
  -1.124704;28.367555;-9.596442;,
  -1.107237;28.675222;-9.911215;,
  -0.862242;28.855600;-9.709886;,
  -0.636594;29.127430;-9.683391;,
  0.711394;24.554701;-12.494434;,
  0.869094;24.729466;-12.786735;,
  1.061220;24.149963;-12.865794;,
  1.198214;24.731946;-12.627661;,
  0.809022;25.394830;-12.104383;,
  0.723426;27.600086;-8.445799;,
  1.058527;28.522547;-8.410483;,
  0.591890;28.011040;-7.876311;,
  -0.104924;27.372112;-8.284233;,
  0.148204;26.987882;-9.060845;,
  -0.299265;27.722685;-7.682714;,
  0.449129;28.204944;-7.882568;,
  -0.306951;27.946803;-7.708397;,
  0.863240;28.669968;-8.348718;,
  0.832253;29.259354;-8.787715;,
  0.646679;29.618832;-8.800232;,
  0.788663;27.186509;-9.145893;,
  0.449203;26.671795;-9.679960;,
  0.880660;26.875267;-9.709353;,
  1.130287;26.507707;-9.976668;,
  1.447293;26.005890;-10.252901;,
  1.798170;26.454514;-10.491604;,
  0.656000;26.292878;-9.975579;,
  0.953369;25.559603;-10.244455;,
  1.026129;25.532936;-10.443226;,
  1.436740;25.918440;-10.472353;,
  1.722304;26.292960;-10.678915;,
  0.824834;22.769573;-12.000321;,
  0.975786;22.747211;-11.903555;,
  0.846974;22.714043;-11.904057;,
  0.943465;22.803416;-12.000267;,
  0.711224;22.789155;-11.959768;,
  0.599442;22.988762;-11.976194;,
  0.660556;22.898133;-12.095300;,
  0.726435;22.728682;-11.855051;,
  0.791634;22.590514;-11.674654;,
  0.911429;22.535339;-11.671897;,
  1.010427;22.600843;-11.724359;,
  1.057041;22.751898;-11.735275;,
