xof 0303txt 0032
template ColorRGBA {
 <35ff44e0-6c7c-11cf-8f52-0040333594a3>
 FLOAT red;
 FLOAT green;
 FLOAT blue;
 FLOAT alpha;
}

template ColorRGB {
 <d3e16e81-7835-11cf-8f52-0040333594a3>
 FLOAT red;
 FLOAT green;
 FLOAT blue;
}

template Material {
 <3d82ab4d-62da-11cf-ab39-0020af71e433>
 ColorRGBA faceColor;
 FLOAT power;
 ColorRGB specularColor;
 ColorRGB emissiveColor;
 [...]
}

template TextureFilename {
 <a42790e1-7810-11cf-8f52-0040333594a3>
 STRING filename;
}

template Frame {
 <3d82ab46-62da-11cf-ab39-0020af71e433>
 [...]
}

template Matrix4x4 {
 <f6f23f45-7686-11cf-8f52-0040333594a3>
 array FLOAT matrix[16];
}

template FrameTransformMatrix {
 <f6f23f41-7686-11cf-8f52-0040333594a3>
 Matrix4x4 frameMatrix;
}

template Vector {
 <3d82ab5e-62da-11cf-ab39-0020af71e433>
 FLOAT x;
 FLOAT y;
 FLOAT z;
}

template MeshFace {
 <3d82ab5f-62da-11cf-ab39-0020af71e433>
 DWORD nFaceVertexIndices;
 array DWORD faceVertexIndices[nFaceVertexIndices];
}

template Mesh {
 <3d82ab44-62da-11cf-ab39-0020af71e433>
 DWORD nVertices;
 array Vector vertices[nVertices];
 DWORD nFaces;
 array MeshFace faces[nFaces];
 [...]
}

template MeshNormals {
 <f6f23f43-7686-11cf-8f52-0040333594a3>
 DWORD nNormals;
 array Vector normals[nNormals];
 DWORD nFaceNormals;
 array MeshFace faceNormals[nFaceNormals];
}

template MeshMaterialList {
 <f6f23f42-7686-11cf-8f52-0040333594a3>
 DWORD nMaterials;
 DWORD nFaceIndexes;
 array DWORD faceIndexes[nFaceIndexes];
 [Material <3d82ab4d-62da-11cf-ab39-0020af71e433>]
}

template Coords2d {
 <f6f23f44-7686-11cf-8f52-0040333594a3>
 FLOAT u;
 FLOAT v;
}

template MeshTextureCoords {
 <f6f23f40-7686-11cf-8f52-0040333594a3>
 DWORD nTextureCoords;
 array Coords2d textureCoords[nTextureCoords];
}

template XSkinMeshHeader {
 <3cf169ce-ff7c-44ab-93c0-f78f62d172e2>
 WORD nMaxSkinWeightsPerVertex;
 WORD nMaxSkinWeightsPerFace;
 WORD nBones;
}

template SkinWeights {
 <6f0d123b-bad2-4167-a0d0-80224f25fabb>
 STRING transformNodeName;
 DWORD nWeights;
 array DWORD vertexIndices[nWeights];
 array FLOAT weights[nWeights];
 Matrix4x4 matrixOffset;
}


Material Material__35 {
 1.000000;1.000000;1.000000;1.000000;;
 10.000000;
 0.000000;0.000000;0.000000;;
 0.000000;0.000000;0.000000;;

 TextureFilename {
  "Human_F_L17_Hand_diff.dds";
 }
}

Frame Dummy_root {
 

 FrameTransformMatrix {
  1.000000,0.000000,0.000000,0.000000,0.000000,1.000000,0.000000,0.000000,0.000000,0.000000,1.000000,0.000000,0.000000,23.000000,0.000000,1.000000;;
 }

 Frame FxBottom {
  

  FrameTransformMatrix {
   1.000000,0.000000,0.000000,0.000000,0.000000,1.000000,0.000000,0.000000,-0.000000,0.000000,1.000000,0.000000,0.000000,-23.000000,-0.000000,1.000000;;
  }
 }

 Frame Bip01 {
  

  FrameTransformMatrix {
   1.000000,0.000000,0.000001,0.000000,0.000000,1.000000,0.000000,0.000000,-0.000001,0.000000,1.000000,0.000000,-0.194762,0.659397,0.000000,1.000000;;
  }

  Frame Bip01-Pelvis {
   

   FrameTransformMatrix {
    0.000001,1.000000,-0.000001,0.000000,-0.000001,0.000001,1.000000,0.000000,1.000000,-0.000001,0.000001,0.000000,0.000000,0.000000,0.000000,1.000000;;
   }

   Frame Bip01-Spine {
    

    FrameTransformMatrix {
     0.999030,0.000001,0.044033,0.000000,-0.000001,1.000000,0.000003,0.000000,-0.044033,-0.000003,0.999030,0.000000,2.358109,0.000003,-0.000993,1.000000;;
    }

    Frame Bip01-Spine1 {
     

     FrameTransformMatrix {
      0.998814,-0.000000,0.048692,0.000000,-0.000000,1.000000,0.000001,0.000000,-0.048692,-0.000002,0.998814,0.000000,0.209326,0.000000,-0.002766,1.000000;;
     }

     Frame Bip01-Spine2 {
      

      FrameTransformMatrix {
       0.993206,-0.000000,-0.116368,0.000000,0.000000,1.000000,0.000001,0.000000,0.116369,-0.000000,0.993206,0.000000,3.478323,0.000000,-0.001152,1.000000;;
      }

      Frame Bip01-Spine3 {
       

       FrameTransformMatrix {
        0.996891,-0.000001,-0.078797,0.000000,0.000000,1.000000,-0.000001,0.000000,0.078797,0.000001,0.996891,0.000000,1.456833,-0.000000,-0.004310,1.000000;;
       }

       Frame Bip01-Neck {
        

        FrameTransformMatrix {
         0.976813,0.000001,0.214094,0.000000,-0.000001,1.000000,-0.000000,0.000000,-0.214094,0.000000,0.976813,0.000000,5.539902,0.000000,-0.690872,1.000000;;
        }

        Frame Bip01-Head {
         

         FrameTransformMatrix {
          0.999958,-0.000000,-0.009206,0.000000,0.000000,1.000000,-0.000000,0.000000,0.009206,0.000000,0.999958,0.000000,2.474255,-0.000000,0.000002,1.000000;;
         }

         Frame Bip01-HeadNub {
          

          FrameTransformMatrix {
           1.000000,-0.000000,0.000000,0.000000,0.000000,1.000000,0.000001,0.000000,-0.000000,-0.000001,1.000000,0.000000,4.628929,-0.000000,0.000000,1.000000;;
          }
         }

         Frame FxTop {
          

          FrameTransformMatrix {
           0.103621,0.000001,0.994617,0.000000,0.994617,-0.000000,-0.103621,0.000000,0.000000,1.000000,-0.000001,0.000000,4.500027,-0.000004,0.000000,1.000000;;
          }
         }
        }

        Frame Bip01-L-Clavicle {
         

         FrameTransformMatrix {
          -0.249953,0.966696,0.054990,0.000000,0.944116,0.255930,-0.207716,0.000000,-0.214872,-0.000002,-0.976642,0.000000,-0.753033,0.957158,0.028458,1.000000;;
         }

         Frame Bip01-L-UpperArm {
          

          FrameTransformMatrix {
           0.798871,-0.594050,0.094384,0.000000,0.578814,0.801906,0.148056,0.000000,-0.163639,-0.063647,0.984465,0.000000,2.305933,-0.000011,0.000000,1.000000;;
          }

          Frame Bip01-L-Forearm {
           

           FrameTransformMatrix {
            0.930629,0.000000,-0.365965,0.000000,0.000000,1.000000,-0.000000,0.000000,0.365965,0.000000,0.930629,0.000000,6.131237,0.000004,0.000001,1.000000;;
           }

           Frame Bip01-L-Hand {
            

            FrameTransformMatrix {
             0.989065,-0.040580,0.141787,0.000000,-0.144470,-0.073387,0.986784,0.000000,-0.029638,-0.996478,-0.078447,0.000000,6.144238,0.000002,-0.000004,1.000000;;
            }

            Frame Bip01-L-Finger0 {
             

             FrameTransformMatrix {
              0.722825,-0.531684,0.441402,0.000000,0.371542,-0.239557,-0.896978,0.000000,0.582649,0.812358,0.024385,0.000000,0.431654,-0.683448,0.267918,1.000000;;
             }

             Frame Bip01-L-Finger01 {
              

              FrameTransformMatrix {
               0.985853,0.000000,0.167616,0.000000,-0.000000,1.000000,0.000000,0.000000,-0.167616,0.000000,0.985852,0.000000,1.065219,0.000002,-0.000002,1.000000;;
              }

              Frame Bip01-L-Finger02 {
               

               FrameTransformMatrix {
                0.950837,0.000000,0.309691,0.000000,0.000000,1.000000,-0.000000,0.000000,-0.309691,0.000000,0.950838,0.000000,0.739168,-0.000002,-0.000002,1.000000;;
               }

               Frame Bip01-L-Finger0Nub {
                

                FrameTransformMatrix {
                 1.000000,0.000000,0.000000,0.000000,0.000000,1.000000,0.000000,0.000000,-0.000000,-0.000000,1.000000,0.000000,0.862507,0.000002,0.000002,1.000000;;
                }
               }
              }
             }
            }

            Frame Bip01-L-Finger1 {
             

             FrameTransformMatrix {
              0.890675,0.007232,0.454582,0.000000,0.005919,0.999604,-0.027500,0.000000,-0.454601,0.027185,0.890280,0.000000,2.096303,-0.862212,-0.077713,1.000000;;
             }

             Frame Bip01-L-Finger11 {
              

              FrameTransformMatrix {
               0.877627,-0.000000,0.479344,0.000000,0.000000,1.000000,-0.000000,0.000000,-0.479344,0.000000,0.877627,0.000000,1.331194,0.000003,0.000001,1.000000;;
              }

              Frame Bip01-L-Finger12 {
               

               FrameTransformMatrix {
                0.932921,-0.000000,0.360082,0.000000,0.000000,1.000000,0.000000,0.000000,-0.360082,-0.000000,0.932921,0.000000,0.723099,0.000001,0.000000,1.000000;;
               }

               Frame Bip01-L-Finger1Nub {
                

                FrameTransformMatrix {
                 1.000000,-0.000000,0.000000,0.000000,0.000000,1.000000,-0.000000,0.000000,0.000000,0.000000,1.000000,0.000000,0.679661,0.000000,0.000002,1.000000;;
                }
               }
              }
             }
            }

            Frame Bip01-L-Finger2 {
             

             FrameTransformMatrix {
              0.882744,0.035112,0.468539,0.000000,-0.013270,0.998669,-0.049838,0.000000,-0.469665,0.037776,0.882036,0.000000,2.179713,-0.283320,-0.116974,1.000000;;
             }

             Frame Bip01-L-Finger21 {
              

              FrameTransformMatrix {
               0.795542,0.000000,0.605899,0.000000,0.000000,1.000001,0.000000,0.000000,-0.605899,-0.000000,0.795542,0.000000,1.406761,0.000001,-0.000001,1.000000;;
              }

              Frame Bip01-L-Finger22 {
               

               FrameTransformMatrix {
                0.981120,-0.000000,0.193399,0.000000,-0.000000,1.000000,0.000000,0.000000,-0.193399,-0.000000,0.981120,0.000000,0.840511,0.000002,-0.000001,1.000000;;
               }

               Frame Bip01-L-Finger2Nub {
                

                FrameTransformMatrix {
                 1.000000,0.000000,0.000000,0.000000,0.000000,1.000000,0.000000,0.000000,0.000000,0.000000,1.000000,0.000000,0.664879,-0.000001,0.000000,1.000000;;
                }
               }
              }
             }
            }

            Frame Bip01-L-Finger3 {
             

             FrameTransformMatrix {
              0.896787,0.157211,0.413591,0.000000,-0.134986,0.987396,-0.082633,0.000000,-0.421369,0.018276,0.906705,0.000000,2.073348,0.186407,-0.130487,1.000000;;
             }

             Frame Bip01-L-Finger31 {
              

              FrameTransformMatrix {
               0.760569,0.000000,0.649258,0.000000,0.000001,1.000001,-0.000001,0.000000,-0.649258,0.000001,0.760569,0.000000,1.365458,0.000002,-0.000002,1.000000;;
              }

              Frame Bip01-L-Finger32 {
               

               FrameTransformMatrix {
                0.978941,-0.000000,0.204143,0.000000,0.000000,1.000000,0.000001,0.000000,-0.204143,-0.000000,0.978941,0.000000,0.768667,-0.000000,0.000002,1.000000;;
               }

               Frame Bip01-L-Finger3Nub {
                

                FrameTransformMatrix {
                 1.000000,0.000000,-0.000000,0.000000,0.000000,1.000000,0.000000,0.000000,0.000000,0.000000,1.000000,0.000000,0.649357,0.000000,0.000002,1.000000;;
                }
               }
              }
             }
            }

            Frame Bip01-L-Finger4 {
             

             FrameTransformMatrix {
              0.885085,0.251358,0.391718,0.000000,-0.224522,0.967811,-0.113722,0.000000,-0.407694,0.012705,0.913030,0.000000,1.882345,0.690607,0.070721,1.000000;;
             }

             Frame Bip01-L-Finger41 {
              

              FrameTransformMatrix {
               0.785957,-0.000000,0.618281,0.000000,0.000000,1.000000,-0.000000,0.000000,-0.618281,0.000000,0.785957,0.000000,1.108316,0.000001,-0.000002,1.000000;;
              }

              Frame Bip01-L-Finger42 {
               

               FrameTransformMatrix {
                0.944871,-0.000000,0.327444,0.000000,0.000000,1.000000,0.000001,0.000000,-0.327444,-0.000000,0.944871,0.000000,0.520344,0.000000,0.000002,1.000000;;
               }

               Frame Bip01-L-Finger4Nub {
                

                FrameTransformMatrix {
                 1.000000,-0.000000,-0.000000,0.000000,-0.000000,1.000000,-0.000000,0.000000,-0.000000,-0.000000,1.000000,0.000000,0.515343,-0.000000,0.000001,1.000000;;
                }
               }
              }
             }
            }

            Frame FxHand00 {
             

             FrameTransformMatrix {
              0.220347,-0.936490,0.272824,0.000000,-0.759401,-0.340240,-0.554568,0.000000,0.612173,-0.084986,-0.786143,0.000000,1.500003,0.499998,1.999998,1.000000;;
             }
            }

            Frame L_Sword {
             

             FrameTransformMatrix {
              0.976766,0.039081,-0.210712,0.000000,0.070766,-0.986898,0.145000,0.000000,-0.202285,-0.156543,-0.966734,0.000000,0.000001,-0.000001,0.000000,1.000000;;
             }
            }
           }

           Frame L_Elbow {
            

            FrameTransformMatrix {
             0.982504,-0.000000,0.186241,0.000000,-0.000000,1.000000,0.000000,0.000000,-0.186241,-0.000000,0.982504,0.000000,-0.000004,0.000002,-0.000003,1.000000;;
            }
           }

           Frame L_Shield {
            

            FrameTransformMatrix {
             1.000000,-0.000000,0.000000,0.000000,0.000000,1.000000,0.000000,0.000000,0.000000,-0.000000,1.000000,0.000000,2.499999,2.500006,-0.000003,1.000000;;
            }
           }

           Frame Bip01-L-ForeTwist {
            

            FrameTransformMatrix {
             1.000000,0.000000,-0.000000,0.000000,-0.000000,0.999312,0.037108,0.000000,0.000000,-0.037108,0.999311,0.000000,-0.000004,0.000002,-0.000003,1.000000;;
            }
           }
          }

          Frame L_Shoulder {
           

           FrameTransformMatrix {
            0.948343,0.307755,-0.077028,0.000000,-0.311669,0.949122,-0.045063,0.000000,0.059241,0.066743,0.996010,0.000000,0.000000,0.000004,0.000000,1.000000;;
           }
          }

          Frame L_Shoulder_Twist {
           

           FrameTransformMatrix {
            1.000000,0.000000,-0.000000,0.000000,-0.000000,1.000000,-0.000000,0.000000,-0.000000,-0.000000,1.000000,0.000000,0.000000,0.000004,-0.000000,1.000000;;
           }
          }
         }
        }

        Frame Bip01-R-Clavicle {
         

         FrameTransformMatrix {
          -0.249952,-0.966695,0.054995,0.000000,-0.944116,0.255931,0.207715,0.000000,-0.214872,-0.000003,-0.976642,0.000000,-0.753033,-0.957160,0.028463,1.000000;;
         }

         Frame Bip01-R-UpperArm {
          

          FrameTransformMatrix {
           0.798872,0.594050,0.094384,0.000000,-0.578815,0.801907,-0.148056,0.000000,-0.163640,0.063647,0.984465,0.000000,2.305939,0.000004,0.000001,1.000000;;
          }

          Frame Bip01-R-Forearm {
           

           FrameTransformMatrix {
            0.930628,0.000001,-0.365965,0.000000,-0.000001,1.000000,0.000000,0.000000,0.365965,0.000000,0.930629,0.000000,6.131230,0.000004,-0.000001,1.000000;;
           }

           Frame Bip01-R-Hand {
            

            FrameTransformMatrix {
             0.989065,0.040580,0.141786,0.000000,0.144470,-0.073387,-0.986784,0.000000,-0.029638,0.996478,-0.078447,0.000000,6.144240,-0.000004,-0.000003,1.000000;;
            }

            Frame Bip01-R-Finger0 {
             

             FrameTransformMatrix {
              0.722825,0.531683,0.441402,0.000000,-0.371541,-0.239558,0.896978,0.000000,0.582649,-0.812358,0.024384,0.000000,0.431653,0.683448,0.267914,1.000000;;
             }

             Frame Bip01-R-Finger01 {
              

              FrameTransformMatrix {
               0.985852,-0.000000,0.167616,0.000000,0.000000,1.000000,-0.000000,0.000000,-0.167616,0.000000,0.985852,0.000000,1.065220,0.000000,0.000004,1.000000;;
              }

              Frame Bip01-R-Finger02 {
               

               FrameTransformMatrix {
                0.950837,-0.000000,0.309691,0.000000,-0.000000,1.000000,0.000000,0.000000,-0.309692,-0.000000,0.950837,0.000000,0.739165,0.000002,-0.000004,1.000000;;
               }

               Frame Bip01-R-Finger0Nub {
                

                FrameTransformMatrix {
                 -1.000001,0.000000,0.000001,0.000000,0.000000,1.000000,-0.000001,0.000000,-0.000001,-0.000001,-1.000000,0.000000,0.862503,0.000002,0.000000,1.000000;;
                }
               }
              }
             }
            }

            Frame Bip01-R-Finger1 {
             

             FrameTransformMatrix {
              0.890676,-0.007232,0.454582,0.000000,-0.005920,0.999604,0.027501,0.000000,-0.454601,-0.027185,0.890280,0.000000,2.096302,0.862210,-0.077713,1.000000;;
             }

             Frame Bip01-R-Finger11 {
              

              FrameTransformMatrix {
               0.877627,0.000000,0.479343,0.000000,0.000000,1.000000,-0.000000,0.000000,-0.479343,0.000001,0.877627,0.000000,1.331190,-0.000001,-0.000002,1.000000;;
              }

              Frame Bip01-R-Finger12 {
               

               FrameTransformMatrix {
                0.932921,-0.000000,0.360082,0.000000,0.000000,1.000000,0.000000,0.000000,-0.360082,-0.000000,0.932921,0.000000,0.723097,0.000001,-0.000002,1.000000;;
               }

               Frame Bip01-R-Finger1Nub {
                

                FrameTransformMatrix {
                 -1.000000,-0.000000,0.000000,0.000000,-0.000000,1.000000,0.000000,0.000000,0.000000,-0.000000,-1.000000,0.000000,0.679668,-0.000002,0.000002,1.000000;;
                }
               }
              }
             }
            }

            Frame Bip01-R-Finger2 {
             

             FrameTransformMatrix {
              0.882744,-0.035112,0.468539,0.000000,0.013271,0.998669,0.049837,0.000000,-0.469666,-0.037775,0.882036,0.000000,2.179712,0.283319,-0.116974,1.000000;;
             }

             Frame Bip01-R-Finger21 {
              

              FrameTransformMatrix {
               0.795542,-0.000000,0.605898,0.000000,0.000000,1.000000,0.000000,0.000000,-0.605899,-0.000000,0.795542,0.000000,1.406757,0.000000,-0.000001,1.000000;;
              }

              Frame Bip01-R-Finger22 {
               

               FrameTransformMatrix {
                0.981120,0.000000,0.193399,0.000000,0.000000,1.000000,-0.000000,0.000000,-0.193399,-0.000000,0.981120,0.000000,0.840508,-0.000002,-0.000004,1.000000;;
               }

               Frame Bip01-R-Finger2Nub {
                

                FrameTransformMatrix {
                 -1.000000,0.000000,-0.000000,0.000000,0.000000,1.000000,0.000000,0.000000,0.000000,0.000000,-1.000000,0.000000,0.664879,-0.000001,-0.000002,1.000000;;
                }
               }
              }
             }
            }

            Frame Bip01-R-Finger3 {
             

             FrameTransformMatrix {
              0.896787,-0.157212,0.413591,0.000000,0.134986,0.987396,0.082634,0.000000,-0.421369,-0.018276,0.906705,0.000000,2.073344,-0.186407,-0.130486,1.000000;;
             }

             Frame Bip01-R-Finger31 {
              

              FrameTransformMatrix {
               0.760569,0.000000,0.649258,0.000000,0.000000,1.000000,-0.000000,0.000000,-0.649258,0.000000,0.760569,0.000000,1.365458,0.000000,0.000000,1.000000;;
              }

              Frame Bip01-R-Finger32 {
               

               FrameTransformMatrix {
                0.978941,0.000000,0.204142,0.000000,-0.000000,1.000000,-0.000000,0.000000,-0.204142,0.000000,0.978941,0.000000,0.768667,-0.000000,0.000000,1.000000;;
               }

               Frame Bip01-R-Finger3Nub {
                

                FrameTransformMatrix {
                 -1.000000,0.000000,0.000000,0.000000,0.000000,1.000000,-0.000000,0.000000,-0.000000,-0.000000,-1.000000,0.000000,0.649359,-0.000001,0.000003,1.000000;;
                }
               }
              }
             }
            }

            Frame Bip01-R-Finger4 {
             

             FrameTransformMatrix {
              0.885085,-0.251359,0.391717,0.000000,0.224522,0.967810,0.113722,0.000000,-0.407694,-0.012705,0.913030,0.000000,1.882342,-0.690607,0.070721,1.000000;;
             }

             Frame Bip01-R-Finger41 {
              

              FrameTransformMatrix {
               0.785957,0.000000,0.618281,0.000000,-0.000000,1.000000,-0.000000,0.000000,-0.618281,0.000000,0.785957,0.000000,1.108318,0.000000,-0.000002,1.000000;;
              }

              Frame Bip01-R-Finger42 {
               

               FrameTransformMatrix {
                0.944871,0.000000,0.327444,0.000000,0.000000,1.000000,0.000000,0.000000,-0.327444,0.000000,0.944871,0.000000,0.520340,0.000000,-0.000001,1.000000;;
               }

               Frame Bip01-R-Finger4Nub {
                

                FrameTransformMatrix {
                 -1.000000,0.000000,0.000000,0.000000,0.000000,1.000000,0.000000,0.000000,-0.000000,0.000000,-1.000000,0.000000,0.515337,-0.000000,0.000001,1.000000;;
                }
               }
              }
             }
            }

            Frame FxHand01 {
             

             FrameTransformMatrix {
              0.220350,0.936490,0.272822,0.000000,-0.759401,0.340241,-0.554568,0.000000,-0.612173,-0.084982,0.786144,0.000000,1.499998,-0.499998,2.000000,1.000000;;
             }
            }

            Frame R_Sword {
             

             FrameTransformMatrix {
              0.976766,-0.039081,-0.210713,0.000000,0.070766,0.986898,0.145000,0.000000,0.202285,-0.156542,0.966734,0.000000,0.000000,0.000000,0.000000,1.000000;;
             }
            }
           }

           Frame R_Elbow {
            

            FrameTransformMatrix {
             0.982505,-0.000000,0.186241,0.000000,0.000000,1.000000,0.000000,0.000000,-0.186241,-0.000000,0.982504,0.000000,0.000000,0.000000,0.000001,1.000000;;
            }
           }

           Frame Bip01-R-ForeTwist {
            

            FrameTransformMatrix {
             1.000000,-0.000000,-0.000001,0.000000,0.000000,0.999311,-0.037108,0.000000,0.000000,0.037108,0.999311,0.000000,0.000000,0.000000,0.000000,1.000000;;
            }
           }
          }

          Frame R_Shoulder {
           

           FrameTransformMatrix {
            0.948342,-0.307756,-0.077029,0.000000,0.311669,0.949121,0.045063,0.000000,0.059241,-0.066743,0.996010,0.000000,0.000000,0.000002,0.000000,1.000000;;
           }
          }

          Frame R_Shoulder_Twist {
           

           FrameTransformMatrix {
            1.000000,0.000000,-0.000000,0.000000,-0.000000,1.000000,0.000000,0.000000,-0.000000,0.000000,1.000000,0.000000,0.000000,0.000000,0.000000,1.000000;;
           }
          }
         }
        }
       }

       Frame R_Breast {
        

        FrameTransformMatrix {
         0.063560,0.329543,-0.941998,0.000000,-0.003088,0.943968,0.330023,0.000000,0.997973,-0.018067,0.061016,0.000000,1.272751,-1.451999,1.209910,1.000000;;
        }
       }

       Frame L_Breast {
        

        FrameTransformMatrix {
         -0.063560,0.329545,0.941998,0.000000,0.003087,0.943967,-0.330025,0.000000,-0.997973,-0.018068,-0.061016,0.000000,1.272759,1.451767,1.209907,1.000000;;
        }
       }

       Frame L_spine3 {
        

        FrameTransformMatrix {
         0.980445,0.043405,-0.191946,0.000000,0.044221,-0.999022,-0.000033,0.000000,-0.191760,-0.008456,-0.981405,0.000000,2.104034,3.093147,-0.411916,1.000000;;
        }
       }

       Frame R_spine3 {
        

        FrameTransformMatrix {
         0.980446,-0.043405,-0.191942,0.000000,-0.044220,-0.999022,0.000038,0.000000,-0.191756,0.008451,-0.981406,0.000000,2.104046,-3.093147,-0.411907,1.000000;;
        }
       }
      }

      Frame FxCenter {
       

       FrameTransformMatrix {
        -0.023870,0.000003,0.999715,0.000000,0.999715,-0.000000,0.023870,0.000000,0.000000,1.000000,-0.000003,0.000000,1.000006,-0.000002,0.000000,1.000000;;
       }
      }

      Frame Weapon_Back {
       

       FrameTransformMatrix {
        -0.999295,-0.000000,-0.037550,0.000000,0.000000,-1.000000,-0.000002,0.000000,-0.037550,-0.000002,0.999295,0.000000,4.711462,-0.000010,-2.809572,1.000000;;
       }
      }
     }
    }

    Frame Bip01-L-Thigh {
     

     FrameTransformMatrix {
      -0.997343,0.010238,0.072129,0.000000,-0.003068,-0.995100,0.098825,0.000000,0.072788,0.098341,0.992488,0.000000,-2.355776,2.566189,0.104822,1.000000;;
     }

     Frame Bip01-L-Calf {
      

      FrameTransformMatrix {
       0.989800,0.000000,-0.142458,0.000000,0.000000,1.000000,0.000002,0.000000,0.142458,-0.000002,0.989801,0.000000,10.047704,-0.000001,0.000001,1.000000;;
      }

      Frame Bip01-L-Foot {
       

       FrameTransformMatrix {
        0.993368,0.006533,0.114794,0.000000,-0.007677,0.999925,0.009526,0.000000,-0.114723,-0.010344,0.993344,0.000000,10.474949,0.000000,0.000001,1.000000;;
       }

       Frame Bip01-L-Toe0 {
        

        FrameTransformMatrix {
         0.005122,-0.000012,0.999987,0.000000,0.000000,1.000000,0.000012,0.000000,-0.999987,-0.000000,0.005122,0.000000,3.213933,-0.000023,1.930074,1.000000;;
        }

        Frame Bip01-L-Toe0Nub {
         

         FrameTransformMatrix {
          -1.000000,-0.000000,0.000000,0.000000,-0.000000,1.000000,0.000000,0.000000,-0.000000,0.000000,-1.000000,0.000000,1.879583,0.000000,0.000000,1.000000;;
         }
        }
       }
      }

      Frame L_Knee {
       

       FrameTransformMatrix {
        0.997447,-0.000000,0.071411,0.000000,-0.000000,1.000001,0.000001,0.000000,-0.071411,-0.000001,0.997447,0.000000,0.000002,0.000000,0.000000,1.000000;;
       }
      }

      Frame Bip01-LCalfTwist {
       

       FrameTransformMatrix {
        1.000000,-0.000000,-0.000000,0.000000,-0.000000,0.999989,0.004769,0.000000,0.000000,-0.004769,0.999989,0.000000,0.000002,0.000000,0.000000,1.000000;;
       }
      }
     }

     Frame L_Thigh {
      

      FrameTransformMatrix {
       1.000000,0.000000,0.000000,0.000000,-0.000000,1.000000,0.000000,0.000000,-0.000000,-0.000000,1.000000,0.000000,0.000000,0.000000,-0.000000,1.000000;;
      }
     }
    }

    Frame Bip01-R-Thigh {
     

     FrameTransformMatrix {
      -0.997343,-0.010238,0.072129,0.000000,0.003068,-0.995101,-0.098819,0.000000,0.072788,-0.098335,0.992488,0.000000,-2.355778,-2.566190,0.104832,1.000000;;
     }

     Frame Bip01-R-Calf {
      

      FrameTransformMatrix {
       0.989801,-0.000001,-0.142458,0.000000,0.000000,1.000000,-0.000003,0.000000,0.142458,0.000003,0.989801,0.000000,10.047704,-0.000000,-0.000001,1.000000;;
      }

      Frame Bip01-R-Foot {
       

       FrameTransformMatrix {
        0.993368,-0.006533,0.114794,0.000000,0.007676,0.999925,-0.009520,0.000000,-0.114724,0.010338,0.993344,0.000000,10.474940,-0.000001,0.000001,1.000000;;
       }

       Frame Bip01-R-Toe0 {
        

        FrameTransformMatrix {
         0.005122,0.000019,0.999987,0.000000,-0.000000,1.000000,-0.000019,0.000000,-0.999987,-0.000000,0.005122,0.000000,3.213933,0.000037,1.930074,1.000000;;
        }

        Frame Bip01-R-Toe0Nub {
         

         FrameTransformMatrix {
          1.000000,0.000000,-0.000000,0.000000,-0.000000,1.000000,0.000000,0.000000,0.000000,-0.000000,1.000000,0.000000,1.879583,-0.000000,0.000000,1.000000;;
         }
        }
       }
      }

      Frame R_Knee {
       

       FrameTransformMatrix {
        0.997447,0.000000,0.071411,0.000000,0.000000,1.000000,-0.000001,0.000000,-0.071412,0.000001,0.997447,0.000000,0.000000,-0.000000,0.000000,1.000000;;
       }
      }

      Frame Bip01-RCalfTwist {
       

       FrameTransformMatrix {
        1.000000,-0.000000,0.000000,0.000000,0.000000,0.999989,-0.004770,0.000000,-0.000000,0.004770,0.999989,0.000000,-0.000001,-0.000000,-0.000000,1.000000;;
       }
      }
     }

     Frame R_Thigh {
      

      FrameTransformMatrix {
       1.000000,-0.000000,-0.000000,0.000000,0.000000,1.000000,-0.000003,0.000000,0.000000,0.000003,1.000000,0.000000,0.000000,0.000000,-0.000000,1.000000;;
      }
     }
    }

    Frame Skirt_Dummy {
     

     FrameTransformMatrix {
      -1.000000,0.000002,0.000797,0.000000,-0.000002,-1.000000,-0.000002,0.000000,0.000797,-0.000002,1.000000,0.000000,-0.033834,-0.000001,-0.263520,1.000000;;
     }
    }
   }
  }
 }
}

Frame Human_F_L17_Hand_Skel {
 

 FrameTransformMatrix {
  1.000000,0.000000,0.000000,0.000000,0.000000,1.000000,0.000000,0.000000,0.000000,0.000000,1.000000,0.000000,0.000000,0.000000,0.000000,1.000000;;
 }

 Mesh Human_F_L17_Hand_Skel {
  2988;
  1.095525;22.772603;11.855951;,
  1.112196;22.914552;11.911020;,
  1.105520;22.854686;11.956526;,
  0.874097;24.230626;12.365605;,
  1.070302;23.896629;12.647474;,
  0.968221;24.223741;12.621478;,
  0.974370;23.886947;12.408610;,
  0.823667;24.507699;12.479701;,
  0.835241;24.270962;12.320618;,
  0.918592;24.548587;12.592436;,
  1.229779;24.272291;12.654808;,
  1.298566;23.944624;12.676626;,
  1.384282;24.326387;12.478154;,
  1.449086;23.988206;12.474939;,
  1.145749;24.579342;12.627866;,
  0.991926;24.739674;12.635367;,
  0.499395;24.565421;12.379577;,
  0.696035;24.469322;12.442878;,
  0.473279;24.428867;12.452879;,
  0.650243;24.267613;12.411440;,
  0.316739;24.361722;12.328804;,
  0.425435;24.212238;12.308370;,
  0.251500;24.313379;12.147031;,
  0.141431;25.238118;11.633038;,
  0.362775;24.579486;11.760664;,
  0.211347;24.868645;11.882071;,
  0.351319;24.445038;12.088499;,
  0.388547;24.327962;11.919304;,
  0.412198;24.156586;12.052332;,
  0.533582;24.305446;11.742108;,
  0.505124;24.496160;11.588626;,
  0.420835;24.956573;11.273000;,
  0.392064;25.372677;10.946972;,
  0.081830;25.557538;11.301470;,
  0.203900;25.640552;10.992558;,
  0.461384;25.657310;10.705215;,
  0.539388;24.125984;11.859694;,
  0.471090;23.918896;12.116194;,
  0.566701;23.918870;11.955497;,
  0.541074;23.941808;12.311267;,
  0.724332;23.971670;12.376029;,
  0.891828;23.988171;12.288042;,
  1.912305;24.523400;12.550289;,
  1.876133;24.106026;12.804596;,
  2.010846;24.167786;12.624495;,
  1.637600;24.030253;12.799346;,
  1.380902;24.367178;12.597482;,
  1.508168;24.007387;12.617142;,
  1.509259;24.373539;12.778219;,
  1.764760;24.447680;12.784994;,
  1.793462;24.782862;12.675613;,
  1.952283;24.522216;12.573900;,
  1.832929;24.802598;12.663018;,
  1.482892;24.917931;12.734461;,
  2.026365;25.145394;12.641444;,
  1.412190;24.679184;12.702910;,
  1.647756;24.750653;12.752032;,
  1.308698;24.616781;12.638603;,
  1.265027;24.604331;12.620265;,
  2.076956;22.707197;12.004045;,
  2.278182;22.657440;11.833927;,
  2.141829;22.552622;11.902669;,
  2.215788;22.820792;11.930779;,
  2.444754;22.647698;11.924714;,
  2.169675;22.946229;12.032206;,
  2.394613;22.802109;12.023407;,
  2.526457;22.550403;12.060930;,
  2.486769;22.686987;12.173074;,
  2.362295;22.920920;12.126505;,
  2.450979;22.802966;12.283590;,
  2.295239;23.104667;12.217927;,
  2.380658;22.992174;12.395900;,
  2.202344;23.379310;12.356085;,
  2.286145;23.272744;12.564530;,
  2.222043;23.478411;12.663988;,
  2.141087;23.554936;12.433692;,
  2.008694;23.394598;12.235593;,
  2.105420;23.136360;12.121538;,
  2.022222;22.821773;12.109618;,
  1.960538;23.005011;12.201456;,
  1.880063;23.727429;12.274082;,
  1.944882;23.542350;12.301543;,
  1.844128;23.274072;12.344744;,
  1.944157;22.860341;12.378386;,
  2.014661;22.674390;12.264814;,
  2.065390;22.563355;12.151206;,
  1.813901;23.133965;12.556369;,
  1.765111;23.439030;12.423782;,
  1.688229;23.645854;12.390241;,
  1.787366;24.061104;12.215327;,
  1.580410;24.005710;12.369498;,
  1.728917;24.264954;12.187782;,
  1.503979;24.252205;12.324424;,
  1.734822;24.335488;12.152342;,
  1.711041;23.335262;12.654418;,
  1.508168;24.007387;12.617142;,
  1.380902;24.367178;12.597482;,
  1.384282;24.326387;12.478154;,
  1.964643;24.536309;12.014814;,
  2.207998;24.566080;12.108477;,
  2.071820;24.499486;12.175896;,
  1.963903;24.456968;12.216038;,
  1.891072;24.375240;12.320226;,
  1.976925;24.132854;12.385368;,
  2.073811;23.762408;12.405402;,
  1.912305;24.523400;12.550289;,
  2.010846;24.167786;12.624495;,
  2.081708;24.226261;12.555103;,
  2.070356;24.454477;12.288534;,
  2.140516;24.256963;12.326754;,
  1.952283;24.522216;12.573900;,
  1.967725;24.462510;12.324123;,
  2.748929;23.734341;12.369563;,
  2.493695;23.871230;12.301460;,
  2.693250;23.908520;12.411758;,
  2.429136;24.046800;12.251262;,
  2.319153;23.771926;12.389319;,
  2.251988;23.956200;12.376138;,
  2.318784;24.335410;12.185193;,
  2.252538;24.489942;12.161275;,
  2.629339;24.098499;12.371715;,
  2.518049;24.396187;12.317901;,
  2.446118;24.614453;12.249649;,
  2.203984;24.726086;12.001828;,
  1.842588;24.739664;11.801652;,
  1.332029;24.547011;11.696450;,
  2.198789;24.976296;11.662776;,
  2.147779;24.858923;11.900770;,
  2.347783;25.021955;12.011286;,
  2.385366;24.846850;12.170083;,
  2.563779;24.864875;11.308774;,
  2.811743;24.804683;11.155989;,
  2.722784;24.725800;11.352145;,
  2.766538;24.802605;11.557996;,
  2.613142;24.964254;11.527906;,
  2.509153;25.109486;11.531897;,
  2.434911;25.000659;11.336590;,
  2.364011;25.074552;11.683742;,
  2.685552;24.919222;11.102301;,
  2.524541;25.042355;11.054062;,
  2.183484;24.998770;11.220346;,
  2.315068;25.096611;10.925087;,
  2.434933;25.360218;10.757928;,
  2.660757;25.225538;10.900123;,
  2.828619;25.042144;11.019540;,
  2.969610;24.884685;11.107117;,
  2.006383;25.607970;10.598150;,
  1.060651;25.715152;10.566268;,
  1.413319;26.025864;10.435618;,
  1.489262;25.937666;10.517865;,
  1.407048;25.501854;10.746377;,
  1.859006;25.270851;10.766139;,
  1.807904;25.058490;11.098350;,
  1.818204;24.962634;11.549874;,
  1.240858;24.989720;11.339394;,
  1.464528;25.160766;11.142919;,
  1.133786;25.454867;10.796908;,
  0.784177;25.311685;10.742989;,
  0.754376;25.571296;10.612438;,
  0.745962;24.837864;11.152534;,
  0.420835;24.956573;11.273000;,
  0.392064;25.372677;10.946972;,
  0.461384;25.657310;10.705215;,
  1.004460;25.843099;10.503102;,
  0.505124;24.496160;11.588626;,
  0.760335;24.419842;11.502466;,
  0.768239;24.251221;11.716795;,
  1.133230;24.262810;11.816275;,
  0.984807;24.187325;12.013749;,
  1.246221;24.210006;12.021091;,
  1.041074;24.135525;12.128827;,
  1.243733;24.122307;12.082117;,
  1.077565;23.872347;12.191708;,
  1.591527;24.368186;11.937380;,
  1.479031;24.261893;12.151075;,
  1.394399;24.214237;12.247386;,
  1.438031;23.953550;12.246401;,
  1.278981;23.888712;12.122189;,
  1.487050;23.654461;12.318843;,
  1.449086;23.988206;12.474939;,
  1.511655;23.656030;12.547685;,
  1.127873;23.581398;12.275601;,
  1.319791;23.615762;12.206622;,
  1.155736;23.411864;12.313631;,
  1.341176;23.467602;12.250158;,
  1.192272;23.260634;12.260799;,
  1.376942;23.326389;12.194601;,
  1.257694;23.009851;12.149938;,
  1.423359;23.084928;12.095874;,
  1.303654;22.819110;12.079913;,
  1.121685;23.160054;12.475459;,
  1.066792;23.341291;12.530814;,
  1.211109;22.875994;12.323526;,
  1.261547;22.674466;12.211588;,
  1.349461;22.707237;11.997349;,
  1.493435;22.791982;11.967476;,
  1.402936;22.546458;11.891470;,
  1.541348;22.636918;11.854327;,
  1.691883;22.610680;11.918480;,
  1.348355;22.423675;11.996785;,
  1.295300;22.566379;12.111919;,
  1.459713;22.903864;12.040585;,
  1.652424;22.776211;12.022141;,
  1.737515;22.664515;12.153813;,
  1.765912;22.525130;12.032877;,
  1.635532;22.892131;12.106356;,
  1.593983;23.082400;12.188145;,
  1.511319;23.490312;12.361725;,
  1.549572;23.335507;12.306354;,
  1.658825;22.972754;12.367458;,
  1.715969;22.770634;12.259162;,
  1.593891;23.260157;12.515202;,
  1.553922;23.454026;12.579860;,
  1.781369;25.622877;12.206921;,
  2.005780;26.087874;11.679657;,
  1.594037;26.004491;11.909375;,
  2.206990;25.661082;11.978954;,
  1.377461;26.403563;11.526121;,
  1.839253;26.432024;11.144696;,
  0.785802;26.219146;11.627502;,
  0.929067;25.849291;11.969706;,
  1.099004;25.442818;12.275429;,
  0.533384;25.171069;12.180943;,
  0.499395;24.565421;12.379577;,
  0.991926;24.739674;12.635367;,
  1.482892;24.917931;12.734461;,
  2.026365;25.145394;12.641444;,
  2.483464;25.212330;12.179602;,
  2.375417;25.181021;12.160140;,
  0.238262;26.232725;11.371072;,
  0.690060;26.471550;11.391146;,
  0.282002;25.950334;11.604858;,
  0.414601;25.578176;11.902441;,
  0.211347;24.868645;11.882071;,
  0.261915;24.470077;12.138073;,
  0.351319;24.445038;12.088499;,
  0.141431;25.238118;11.633038;,
  0.081830;25.557538;11.301470;,
  0.068043;25.785861;10.986441;,
  -0.163901;26.873430;11.155666;,
  0.395600;27.246131;11.225266;,
  0.319568;27.388285;10.823782;,
  0.959500;27.464765;11.096404;,
  0.832241;27.558093;10.694166;,
  1.217111;27.477075;10.374249;,
  1.006809;27.658109;10.086521;,
  1.107445;27.364806;9.762854;,
  0.959073;27.339840;9.804254;,
  0.915821;27.587226;10.048678;,
  1.292116;27.082720;9.905335;,
  0.676113;28.275834;9.506617;,
  0.661619;27.730381;10.328870;,
  0.685895;27.801619;10.395305;,
  0.195917;27.665978;10.546564;,
  -0.229229;26.918019;10.683393;,
  -0.447971;26.459696;10.889991;,
  -0.301983;27.250797;10.461754;,
  -0.458346;26.832896;10.150310;,
  -0.421461;26.491302;10.349433;,
  -0.519029;26.090792;10.552862;,
  -0.185529;25.832171;10.093426;,
  0.316719;25.583389;10.535713;,
  0.290614;25.777982;9.795357;,
  -0.005357;26.262750;9.831374;,
  -0.094136;26.620635;9.642269;,
  -0.300720;26.915734;10.110792;,
  0.348779;25.502789;10.619578;,
  0.125684;25.615539;10.998899;,
  0.922034;25.644600;10.190846;,
  0.899920;25.988710;9.618150;,
  0.965334;25.554362;10.275420;,
  1.004460;25.843099;10.503102;,
  0.461384;25.657310;10.705215;,
  0.203900;25.640552;10.992558;,
  -1.017974;28.320304;7.960997;,
  -0.858185;27.812938;9.230309;,
  -1.351921;28.615430;8.417574;,
  -0.578605;27.502858;8.809562;,
  -0.040080;26.748176;9.749058;,
  0.637651;26.835925;9.444422;,
  0.881120;26.523366;9.577564;,
  -0.292590;28.862416;7.140340;,
  -1.227897;28.888867;7.435905;,
  -0.136783;28.318883;7.767796;,
  0.189747;27.525325;8.740162;,
  0.578133;26.936989;9.562118;,
  -0.012432;29.988358;8.706945;,
  0.572125;29.130410;8.737110;,
  0.406972;29.722893;8.203976;,
  0.109852;29.320506;9.175854;,
  -0.576713;29.957446;8.782942;,
  -0.372985;29.351178;9.248924;,
  -1.294609;29.559123;8.492972;,
  -1.042610;29.013190;8.949464;,
  -1.645271;29.136995;7.921650;,
  0.704685;28.044954;9.163143;,
  0.567113;28.868384;8.316379;,
  0.362096;29.402602;7.672082;,
  0.578133;26.936989;9.562118;,
  0.189747;27.525325;8.740162;,
  -0.136783;28.318883;7.767796;,
  -0.292590;28.862416;7.140340;,
  0.637651;26.835925;9.444422;,
  0.881120;26.523366;9.577564;,
  1.360345;26.262818;9.629621;,
  0.899920;25.988710;9.618150;,
  1.507308;25.957234;10.130378;,
  0.922034;25.644600;10.190846;,
  1.550030;25.878773;10.209037;,
  0.965334;25.554362;10.275420;,
  1.413319;26.025864;10.435618;,
  1.754834;26.318491;10.560394;,
  1.700253;26.408931;10.474846;,
  1.004460;25.843099;10.503102;,
  1.486252;27.385408;10.684005;,
  1.759162;27.106483;10.247613;,
  1.679735;26.677499;9.884355;,
  1.639302;26.288960;10.635978;,
  1.751721;26.420238;10.878204;,
  1.588917;26.632152;10.889435;,
  1.198860;26.691299;11.297074;,
  1.681142;26.394195;10.907991;,
  1.255483;28.267760;-10.129966;,
  1.202894;28.578608;-9.675491;,
  1.125058;28.990010;-10.082106;,
  1.006490;28.498982;-10.829811;,
  0.963528;29.302746;-10.418178;,
  1.389074;27.813760;-10.532181;,
  1.012475;27.678605;-11.150582;,
  1.612813;27.509872;-10.647465;,
  1.494878;27.387811;-10.919982;,
  0.688338;29.512656;-10.758850;,
  0.372772;29.647334;-11.031134;,
  0.014625;28.593382;-11.686000;,
  0.451841;27.413430;-11.408446;,
  1.105619;27.072819;-11.481900;,
  1.508787;27.073853;-11.089390;,
  1.635870;26.661550;-11.103413;,
  1.187315;26.241026;-11.980290;,
  1.438704;26.404662;-11.565621;,
  0.849951;26.362656;-11.842418;,
  1.280455;25.286736;-12.476136;,
  0.021816;29.683091;-11.270585;,
  -0.382712;29.610157;-11.397202;,
  1.338965;26.090490;-11.874736;,
  1.339735;25.752339;-12.112508;,
  1.460402;25.417406;-12.359084;,
  1.767310;25.208526;-12.517630;,
  1.411391;24.992586;-12.878738;,
  -0.248751;26.403459;-11.238705;,
  -0.064181;27.383786;-11.473419;,
  0.085210;26.828730;-11.615670;,
  -0.406409;26.993629;-11.101518;,
  -0.587813;27.470714;-11.073080;,
  -0.752020;27.055539;-10.657582;,
  -0.945633;27.968918;-10.872463;,
  -0.382208;27.796874;-11.375960;,
