xof 0303txt 0032
template ColorRGBA {
 <35ff44e0-6c7c-11cf-8f52-0040333594a3>
 FLOAT red;
 FLOAT green;
 FLOAT blue;
 FLOAT alpha;
}

template ColorRGB {
 <d3e16e81-7835-11cf-8f52-0040333594a3>
 FLOAT red;
 FLOAT green;
 FLOAT blue;
}

template Material {
 <3d82ab4d-62da-11cf-ab39-0020af71e433>
 ColorRGBA faceColor;
 FLOAT power;
 ColorRGB specularColor;
 ColorRGB emissiveColor;
 [...]
}

template TextureFilename {
 <a42790e1-7810-11cf-8f52-0040333594a3>
 STRING filename;
}

template Frame {
 <3d82ab46-62da-11cf-ab39-0020af71e433>
 [...]
}

template Matrix4x4 {
 <f6f23f45-7686-11cf-8f52-0040333594a3>
 array FLOAT matrix[16];
}

template FrameTransformMatrix {
 <f6f23f41-7686-11cf-8f52-0040333594a3>
 Matrix4x4 frameMatrix;
}

template Vector {
 <3d82ab5e-62da-11cf-ab39-0020af71e433>
 FLOAT x;
 FLOAT y;
 FLOAT z;
}

template MeshFace {
 <3d82ab5f-62da-11cf-ab39-0020af71e433>
 DWORD nFaceVertexIndices;
 array DWORD faceVertexIndices[nFaceVertexIndices];
}

template Mesh {
 <3d82ab44-62da-11cf-ab39-0020af71e433>
 DWORD nVertices;
 array Vector vertices[nVertices];
 DWORD nFaces;
 array MeshFace faces[nFaces];
 [...]
}

template MeshNormals {
 <f6f23f43-7686-11cf-8f52-0040333594a3>
 DWORD nNormals;
 array Vector normals[nNormals];
 DWORD nFaceNormals;
 array MeshFace faceNormals[nFaceNormals];
}

template MeshMaterialList {
 <f6f23f42-7686-11cf-8f52-0040333594a3>
 DWORD nMaterials;
 DWORD nFaceIndexes;
 array DWORD faceIndexes[nFaceIndexes];
 [Material <3d82ab4d-62da-11cf-ab39-0020af71e433>]
}

template Coords2d {
 <f6f23f44-7686-11cf-8f52-0040333594a3>
 FLOAT u;
 FLOAT v;
}

template MeshTextureCoords {
 <f6f23f40-7686-11cf-8f52-0040333594a3>
 DWORD nTextureCoords;
 array Coords2d textureCoords[nTextureCoords];
}

template XSkinMeshHeader {
 <3cf169ce-ff7c-44ab-93c0-f78f62d172e2>
 WORD nMaxSkinWeightsPerVertex;
 WORD nMaxSkinWeightsPerFace;
 WORD nBones;
}

template SkinWeights {
 <6f0d123b-bad2-4167-a0d0-80224f25fabb>
 STRING transformNodeName;
 DWORD nWeights;
 array DWORD vertexIndices[nWeights];
 array FLOAT weights[nWeights];
 Matrix4x4 matrixOffset;
}


Material Material__35 {
 1.000000;1.000000;1.000000;1.000000;;
 10.000000;
 0.000000;0.000000;0.000000;;
 0.000000;0.000000;0.000000;;

 TextureFilename {
  "Human_F_L05_Hand_diff.dds";
 }
}

Frame Dummy_root {
 

 FrameTransformMatrix {
  1.000000,0.000000,0.000000,0.000000,0.000000,1.000000,0.000000,0.000000,0.000000,0.000000,1.000000,0.000000,0.000000,23.000000,0.000000,1.000000;;
 }

 Frame FxBottom {
  

  FrameTransformMatrix {
   1.000000,0.000000,0.000000,0.000000,0.000000,1.000000,0.000000,0.000000,-0.000000,0.000000,1.000000,0.000000,0.000000,-23.000000,-0.000000,1.000000;;
  }
 }

 Frame Bip01 {
  

  FrameTransformMatrix {
   1.000000,0.000000,0.000001,0.000000,0.000000,1.000000,0.000000,0.000000,-0.000001,0.000000,1.000000,0.000000,-0.194762,0.659397,0.000000,1.000000;;
  }

  Frame Bip01-Pelvis {
   

   FrameTransformMatrix {
    0.000001,1.000000,-0.000001,0.000000,-0.000001,0.000001,1.000000,0.000000,1.000000,-0.000001,0.000001,0.000000,0.000000,0.000000,0.000000,1.000000;;
   }

   Frame Bip01-Spine {
    

    FrameTransformMatrix {
     0.999030,0.000001,0.044033,0.000000,-0.000001,1.000000,0.000004,0.000000,-0.044033,-0.000004,0.999030,0.000000,2.358109,0.000003,-0.000993,1.000000;;
    }

    Frame Bip01-Spine1 {
     

     FrameTransformMatrix {
      0.998814,0.000000,0.048692,0.000000,-0.000000,1.000000,0.000001,0.000000,-0.048692,-0.000001,0.998814,0.000000,0.209322,0.000000,-0.002767,1.000000;;
     }

     Frame Bip01-Spine2 {
      

      FrameTransformMatrix {
       0.993206,-0.000000,-0.116369,0.000000,0.000000,1.000000,-0.000002,0.000000,0.116369,0.000002,0.993206,0.000000,3.478325,0.000000,-0.001152,1.000000;;
      }

      Frame Bip01-Spine3 {
       

       FrameTransformMatrix {
        0.996890,-0.000000,-0.078796,0.000000,0.000000,1.000000,0.000001,0.000000,0.078797,-0.000001,0.996890,0.000000,1.456833,0.000000,-0.004309,1.000000;;
       }

       Frame Bip01-Neck {
        

        FrameTransformMatrix {
         0.976813,0.000001,0.214095,0.000000,-0.000001,1.000000,-0.000000,0.000000,-0.214095,-0.000000,0.976813,0.000000,5.539909,0.000000,-0.690872,1.000000;;
        }

        Frame Bip01-Head {
         

         FrameTransformMatrix {
          0.999958,-0.000000,-0.009206,0.000000,0.000000,1.000000,-0.000000,0.000000,0.009206,0.000000,0.999958,0.000000,2.474251,-0.000000,0.000001,1.000000;;
         }

         Frame Bip01-HeadNub {
          

          FrameTransformMatrix {
           1.000000,-0.000000,0.000000,0.000000,0.000000,1.000000,0.000001,0.000000,-0.000000,-0.000001,1.000000,0.000000,4.628929,-0.000000,-0.000000,1.000000;;
          }
         }

         Frame FxTop {
          

          FrameTransformMatrix {
           0.103621,0.000001,0.994617,0.000000,0.994617,-0.000000,-0.103621,0.000000,0.000000,1.000000,-0.000001,0.000000,4.500027,-0.000004,0.000000,1.000000;;
          }
         }
        }

        Frame Bip01-L-Clavicle {
         

         FrameTransformMatrix {
          -0.249952,0.966696,0.054990,0.000000,0.944116,0.255930,-0.207716,0.000000,-0.214872,-0.000003,-0.976643,0.000000,-0.753029,0.957158,0.028459,1.000000;;
         }

         Frame Bip01-L-UpperArm {
          

          FrameTransformMatrix {
           0.798871,-0.594050,0.094383,0.000000,0.578815,0.801906,0.148056,0.000000,-0.163639,-0.063647,0.984465,0.000000,2.305936,-0.000008,0.000001,1.000000;;
          }

          Frame Bip01-L-Forearm {
           

           FrameTransformMatrix {
            0.930629,0.000000,-0.365965,0.000000,0.000000,1.000000,0.000000,0.000000,0.365965,-0.000000,0.930629,0.000000,6.131235,0.000000,0.000001,1.000000;;
           }

           Frame Bip01-L-Hand {
            

            FrameTransformMatrix {
             0.989065,-0.040580,0.141786,0.000000,-0.144470,-0.073386,0.986784,0.000000,-0.029638,-0.996478,-0.078446,0.000000,6.144241,0.000000,-0.000002,1.000000;;
            }

            Frame Bip01-L-Finger0 {
             

             FrameTransformMatrix {
              0.722825,-0.531683,0.441403,0.000000,0.371542,-0.239557,-0.896978,0.000000,0.582649,0.812358,0.024384,0.000000,0.431652,-0.683448,0.267921,1.000000;;
             }

             Frame Bip01-L-Finger01 {
              

              FrameTransformMatrix {
               0.985853,0.000000,0.167616,0.000000,-0.000000,1.000000,0.000000,0.000000,-0.167616,-0.000000,0.985853,0.000000,1.065219,0.000000,-0.000002,1.000000;;
              }

              Frame Bip01-L-Finger02 {
               

               FrameTransformMatrix {
                0.950837,0.000000,0.309691,0.000000,-0.000000,1.000000,-0.000001,0.000000,-0.309691,0.000000,0.950837,0.000000,0.739170,0.000000,-0.000002,1.000000;;
               }

               Frame Bip01-L-Finger0Nub {
                

                FrameTransformMatrix {
                 1.000000,-0.000000,0.000000,0.000000,0.000000,1.000000,0.000000,0.000000,-0.000000,-0.000000,1.000000,0.000000,0.862503,0.000000,0.000002,1.000000;;
                }
               }
              }
             }
            }

            Frame Bip01-L-Finger1 {
             

             FrameTransformMatrix {
              0.890676,0.007232,0.454582,0.000000,0.005919,0.999604,-0.027501,0.000000,-0.454601,0.027185,0.890280,0.000000,2.096301,-0.862209,-0.077709,1.000000;;
             }

             Frame Bip01-L-Finger11 {
              

              FrameTransformMatrix {
               0.877627,-0.000000,0.479344,0.000000,0.000001,1.000000,-0.000000,0.000000,-0.479344,0.000000,0.877627,0.000000,1.331194,0.000003,0.000000,1.000000;;
              }

              Frame Bip01-L-Finger12 {
               

               FrameTransformMatrix {
                0.932921,-0.000000,0.360082,0.000000,-0.000000,1.000000,0.000001,0.000000,-0.360082,-0.000001,0.932921,0.000000,0.723099,0.000000,0.000001,1.000000;;
               }

               Frame Bip01-L-Finger1Nub {
                

                FrameTransformMatrix {
                 1.000000,0.000000,-0.000000,0.000000,0.000000,1.000000,-0.000001,0.000000,0.000000,0.000001,1.000000,0.000000,0.679663,-0.000001,0.000003,1.000000;;
                }
               }
              }
             }
            }

            Frame Bip01-L-Finger2 {
             

             FrameTransformMatrix {
              0.882744,0.035112,0.468539,0.000000,-0.013270,0.998669,-0.049838,0.000000,-0.469665,0.037776,0.882036,0.000000,2.179709,-0.283318,-0.116974,1.000000;;
             }

             Frame Bip01-L-Finger21 {
              

              FrameTransformMatrix {
               0.795542,0.000000,0.605899,0.000000,-0.000000,1.000000,0.000000,0.000000,-0.605899,0.000000,0.795542,0.000000,1.406767,0.000000,0.000000,1.000000;;
              }

              Frame Bip01-L-Finger22 {
               

               FrameTransformMatrix {
                0.981121,-0.000000,0.193399,0.000000,0.000000,1.000000,0.000000,0.000000,-0.193398,-0.000000,0.981121,0.000000,0.840511,0.000003,-0.000001,1.000000;;
               }

               Frame Bip01-L-Finger2Nub {
                

                FrameTransformMatrix {
                 1.000000,-0.000000,0.000000,0.000000,-0.000000,1.000000,-0.000000,0.000000,-0.000000,0.000000,1.000000,0.000000,0.664879,-0.000001,0.000000,1.000000;;
                }
               }
              }
             }
            }

            Frame Bip01-L-Finger3 {
             

             FrameTransformMatrix {
              0.896787,0.157211,0.413592,0.000000,-0.134986,0.987396,-0.082634,0.000000,-0.421369,0.018276,0.906705,0.000000,2.073346,0.186407,-0.130486,1.000000;;
             }

             Frame Bip01-L-Finger31 {
              

              FrameTransformMatrix {
               0.760569,-0.000000,0.649258,0.000000,0.000000,1.000000,0.000000,0.000000,-0.649258,-0.000000,0.760569,0.000000,1.365461,0.000000,-0.000002,1.000000;;
              }

              Frame Bip01-L-Finger32 {
               

               FrameTransformMatrix {
                0.978941,0.000000,0.204142,0.000000,0.000000,1.000000,-0.000000,0.000000,-0.204143,0.000000,0.978941,0.000000,0.768665,0.000001,0.000004,1.000000;;
               }

               Frame Bip01-L-Finger3Nub {
                

                FrameTransformMatrix {
                 1.000000,-0.000000,-0.000000,0.000000,0.000000,1.000000,-0.000000,0.000000,0.000000,0.000000,1.000000,0.000000,0.649351,-0.000000,0.000003,1.000000;;
                }
               }
              }
             }
            }

            Frame Bip01-L-Finger4 {
             

             FrameTransformMatrix {
              0.885085,0.251359,0.391718,0.000000,-0.224522,0.967811,-0.113722,0.000000,-0.407694,0.012705,0.913030,0.000000,1.882340,0.690607,0.070721,1.000000;;
             }

             Frame Bip01-L-Finger41 {
              

              FrameTransformMatrix {
               0.785957,0.000000,0.618281,0.000000,0.000000,1.000000,-0.000001,0.000000,-0.618281,0.000001,0.785957,0.000000,1.108316,0.000000,-0.000002,1.000000;;
              }

              Frame Bip01-L-Finger42 {
               

               FrameTransformMatrix {
                0.944871,-0.000001,0.327444,0.000000,0.000001,1.000000,0.000001,0.000000,-0.327444,-0.000000,0.944871,0.000000,0.520338,-0.000001,0.000000,1.000000;;
               }

               Frame Bip01-L-Finger4Nub {
                

                FrameTransformMatrix {
                 1.000000,0.000000,-0.000000,0.000000,-0.000000,1.000000,0.000000,0.000000,0.000000,0.000000,1.000000,0.000000,0.515343,-0.000000,0.000001,1.000000;;
                }
               }
              }
             }
            }

            Frame FxHand00 {
             

             FrameTransformMatrix {
              0.220347,-0.936490,0.272824,0.000000,-0.759401,-0.340240,-0.554568,0.000000,0.612173,-0.084986,-0.786143,0.000000,1.499999,0.499997,2.000000,1.000000;;
             }
            }

            Frame L_Sword {
             

             FrameTransformMatrix {
              0.976767,0.039081,-0.210712,0.000000,0.070767,-0.986898,0.145000,0.000000,-0.202285,-0.156543,-0.966734,0.000000,-0.000001,0.000000,0.000000,1.000000;;
             }
            }
           }

           Frame L_Elbow {
            

            FrameTransformMatrix {
             0.982504,-0.000000,0.186241,0.000000,-0.000000,1.000000,-0.000000,0.000000,-0.186241,0.000000,0.982504,0.000000,0.000002,-0.000002,0.000000,1.000000;;
            }
           }

           Frame L_Shield {
            

            FrameTransformMatrix {
             1.000000,-0.000000,-0.000000,0.000000,0.000000,1.000000,-0.000000,0.000000,0.000000,0.000000,1.000000,0.000000,2.500005,2.500000,-0.000001,1.000000;;
            }
           }

           Frame Bip01-L-ForeTwist {
            

            FrameTransformMatrix {
             1.000000,0.000000,-0.000000,0.000000,-0.000000,0.999311,0.037108,0.000000,0.000000,-0.037108,0.999311,0.000000,0.000000,-0.000002,-0.000002,1.000000;;
            }
           }
          }

          Frame L_Shoulder {
           

           FrameTransformMatrix {
            0.948343,0.307755,-0.077028,0.000000,-0.311669,0.949122,-0.045063,0.000000,0.059241,0.066743,0.996010,0.000000,0.000000,0.000000,0.000000,1.000000;;
           }
          }

          Frame L_Shoulder_Twist {
           

           FrameTransformMatrix {
            1.000000,0.000000,0.000000,0.000000,-0.000000,1.000000,-0.000000,0.000000,-0.000000,0.000000,1.000000,0.000000,0.000000,0.000000,-0.000000,1.000000;;
           }
          }
         }
        }

        Frame Bip01-R-Clavicle {
         

         FrameTransformMatrix {
          -0.249953,-0.966695,0.054995,0.000000,-0.944116,0.255931,0.207715,0.000000,-0.214872,-0.000003,-0.976642,0.000000,-0.753029,-0.957160,0.028463,1.000000;;
         }

         Frame Bip01-R-UpperArm {
          

          FrameTransformMatrix {
           0.798872,0.594050,0.094384,0.000000,-0.578814,0.801906,-0.148056,0.000000,-0.163640,0.063647,0.984465,0.000000,2.305938,0.000015,0.000002,1.000000;;
          }

          Frame Bip01-R-Forearm {
           

           FrameTransformMatrix {
            0.930628,-0.000000,-0.365965,0.000000,-0.000000,1.000000,0.000000,0.000000,0.365965,-0.000000,0.930629,0.000000,6.131230,-0.000004,0.000001,1.000000;;
           }

           Frame Bip01-R-Hand {
            

            FrameTransformMatrix {
             0.989065,0.040580,0.141786,0.000000,0.144470,-0.073387,-0.986784,0.000000,-0.029638,0.996478,-0.078447,0.000000,6.144238,-0.000002,-0.000001,1.000000;;
            }

            Frame Bip01-R-Finger0 {
             

             FrameTransformMatrix {
              0.722825,0.531683,0.441402,0.000000,-0.371541,-0.239557,0.896978,0.000000,0.582649,-0.812358,0.024384,0.000000,0.431655,0.683448,0.267912,1.000000;;
             }

             Frame Bip01-R-Finger01 {
              

              FrameTransformMatrix {
               0.985852,0.000000,0.167616,0.000000,-0.000000,1.000000,0.000000,0.000000,-0.167616,-0.000000,0.985852,0.000000,1.065220,0.000006,-0.000002,1.000000;;
              }

              Frame Bip01-R-Finger02 {
               

               FrameTransformMatrix {
                0.950837,-0.000000,0.309691,0.000000,0.000000,1.000000,-0.000001,0.000000,-0.309691,0.000001,0.950837,0.000000,0.739167,0.000000,-0.000002,1.000000;;
               }

               Frame Bip01-R-Finger0Nub {
                

                FrameTransformMatrix {
                 -1.000000,0.000000,0.000000,0.000000,0.000000,1.000000,-0.000000,0.000000,-0.000000,-0.000000,-1.000000,0.000000,0.862503,0.000000,0.000000,1.000000;;
                }
               }
              }
             }
            }

            Frame Bip01-R-Finger1 {
             

             FrameTransformMatrix {
              0.890675,-0.007232,0.454582,0.000000,-0.005919,0.999604,0.027501,0.000000,-0.454601,-0.027185,0.890280,0.000000,2.096303,0.862210,-0.077713,1.000000;;
             }

             Frame Bip01-R-Finger11 {
              

              FrameTransformMatrix {
               0.877628,0.000000,0.479344,0.000000,0.000000,1.000000,-0.000000,0.000000,-0.479344,0.000001,0.877627,0.000000,1.331190,-0.000001,0.000000,1.000000;;
              }

              Frame Bip01-R-Finger12 {
               

               FrameTransformMatrix {
                0.932921,-0.000000,0.360082,0.000000,0.000000,1.000000,-0.000000,0.000000,-0.360082,0.000000,0.932921,0.000000,0.723101,0.000002,-0.000001,1.000000;;
               }

               Frame Bip01-R-Finger1Nub {
                

                FrameTransformMatrix {
                 -1.000000,0.000000,0.000000,0.000000,0.000000,1.000000,0.000000,0.000000,-0.000000,0.000000,-1.000000,0.000000,0.679668,-0.000003,-0.000001,1.000000;;
                }
               }
              }
             }
            }

            Frame Bip01-R-Finger2 {
             

             FrameTransformMatrix {
              0.882745,-0.035112,0.468539,0.000000,0.013271,0.998669,0.049837,0.000000,-0.469665,-0.037775,0.882036,0.000000,2.179713,0.283319,-0.116974,1.000000;;
             }

             Frame Bip01-R-Finger21 {
              

              FrameTransformMatrix {
               0.795542,-0.000000,0.605898,0.000000,0.000000,1.000000,0.000000,0.000000,-0.605899,-0.000000,0.795542,0.000000,1.406757,-0.000001,0.000000,1.000000;;
              }

              Frame Bip01-R-Finger22 {
               

               FrameTransformMatrix {
                0.981120,-0.000000,0.193399,0.000000,0.000000,1.000000,0.000000,0.000000,-0.193399,-0.000000,0.981120,0.000000,0.840508,-0.000003,-0.000002,1.000000;;
               }

               Frame Bip01-R-Finger2Nub {
                

                FrameTransformMatrix {
                 -1.000000,-0.000000,0.000000,0.000000,0.000000,1.000000,-0.000000,0.000000,-0.000000,-0.000000,-1.000000,0.000000,0.664875,0.000001,0.000001,1.000000;;
                }
               }
              }
             }
            }

            Frame Bip01-R-Finger3 {
             

             FrameTransformMatrix {
              0.896787,-0.157212,0.413591,0.000000,0.134986,0.987396,0.082634,0.000000,-0.421369,-0.018276,0.906705,0.000000,2.073345,-0.186408,-0.130487,1.000000;;
             }

             Frame Bip01-R-Finger31 {
              

              FrameTransformMatrix {
               0.760569,0.000000,0.649258,0.000000,-0.000000,1.000000,-0.000000,0.000000,-0.649258,0.000000,0.760569,0.000000,1.365458,0.000000,0.000002,1.000000;;
              }

              Frame Bip01-R-Finger32 {
               

               FrameTransformMatrix {
                0.978941,-0.000000,0.204143,0.000000,0.000000,1.000000,-0.000000,0.000000,-0.204143,0.000000,0.978941,0.000000,0.768669,0.000000,0.000001,1.000000;;
               }

               Frame Bip01-R-Finger3Nub {
                

                FrameTransformMatrix {
                 -1.000000,-0.000000,0.000000,0.000000,-0.000000,1.000000,-0.000000,0.000000,-0.000000,-0.000000,-1.000000,0.000000,0.649357,0.000000,0.000001,1.000000;;
                }
               }
              }
             }
            }

            Frame Bip01-R-Finger4 {
             

             FrameTransformMatrix {
              0.885085,-0.251359,0.391718,0.000000,0.224522,0.967810,0.113722,0.000000,-0.407693,-0.012705,0.913030,0.000000,1.882344,-0.690606,0.070721,1.000000;;
             }

             Frame Bip01-R-Finger41 {
              

              FrameTransformMatrix {
               0.785957,-0.000000,0.618281,0.000000,0.000000,1.000001,0.000000,0.000000,-0.618281,0.000000,0.785957,0.000000,1.108320,0.000000,-0.000004,1.000000;;
              }

              Frame Bip01-R-Finger42 {
               

               FrameTransformMatrix {
                0.944871,0.000000,0.327444,0.000000,-0.000000,1.000000,-0.000000,0.000000,-0.327444,0.000000,0.944871,0.000000,0.520340,0.000000,0.000003,1.000000;;
               }

               Frame Bip01-R-Finger4Nub {
                

                FrameTransformMatrix {
                 -1.000000,0.000000,-0.000000,0.000000,0.000000,1.000000,-0.000000,0.000000,0.000000,-0.000000,-1.000000,0.000000,0.515339,0.000000,-0.000001,1.000000;;
                }
               }
              }
             }
            }

            Frame FxHand01 {
             

             FrameTransformMatrix {
              0.220350,0.936490,0.272822,0.000000,-0.759401,0.340241,-0.554568,0.000000,-0.612173,-0.084982,0.786144,0.000000,1.500001,-0.499997,1.999996,1.000000;;
             }
            }

            Frame R_Sword {
             

             FrameTransformMatrix {
              0.976767,-0.039081,-0.210713,0.000000,0.070766,0.986898,0.145000,0.000000,0.202285,-0.156542,0.966734,0.000000,0.000001,0.000002,-0.000002,1.000000;;
             }
            }
           }

           Frame R_Elbow {
            

            FrameTransformMatrix {
             0.982504,0.000000,0.186241,0.000000,0.000000,1.000000,0.000000,0.000000,-0.186241,-0.000000,0.982504,0.000000,0.000000,0.000000,0.000000,1.000000;;
            }
           }

           Frame Bip01-R-ForeTwist {
            

            FrameTransformMatrix {
             1.000000,0.000000,-0.000000,0.000000,0.000000,0.999311,-0.037108,0.000000,0.000000,0.037108,0.999311,0.000000,0.000000,0.000000,0.000000,1.000000;;
            }
           }
          }

          Frame R_Shoulder {
           

           FrameTransformMatrix {
            0.948342,-0.307756,-0.077029,0.000000,0.311669,0.949122,0.045063,0.000000,0.059241,-0.066743,0.996010,0.000000,-0.000004,-0.000004,0.000000,1.000000;;
           }
          }

          Frame R_Shoulder_Twist {
           

           FrameTransformMatrix {
            1.000000,-0.000000,-0.000000,0.000000,-0.000000,1.000000,0.000000,0.000000,0.000000,-0.000000,1.000000,0.000000,-0.000004,-0.000004,0.000000,1.000000;;
           }
          }
         }
        }
       }

       Frame R_Breast {
        

        FrameTransformMatrix {
         0.063560,0.329543,-0.941999,0.000000,-0.003088,0.943968,0.330023,0.000000,0.997973,-0.018067,0.061016,0.000000,1.272751,-1.452000,1.209911,1.000000;;
        }
       }

       Frame L_Breast {
        

        FrameTransformMatrix {
         -0.063560,0.329545,0.941998,0.000000,0.003087,0.943967,-0.330025,0.000000,-0.997973,-0.018068,-0.061016,0.000000,1.272759,1.451767,1.209908,1.000000;;
        }
       }

       Frame L_spine3 {
        

        FrameTransformMatrix {
         0.980445,0.043404,-0.191946,0.000000,0.044220,-0.999022,-0.000032,0.000000,-0.191759,-0.008456,-0.981406,0.000000,2.104034,3.093147,-0.411915,1.000000;;
        }
       }

       Frame R_spine3 {
        

        FrameTransformMatrix {
         0.980446,-0.043406,-0.191942,0.000000,-0.044221,-0.999022,0.000038,0.000000,-0.191756,0.008451,-0.981406,0.000000,2.104046,-3.093148,-0.411907,1.000000;;
        }
       }
      }

      Frame FxCenter {
       

       FrameTransformMatrix {
        -0.023870,0.000000,0.999715,0.000000,0.999715,0.000000,0.023870,0.000000,-0.000000,1.000000,-0.000000,0.000000,1.000006,-0.000002,0.000000,1.000000;;
       }
      }

      Frame Weapon_Back {
       

       FrameTransformMatrix {
        -0.999294,-0.000000,-0.037550,0.000000,0.000000,-0.999999,0.000000,0.000000,-0.037550,0.000000,0.999294,0.000000,4.711468,-0.000002,-2.809569,1.000000;;
       }
      }
     }
    }

    Frame Bip01-L-Thigh {
     

     FrameTransformMatrix {
      -0.997343,0.010238,0.072129,0.000000,-0.003067,-0.995100,0.098825,0.000000,0.072788,0.098342,0.992487,0.000000,-2.355776,2.566188,0.104821,1.000000;;
     }

     Frame Bip01-L-Calf {
      

      FrameTransformMatrix {
       0.989800,0.000000,-0.142458,0.000000,0.000000,1.000000,0.000002,0.000000,0.142458,-0.000002,0.989801,0.000000,10.047706,-0.000000,0.000001,1.000000;;
      }

      Frame Bip01-L-Foot {
       

       FrameTransformMatrix {
        0.993368,0.006533,0.114794,0.000000,-0.007678,0.999925,0.009533,0.000000,-0.114724,-0.010351,0.993344,0.000000,10.474947,0.000000,0.000001,1.000000;;
       }

       Frame Bip01-L-Toe0 {
        

        FrameTransformMatrix {
         0.005122,-0.000005,0.999987,0.000000,-0.000000,1.000000,0.000005,0.000000,-0.999987,0.000000,0.005122,0.000000,3.213933,-0.000010,1.930074,1.000000;;
        }

        Frame Bip01-L-Toe0Nub {
         

         FrameTransformMatrix {
          -1.000000,-0.000000,0.000000,0.000000,-0.000000,1.000000,0.000000,0.000000,-0.000000,0.000000,-1.000000,0.000000,1.879583,0.000001,0.000000,1.000000;;
         }
        }
       }
      }

      Frame L_Knee {
       

       FrameTransformMatrix {
        0.997447,0.000000,0.071411,0.000000,0.000000,1.000000,0.000001,0.000000,-0.071411,-0.000001,0.997447,0.000000,0.000000,0.000000,0.000000,1.000000;;
       }
      }

      Frame Bip01-LCalfTwist {
       

       FrameTransformMatrix {
        1.000000,-0.000000,-0.000000,0.000000,-0.000000,0.999988,0.004769,0.000000,0.000000,-0.004769,0.999989,0.000000,0.000000,0.000000,0.000000,1.000000;;
       }
      }
     }

     Frame L_Thigh {
      

      FrameTransformMatrix {
       1.000000,0.000000,0.000000,0.000000,-0.000000,1.000000,0.000000,0.000000,-0.000000,-0.000000,1.000000,0.000000,0.000000,-0.000000,0.000000,1.000000;;
      }
     }
    }

    Frame Bip01-R-Thigh {
     

     FrameTransformMatrix {
      -0.997343,-0.010238,0.072129,0.000000,0.003068,-0.995101,-0.098818,0.000000,0.072788,-0.098335,0.992488,0.000000,-2.355778,-2.566190,0.104833,1.000000;;
     }

     Frame Bip01-R-Calf {
      

      FrameTransformMatrix {
       0.989801,-0.000001,-0.142458,0.000000,0.000000,1.000000,-0.000003,0.000000,0.142458,0.000003,0.989801,0.000000,10.047709,-0.000001,-0.000000,1.000000;;
      }

      Frame Bip01-R-Foot {
       

       FrameTransformMatrix {
        0.993368,-0.006533,0.114794,0.000000,0.007676,0.999925,-0.009520,0.000000,-0.114724,0.010338,0.993344,0.000000,10.474940,-0.000001,0.000001,1.000000;;
       }

       Frame Bip01-R-Toe0 {
        

        FrameTransformMatrix {
         0.005122,0.000019,0.999987,0.000000,-0.000000,1.000000,-0.000019,0.000000,-0.999987,-0.000000,0.005122,0.000000,3.213933,0.000037,1.930074,1.000000;;
        }

        Frame Bip01-R-Toe0Nub {
         

         FrameTransformMatrix {
          1.000000,-0.000000,-0.000000,0.000000,0.000000,1.000000,-0.000000,0.000000,0.000000,0.000000,1.000000,0.000000,1.879583,-0.000001,0.000000,1.000000;;
         }
        }
       }
      }

      Frame R_Knee {
       

       FrameTransformMatrix {
        0.997447,0.000000,0.071411,0.000000,0.000000,1.000000,-0.000001,0.000000,-0.071411,0.000001,0.997447,0.000000,-0.000001,-0.000000,0.000000,1.000000;;
       }
      }

      Frame Bip01-RCalfTwist {
       

       FrameTransformMatrix {
        1.000000,-0.000000,0.000000,0.000000,0.000000,0.999989,-0.004770,0.000000,-0.000000,0.004770,0.999989,0.000000,-0.000002,-0.000000,-0.000000,1.000000;;
       }
      }
     }

     Frame R_Thigh {
      

      FrameTransformMatrix {
       1.000000,-0.000000,-0.000000,0.000000,0.000000,1.000000,-0.000003,0.000000,-0.000000,0.000003,1.000000,0.000000,0.000000,-0.000001,0.000000,1.000000;;
      }
     }
    }

    Frame Skirt_Dummy {
     

     FrameTransformMatrix {
      -1.000000,0.000002,0.000797,0.000000,-0.000002,-1.000000,-0.000001,0.000000,0.000797,-0.000001,1.000000,0.000000,-0.033834,-0.000002,-0.263520,1.000000;;
     }
    }
   }
  }
 }
}

Frame Human_F_L05_Hand_Skel {
 

 FrameTransformMatrix {
  1.000000,0.000000,0.000000,0.000000,0.000000,1.000000,0.000000,0.000000,0.000000,0.000000,1.000000,0.000000,0.000000,0.000000,0.000000,1.000000;;
 }

 Mesh Human_F_L05_Hand_Skel {
  1672;
  1.807996;24.763571;-12.654615;,
  1.952283;24.522211;-12.573900;,
  1.912307;24.523395;-12.550289;,
  2.501030;25.937187;-10.594934;,
  2.392413;25.212189;-10.225892;,
  2.793146;25.766643;-10.610652;,
  2.044227;25.651749;-10.289594;,
  1.208283;24.924410;-10.319578;,
  1.073773;25.416050;-10.329241;,
  0.570706;25.063827;-10.751986;,
  1.672331;25.932998;-10.227725;,
  2.081686;26.213352;-10.491254;,
  2.085798;26.455414;-10.908917;,
  2.489119;26.175523;-11.113874;,
  2.834453;25.896523;-11.221415;,
  2.240605;26.133562;-11.463853;,
  2.580766;25.822637;-11.628050;,
  1.820720;26.555134;-11.259671;,
  2.095492;26.043531;-11.808011;,
  1.812880;26.408054;-11.245732;,
  2.107384;25.964098;-11.706004;,
  2.149397;26.095648;-11.464782;,
  2.547292;25.691523;-11.660230;,
  2.829401;25.766542;-11.218550;,
  2.803651;25.648891;-10.670278;,
  1.693455;26.077789;-12.021100;,
  1.476442;26.611168;-11.558922;,
  2.497627;25.398064;-12.276146;,
  1.909945;25.574171;-12.497974;,
  2.216547;25.035549;-13.154992;,
  1.022425;25.111616;-13.240521;,
  0.949784;25.562246;-12.512826;,
  0.221150;24.859251;-12.740514;,
  0.264965;25.331934;-12.263290;,
  -0.293210;24.572174;-11.929366;,
  2.889673;24.657182;-12.742321;,
  1.036478;24.981493;-13.242540;,
  0.273499;24.741021;-12.736397;,
  2.184726;24.907912;-13.163342;,
  2.920388;24.514173;-12.706586;,
  2.508823;25.321181;-12.166220;,
  0.039723;25.756344;-10.729460;,
  -0.238736;26.167882;-10.815261;,
  -0.129193;25.832515;-11.053770;,
  0.128486;25.538851;-10.857654;,
  -0.100817;25.337640;-11.316333;,
  0.025975;25.306347;-11.286702;,
  -0.047620;24.962573;-11.554919;,
  -0.132014;25.003646;-11.624706;,
  -0.238991;24.436659;-11.878902;,
  0.233581;25.712643;-11.889598;,
  0.147457;26.115458;-11.542414;,
  0.889487;25.965834;-12.109308;,
  0.752612;26.480797;-11.746534;,
  1.282178;27.001190;-11.164320;,
  0.581530;26.839886;-11.416469;,
  0.026550;26.524602;-11.224371;,
  -0.249004;27.121830;-10.723562;,
  -0.463552;26.747710;-10.333853;,
  -0.828699;28.260346;-9.935341;,
  -1.174346;27.687053;-9.331926;,
  -1.050680;27.414630;-9.041400;,
  -0.113964;28.615501;-10.220320;,
  1.342665;27.225651;-10.162452;,
  1.075852;28.440669;-9.678278;,
  1.135486;28.120547;-9.368883;,
  1.265588;27.433984;-10.430397;,
  0.762052;28.649280;-9.993546;,
  1.030138;27.554986;-10.716778;,
  0.319806;27.448605;-10.903746;,
  1.341663;27.005446;-9.943216;,
  1.132549;27.893699;-9.135582;,
  1.132399;26.723968;-9.749414;,
  1.043487;28.900688;-8.608461;,
  0.963944;29.300678;-8.995216;,
  0.566772;29.622918;-9.407901;,
  -0.485227;29.601773;-9.677672;,
  1.044747;28.616314;-8.335219;,
  0.867968;27.491693;-8.751588;,
  0.735998;28.157117;-7.952621;,
  0.866711;28.988627;-7.848006;,
  1.017155;29.941235;-7.575580;,
  0.944924;30.382163;-8.295666;,
  0.405065;30.582525;-8.841446;,
  0.584731;29.166966;-6.879155;,
  0.836762;30.423053;-8.223220;,
  0.898629;29.983216;-7.504052;,
  0.778538;29.099875;-7.782133;,
  0.504724;29.301968;-6.891294;,
  -2.363007;28.822576;-8.235558;,
  -2.149859;28.532512;-7.770646;,
  -2.339308;28.913910;-8.135891;,
  -1.879851;29.896333;-9.090736;,
  -1.864974;29.956838;-8.970965;,
  -0.860026;30.528739;-9.384036;,
  -0.874144;30.566909;-9.253630;,
  0.322741;30.597155;-8.739107;,
  -1.271331;29.088682;-9.436966;,
  -1.674110;28.337635;-8.685364;,
  -2.168887;28.421622;-7.852033;,
  -1.650750;28.277738;-7.412673;,
  -1.532186;28.060080;-8.238230;,
  -1.656028;28.147843;-7.456729;,
  -0.598623;28.324755;-7.166538;,
  -0.654618;28.198880;-7.199558;,
  -0.445590;28.010861;-7.771507;,
  -1.224936;27.889293;-8.009185;,
  -0.532368;27.907296;-7.749983;,
  -0.185229;27.278947;-8.581126;,
  -0.726669;27.354650;-8.820335;,
  -0.339727;26.575771;-10.052231;,
  -0.078562;26.048954;-10.513823;,
  0.018411;26.498173;-9.844391;,
  0.229625;25.991530;-10.295645;,
  0.331626;25.761646;-10.503474;,
  0.322081;25.484365;-10.693634;,
  0.222202;25.483296;-10.957342;,
  0.379390;25.447030;-10.836589;,
  -0.559498;27.141059;-8.654877;,
  0.584237;26.468874;-9.605522;,
  0.307031;27.204451;-8.596958;,
  0.062818;27.783216;-7.737927;,
  -1.009511;27.588438;-7.658864;,
  -0.223467;28.438813;-6.632256;,
  -1.458391;27.822387;-6.627866;,
  -0.298903;28.548262;-6.626482;,
  -1.601465;27.908566;-6.604936;,
  -1.099285;27.662451;-7.716509;,
  -0.633721;27.223050;-8.727874;,
  0.018411;26.498173;-9.844391;,
  0.796204;26.058878;-10.020029;,
  1.395182;26.346264;-10.026764;,
  0.918344;25.747445;-10.191538;,
  0.229625;25.991530;-10.295645;,
  0.331626;25.761646;-10.503474;,
  0.322081;25.484365;-10.693634;,
  1.594781;26.623195;-10.286390;,
  1.619929;26.797850;-10.517836;,
  1.552262;26.947715;-10.846574;,
  -1.004593;28.194131;8.113793;,
  -1.279268;28.597683;8.441934;,
  -0.988000;28.355309;8.086126;,
  -1.333001;28.483395;8.549010;,
  -0.853618;29.016547;9.019447;,
  -0.893708;28.946515;9.161469;,
  -0.327934;29.244003;9.204981;,
  -0.320521;29.213107;9.365859;,
  0.125839;29.225846;9.156140;,
  0.202348;29.206422;9.299516;,
  0.481482;29.045338;8.791491;,
  0.599991;28.999168;8.894302;,
  0.521885;28.787530;8.375454;,
  -0.523414;28.075546;9.653373;,
  -0.049383;28.355117;9.900101;,
  0.387530;28.389917;9.845414;,
  0.669355;28.202570;9.546950;,
  0.691814;27.983078;9.223168;,
  0.643774;28.692000;8.430470;,
  0.198039;27.495005;8.829532;,
  -0.051434;28.104960;7.875461;,
  -0.116153;28.254381;7.852756;,
  -0.988000;28.355309;8.086126;,
  -1.004593;28.194131;8.113793;,
  -0.521071;27.448771;8.930773;,
  0.648909;26.731203;9.869227;,
  1.047207;27.090672;10.100868;,
  0.071593;26.606885;9.976430;,
  0.376296;26.092848;10.444078;,
  0.987751;25.984403;10.659221;,
  0.411764;25.745866;10.720306;,
  0.811988;26.196624;10.366539;,
  1.154385;26.334507;10.329694;,
  1.343838;26.608098;10.559991;,
  1.339322;26.087138;10.504223;,
  1.485684;26.402118;10.700150;,
  1.489267;25.943643;10.559443;,
  1.031338;27.265706;10.327493;,
  1.315518;26.762240;10.836846;,
  0.829068;27.372858;10.607677;,
  1.710590;26.253731;10.711011;,
  1.972009;26.084453;10.743810;,
  1.660344;26.436957;11.127540;,
  1.476163;26.547200;10.978409;,
  1.112301;26.826056;11.040091;,
  0.375544;27.317498;10.698741;,
  0.623511;26.697514;11.216119;,
  -0.048827;27.067997;10.594049;,
  1.235562;26.604376;11.204886;,
  1.812715;25.713264;10.590275;,
  2.200052;25.502667;10.677376;,
  0.739838;26.432373;11.388969;,
  1.393833;26.394294;11.446953;,
  0.164043;26.486698;11.166313;,
  -0.232352;26.836029;10.299607;,
  -0.785509;27.776845;9.299498;,
  0.071593;26.606885;9.976430;,
  -0.521071;27.448771;8.930773;,
  1.131887;25.511366;12.132202;,
  0.286419;25.990048;11.500890;,
  0.479860;25.314394;11.924699;,
  0.861235;26.190403;11.622496;,
  1.670969;25.721018;12.057913;,
  0.220198;26.263462;11.307061;,
  -0.001298;26.246523;10.892143;,
  0.105555;25.993664;11.060782;,
  0.375403;24.714546;12.078934;,
  0.235548;25.172930;11.596414;,
  0.125287;25.739662;11.222165;,
  0.376296;26.092848;10.444078;,
  0.411764;25.745866;10.720306;,
  0.384897;25.494299;10.908935;,
  0.420837;24.956570;11.273002;,
  0.362778;24.579483;11.760666;,
  0.416909;24.489014;12.253143;,
  0.398081;24.391514;11.910874;,
  0.505130;24.496157;11.588627;,
  0.533586;24.305443;11.742110;,
  0.482193;24.235554;12.285758;,
  0.440015;24.182194;12.041213;,
  0.539394;24.125981;11.859694;,
  0.541076;23.941803;12.311266;,
  0.471092;23.918890;12.116193;,
  0.566702;23.918866;11.955498;,
  0.504414;23.629640;12.184114;,
  0.590976;23.653898;12.023771;,
  0.519313;23.451080;12.199311;,
  0.604388;23.504646;12.045597;,
  0.553897;23.306048;12.142113;,
  0.623917;23.393787;12.003292;,
  0.663502;24.270542;12.376679;,
  0.724337;23.971662;12.376028;,
  0.783578;23.647611;12.408376;,
  0.594884;23.145269;12.037894;,
  0.675085;22.908326;12.086081;,
  0.673877;23.076266;12.175589;,
  0.641484;23.249192;12.290030;,
  0.610410;23.420341;12.371692;,
  0.587814;23.630091;12.362317;,
  0.861296;23.047088;12.209428;,
  0.787983;22.871627;12.132819;,
  0.835691;23.261114;12.332233;,
  0.811931;23.431587;12.417769;,
  0.958188;23.328160;12.220407;,
  0.974558;23.158323;12.113910;,
  0.944581;23.474128;12.284746;,
  0.928824;23.661907;12.283055;,
  0.891830;23.988165;12.288042;,
  0.835242;24.270957;12.320618;,
  0.823674;24.513802;12.456510;,
  0.884535;24.230619;12.364020;,
  0.611322;24.510018;12.393591;,
  0.588302;24.769373;12.251926;,
  0.896221;24.814656;12.448737;,
  1.158378;24.894195;12.490183;,
  1.601312;25.067298;12.548066;,
  1.912309;24.523395;12.550289;,
  1.876135;24.106019;12.804598;,
  2.010849;24.167779;12.624497;,
  1.764765;24.447674;12.784995;,
  1.509263;24.373533;12.778221;,
  1.412196;24.679178;12.702910;,
  1.311633;24.612994;12.615412;,
  1.647761;24.750646;12.752034;,
  1.807996;24.763570;12.654618;,
  1.637605;24.030246;12.799347;,
  2.018394;23.651043;12.826674;,
  1.380909;24.367170;12.597485;,
  1.384289;24.326379;12.478155;,
  1.265034;24.604328;12.570219;,
  1.145755;24.579342;12.627869;,
  0.917475;24.545926;12.588654;,
  1.449088;23.988202;12.474942;,
  1.371025;23.596579;12.729238;,
  1.511657;23.656019;12.547686;,
  1.298573;23.944616;12.676628;,
  1.229780;24.272285;12.654809;,
  0.978661;24.223734;12.619893;,
  1.070308;23.896622;12.647476;,
  1.553928;23.454019;12.579862;,
  1.134154;23.548405;12.703422;,
  1.427845;23.356430;12.760300;,
  1.593897;23.260150;12.515203;,
  0.974377;23.886941;12.408612;,
  1.031385;23.552957;12.494946;,
  1.174678;23.300792;12.735820;,
  1.474428;23.158618;12.664504;,
  1.559995;22.835290;12.489186;,
  1.658829;22.972750;12.367458;,
  1.715970;22.770627;12.259162;,
  1.644106;22.635426;12.385512;,
  1.675596;22.536730;12.262323;,
  1.488594;22.590942;12.407131;,
  1.528813;22.477726;12.271057;,
  1.377136;22.466237;12.229426;,
  1.564553;22.380462;12.158312;,
  1.700884;22.438414;12.152455;,
  1.500671;22.163235;11.932114;,
  1.634336;22.110635;11.932990;,
  1.734841;22.213552;11.963685;,
  1.770833;22.366451;11.935418;,
  1.765912;22.525123;12.032877;,
  1.737518;22.664509;12.153813;,
  1.722926;22.238285;11.857160;,
  1.421045;22.369696;12.123416;,
  1.426316;22.276381;11.910582;,
  1.528407;22.196160;11.833886;,
  1.348359;22.423667;11.996786;,
  1.295301;22.566371;12.111920;,
  1.339162;22.570072;12.350545;,
  1.317519;22.783021;12.465394;,
  1.231887;23.110357;12.645366;,
  1.066796;23.341286;12.530816;,
  1.261548;22.674461;12.211590;,
  1.211110;22.875984;12.323526;,
  1.121693;23.160050;12.475461;,
  2.207999;24.566074;12.108477;,
  2.446120;24.614448;12.249651;,
  2.252544;24.489934;12.161276;,
  2.518056;24.396181;12.317901;,
  2.318784;24.335403;12.185194;,
  2.140520;24.256958;12.326757;,
  2.070357;24.454472;12.288535;,
  2.071828;24.499483;12.175897;,
  1.967732;24.462507;12.324124;,
  2.629340;24.098491;12.371717;,
  2.693254;23.908514;12.411758;,
  2.429143;24.046795;12.251262;,
  2.251992;23.956194;12.376138;,
  2.201544;23.901861;12.600369;,
  2.081714;24.226256;12.555106;,
  1.952284;24.522211;12.573901;,
  1.912309;24.523395;12.550289;,
  2.319620;23.771925;12.415795;,
  2.493697;23.871229;12.301462;,
  2.399215;23.605192;12.373660;,
  2.557437;23.717787;12.264428;,
  2.512805;23.345762;12.291406;,
  2.511088;23.226139;12.451202;,
  2.383457;23.486347;12.555494;,
  2.278646;23.684797;12.613426;,
  2.691154;22.954990;12.073010;,
  2.627676;22.953302;12.292490;,
  2.625942;23.098088;12.182074;,
  2.576280;23.066477;12.378762;,
  2.580064;23.192168;12.251897;,
  2.656962;23.452110;12.188554;,
  2.748934;23.734338;12.369563;,
  2.896600;22.811986;11.927090;,
  2.815725;23.053517;11.986944;,
  2.753345;23.207829;12.096483;,
  2.714945;23.297330;12.160174;,
  2.784631;22.752453;11.977044;,
  2.886184;22.650000;11.940011;,
  3.010555;22.696658;11.937998;,
