xof 0303txt 0032
template ColorRGBA {
 <35ff44e0-6c7c-11cf-8f52-0040333594a3>
 FLOAT red;
 FLOAT green;
 FLOAT blue;
 FLOAT alpha;
}

template ColorRGB {
 <d3e16e81-7835-11cf-8f52-0040333594a3>
 FLOAT red;
 FLOAT green;
 FLOAT blue;
}

template Material {
 <3d82ab4d-62da-11cf-ab39-0020af71e433>
 ColorRGBA faceColor;
 FLOAT power;
 ColorRGB specularColor;
 ColorRGB emissiveColor;
 [...]
}

template TextureFilename {
 <a42790e1-7810-11cf-8f52-0040333594a3>
 STRING filename;
}

template Frame {
 <3d82ab46-62da-11cf-ab39-0020af71e433>
 [...]
}

template Matrix4x4 {
 <f6f23f45-7686-11cf-8f52-0040333594a3>
 array FLOAT matrix[16];
}

template FrameTransformMatrix {
 <f6f23f41-7686-11cf-8f52-0040333594a3>
 Matrix4x4 frameMatrix;
}

template Vector {
 <3d82ab5e-62da-11cf-ab39-0020af71e433>
 FLOAT x;
 FLOAT y;
 FLOAT z;
}

template MeshFace {
 <3d82ab5f-62da-11cf-ab39-0020af71e433>
 DWORD nFaceVertexIndices;
 array DWORD faceVertexIndices[nFaceVertexIndices];
}

template Mesh {
 <3d82ab44-62da-11cf-ab39-0020af71e433>
 DWORD nVertices;
 array Vector vertices[nVertices];
 DWORD nFaces;
 array MeshFace faces[nFaces];
 [...]
}

template MeshNormals {
 <f6f23f43-7686-11cf-8f52-0040333594a3>
 DWORD nNormals;
 array Vector normals[nNormals];
 DWORD nFaceNormals;
 array MeshFace faceNormals[nFaceNormals];
}

template MeshMaterialList {
 <f6f23f42-7686-11cf-8f52-0040333594a3>
 DWORD nMaterials;
 DWORD nFaceIndexes;
 array DWORD faceIndexes[nFaceIndexes];
 [Material <3d82ab4d-62da-11cf-ab39-0020af71e433>]
}

template Coords2d {
 <f6f23f44-7686-11cf-8f52-0040333594a3>
 FLOAT u;
 FLOAT v;
}

template MeshTextureCoords {
 <f6f23f40-7686-11cf-8f52-0040333594a3>
 DWORD nTextureCoords;
 array Coords2d textureCoords[nTextureCoords];
}

template XSkinMeshHeader {
 <3cf169ce-ff7c-44ab-93c0-f78f62d172e2>
 WORD nMaxSkinWeightsPerVertex;
 WORD nMaxSkinWeightsPerFace;
 WORD nBones;
}

template SkinWeights {
 <6f0d123b-bad2-4167-a0d0-80224f25fabb>
 STRING transformNodeName;
 DWORD nWeights;
 array DWORD vertexIndices[nWeights];
 array FLOAT weights[nWeights];
 Matrix4x4 matrixOffset;
}


Material Material__35 {
 1.000000;1.000000;1.000000;1.000000;;
 10.000000;
 0.000000;0.000000;0.000000;;
 0.000000;0.000000;0.000000;;

 TextureFilename {
  "Human_F_L07_Hand_diff.dds";
 }
}

Frame Dummy_root {
 

 FrameTransformMatrix {
  1.000000,0.000000,0.000000,0.000000,0.000000,1.000000,0.000000,0.000000,0.000000,0.000000,1.000000,0.000000,0.000000,23.000000,0.000000,1.000000;;
 }

 Frame FxBottom {
  

  FrameTransformMatrix {
   1.000000,0.000000,0.000000,0.000000,0.000000,1.000000,0.000000,0.000000,-0.000000,0.000000,1.000000,0.000000,0.000000,-23.000000,-0.000000,1.000000;;
  }
 }

 Frame Bip01 {
  

  FrameTransformMatrix {
   1.000000,0.000000,0.000001,0.000000,0.000000,1.000000,0.000000,0.000000,-0.000001,0.000000,1.000000,0.000000,-0.194762,0.659397,0.000000,1.000000;;
  }

  Frame Bip01-Pelvis {
   

   FrameTransformMatrix {
    0.000001,1.000000,-0.000001,0.000000,-0.000001,0.000001,1.000000,0.000000,1.000000,-0.000001,0.000001,0.000000,0.000000,0.000000,0.000000,1.000000;;
   }

   Frame Bip01-Spine {
    

    FrameTransformMatrix {
     0.999030,0.000001,0.044033,0.000000,-0.000001,1.000000,0.000004,0.000000,-0.044033,-0.000004,0.999030,0.000000,2.358109,0.000003,-0.000993,1.000000;;
    }

    Frame Bip01-Spine1 {
     

     FrameTransformMatrix {
      0.998814,0.000000,0.048692,0.000000,-0.000000,1.000000,0.000001,0.000000,-0.048692,-0.000001,0.998814,0.000000,0.209322,0.000000,-0.002767,1.000000;;
     }

     Frame Bip01-Spine2 {
      

      FrameTransformMatrix {
       0.993206,-0.000000,-0.116369,0.000000,0.000000,1.000000,-0.000002,0.000000,0.116369,0.000002,0.993206,0.000000,3.478325,0.000000,-0.001152,1.000000;;
      }

      Frame Bip01-Spine3 {
       

       FrameTransformMatrix {
        0.996890,-0.000000,-0.078796,0.000000,0.000000,1.000000,0.000001,0.000000,0.078797,-0.000001,0.996890,0.000000,1.456833,0.000000,-0.004309,1.000000;;
       }

       Frame Bip01-Neck {
        

        FrameTransformMatrix {
         0.976813,0.000001,0.214095,0.000000,-0.000001,1.000000,-0.000000,0.000000,-0.214095,-0.000000,0.976813,0.000000,5.539909,0.000000,-0.690872,1.000000;;
        }

        Frame Bip01-Head {
         

         FrameTransformMatrix {
          0.999958,-0.000000,-0.009206,0.000000,0.000000,1.000000,-0.000000,0.000000,0.009206,0.000000,0.999958,0.000000,2.474251,-0.000000,0.000001,1.000000;;
         }

         Frame Bip01-HeadNub {
          

          FrameTransformMatrix {
           1.000000,-0.000000,0.000000,0.000000,0.000000,1.000000,0.000001,0.000000,-0.000000,-0.000001,1.000000,0.000000,4.628929,-0.000000,-0.000000,1.000000;;
          }
         }

         Frame FxTop {
          

          FrameTransformMatrix {
           0.103621,0.000001,0.994617,0.000000,0.994617,-0.000000,-0.103621,0.000000,0.000000,1.000000,-0.000001,0.000000,4.500027,-0.000004,0.000000,1.000000;;
          }
         }
        }

        Frame Bip01-L-Clavicle {
         

         FrameTransformMatrix {
          -0.249952,0.966696,0.054990,0.000000,0.944116,0.255930,-0.207716,0.000000,-0.214872,-0.000003,-0.976643,0.000000,-0.753029,0.957158,0.028459,1.000000;;
         }

         Frame Bip01-L-UpperArm {
          

          FrameTransformMatrix {
           0.798871,-0.594050,0.094383,0.000000,0.578815,0.801906,0.148056,0.000000,-0.163639,-0.063647,0.984465,0.000000,2.305936,-0.000008,0.000001,1.000000;;
          }

          Frame Bip01-L-Forearm {
           

           FrameTransformMatrix {
            0.930629,0.000000,-0.365965,0.000000,0.000000,1.000000,0.000000,0.000000,0.365965,-0.000000,0.930629,0.000000,6.131235,0.000000,0.000001,1.000000;;
           }

           Frame Bip01-L-Hand {
            

            FrameTransformMatrix {
             0.989065,-0.040580,0.141786,0.000000,-0.144470,-0.073386,0.986784,0.000000,-0.029638,-0.996478,-0.078446,0.000000,6.144241,0.000000,-0.000002,1.000000;;
            }

            Frame Bip01-L-Finger0 {
             

             FrameTransformMatrix {
              0.722825,-0.531683,0.441403,0.000000,0.371542,-0.239557,-0.896978,0.000000,0.582649,0.812358,0.024384,0.000000,0.431652,-0.683448,0.267921,1.000000;;
             }

             Frame Bip01-L-Finger01 {
              

              FrameTransformMatrix {
               0.985853,0.000000,0.167616,0.000000,-0.000000,1.000000,0.000000,0.000000,-0.167616,-0.000000,0.985853,0.000000,1.065219,0.000000,-0.000002,1.000000;;
              }

              Frame Bip01-L-Finger02 {
               

               FrameTransformMatrix {
                0.950837,0.000000,0.309691,0.000000,-0.000000,1.000000,-0.000001,0.000000,-0.309691,0.000000,0.950837,0.000000,0.739170,0.000000,-0.000002,1.000000;;
               }

               Frame Bip01-L-Finger0Nub {
                

                FrameTransformMatrix {
                 1.000000,-0.000000,0.000000,0.000000,0.000000,1.000000,0.000000,0.000000,-0.000000,-0.000000,1.000000,0.000000,0.862503,0.000000,0.000002,1.000000;;
                }
               }
              }
             }
            }

            Frame Bip01-L-Finger1 {
             

             FrameTransformMatrix {
              0.890676,0.007232,0.454582,0.000000,0.005919,0.999604,-0.027501,0.000000,-0.454601,0.027185,0.890280,0.000000,2.096301,-0.862209,-0.077709,1.000000;;
             }

             Frame Bip01-L-Finger11 {
              

              FrameTransformMatrix {
               0.877627,-0.000000,0.479344,0.000000,0.000001,1.000000,-0.000000,0.000000,-0.479344,0.000000,0.877627,0.000000,1.331194,0.000003,0.000000,1.000000;;
              }

              Frame Bip01-L-Finger12 {
               

               FrameTransformMatrix {
                0.932921,-0.000000,0.360082,0.000000,-0.000000,1.000000,0.000001,0.000000,-0.360082,-0.000001,0.932921,0.000000,0.723099,0.000000,0.000001,1.000000;;
               }

               Frame Bip01-L-Finger1Nub {
                

                FrameTransformMatrix {
                 1.000000,0.000000,-0.000000,0.000000,0.000000,1.000000,-0.000001,0.000000,0.000000,0.000001,1.000000,0.000000,0.679663,-0.000001,0.000003,1.000000;;
                }
               }
              }
             }
            }

            Frame Bip01-L-Finger2 {
             

             FrameTransformMatrix {
              0.882744,0.035112,0.468539,0.000000,-0.013270,0.998669,-0.049838,0.000000,-0.469665,0.037776,0.882036,0.000000,2.179709,-0.283318,-0.116974,1.000000;;
             }

             Frame Bip01-L-Finger21 {
              

              FrameTransformMatrix {
               0.795542,0.000000,0.605899,0.000000,-0.000000,1.000000,0.000000,0.000000,-0.605899,0.000000,0.795542,0.000000,1.406767,0.000000,0.000000,1.000000;;
              }

              Frame Bip01-L-Finger22 {
               

               FrameTransformMatrix {
                0.981121,-0.000000,0.193399,0.000000,0.000000,1.000000,0.000000,0.000000,-0.193398,-0.000000,0.981121,0.000000,0.840511,0.000003,-0.000001,1.000000;;
               }

               Frame Bip01-L-Finger2Nub {
                

                FrameTransformMatrix {
                 1.000000,-0.000000,0.000000,0.000000,-0.000000,1.000000,-0.000000,0.000000,-0.000000,0.000000,1.000000,0.000000,0.664879,-0.000001,0.000000,1.000000;;
                }
               }
              }
             }
            }

            Frame Bip01-L-Finger3 {
             

             FrameTransformMatrix {
              0.896787,0.157211,0.413592,0.000000,-0.134986,0.987396,-0.082634,0.000000,-0.421369,0.018276,0.906705,0.000000,2.073346,0.186407,-0.130486,1.000000;;
             }

             Frame Bip01-L-Finger31 {
              

              FrameTransformMatrix {
               0.760569,-0.000000,0.649258,0.000000,0.000000,1.000000,0.000000,0.000000,-0.649258,-0.000000,0.760569,0.000000,1.365461,0.000000,-0.000002,1.000000;;
              }

              Frame Bip01-L-Finger32 {
               

               FrameTransformMatrix {
                0.978941,0.000000,0.204142,0.000000,0.000000,1.000000,-0.000000,0.000000,-0.204143,0.000000,0.978941,0.000000,0.768665,0.000001,0.000004,1.000000;;
               }

               Frame Bip01-L-Finger3Nub {
                

                FrameTransformMatrix {
                 1.000000,-0.000000,-0.000000,0.000000,0.000000,1.000000,-0.000000,0.000000,0.000000,0.000000,1.000000,0.000000,0.649351,-0.000000,0.000003,1.000000;;
                }
               }
              }
             }
            }

            Frame Bip01-L-Finger4 {
             

             FrameTransformMatrix {
              0.885085,0.251359,0.391718,0.000000,-0.224522,0.967811,-0.113722,0.000000,-0.407694,0.012705,0.913030,0.000000,1.882340,0.690607,0.070721,1.000000;;
             }

             Frame Bip01-L-Finger41 {
              

              FrameTransformMatrix {
               0.785957,0.000000,0.618281,0.000000,0.000000,1.000000,-0.000001,0.000000,-0.618281,0.000001,0.785957,0.000000,1.108316,0.000000,-0.000002,1.000000;;
              }

              Frame Bip01-L-Finger42 {
               

               FrameTransformMatrix {
                0.944871,-0.000001,0.327444,0.000000,0.000001,1.000000,0.000001,0.000000,-0.327444,-0.000000,0.944871,0.000000,0.520338,-0.000001,0.000000,1.000000;;
               }

               Frame Bip01-L-Finger4Nub {
                

                FrameTransformMatrix {
                 1.000000,0.000000,-0.000000,0.000000,-0.000000,1.000000,0.000000,0.000000,0.000000,0.000000,1.000000,0.000000,0.515343,-0.000000,0.000001,1.000000;;
                }
               }
              }
             }
            }

            Frame FxHand00 {
             

             FrameTransformMatrix {
              0.220347,-0.936490,0.272824,0.000000,-0.759401,-0.340240,-0.554568,0.000000,0.612173,-0.084986,-0.786143,0.000000,1.499999,0.499997,2.000000,1.000000;;
             }
            }

            Frame L_Sword {
             

             FrameTransformMatrix {
              0.976767,0.039081,-0.210712,0.000000,0.070767,-0.986898,0.145000,0.000000,-0.202285,-0.156543,-0.966734,0.000000,-0.000001,0.000000,0.000000,1.000000;;
             }
            }
           }

           Frame L_Elbow {
            

            FrameTransformMatrix {
             0.982504,-0.000000,0.186241,0.000000,-0.000000,1.000000,-0.000000,0.000000,-0.186241,0.000000,0.982504,0.000000,0.000002,-0.000002,0.000000,1.000000;;
            }
           }

           Frame L_Shield {
            

            FrameTransformMatrix {
             1.000000,-0.000000,-0.000000,0.000000,0.000000,1.000000,-0.000000,0.000000,0.000000,0.000000,1.000000,0.000000,2.500005,2.500000,-0.000001,1.000000;;
            }
           }

           Frame Bip01-L-ForeTwist {
            

            FrameTransformMatrix {
             1.000000,0.000000,-0.000000,0.000000,-0.000000,0.999311,0.037108,0.000000,0.000000,-0.037108,0.999311,0.000000,0.000000,-0.000002,-0.000002,1.000000;;
            }
           }
          }

          Frame L_Shoulder {
           

           FrameTransformMatrix {
            0.948343,0.307755,-0.077028,0.000000,-0.311669,0.949122,-0.045063,0.000000,0.059241,0.066743,0.996010,0.000000,0.000000,0.000000,0.000000,1.000000;;
           }
          }

          Frame L_Shoulder_Twist {
           

           FrameTransformMatrix {
            1.000000,0.000000,0.000000,0.000000,-0.000000,1.000000,-0.000000,0.000000,-0.000000,0.000000,1.000000,0.000000,0.000000,0.000000,-0.000000,1.000000;;
           }
          }
         }
        }

        Frame Bip01-R-Clavicle {
         

         FrameTransformMatrix {
          -0.249953,-0.966695,0.054995,0.000000,-0.944116,0.255931,0.207715,0.000000,-0.214872,-0.000003,-0.976642,0.000000,-0.753029,-0.957160,0.028463,1.000000;;
         }

         Frame Bip01-R-UpperArm {
          

          FrameTransformMatrix {
           0.798872,0.594050,0.094384,0.000000,-0.578814,0.801906,-0.148056,0.000000,-0.163640,0.063647,0.984465,0.000000,2.305938,0.000015,0.000002,1.000000;;
          }

          Frame Bip01-R-Forearm {
           

           FrameTransformMatrix {
            0.930628,-0.000000,-0.365965,0.000000,-0.000000,1.000000,0.000000,0.000000,0.365965,-0.000000,0.930629,0.000000,6.131230,-0.000004,0.000001,1.000000;;
           }

           Frame Bip01-R-Hand {
            

            FrameTransformMatrix {
             0.989065,0.040580,0.141786,0.000000,0.144470,-0.073387,-0.986784,0.000000,-0.029638,0.996478,-0.078447,0.000000,6.144238,-0.000002,-0.000001,1.000000;;
            }

            Frame Bip01-R-Finger0 {
             

             FrameTransformMatrix {
              0.722825,0.531683,0.441402,0.000000,-0.371541,-0.239557,0.896978,0.000000,0.582649,-0.812358,0.024384,0.000000,0.431655,0.683448,0.267912,1.000000;;
             }

             Frame Bip01-R-Finger01 {
              

              FrameTransformMatrix {
               0.985852,0.000000,0.167616,0.000000,-0.000000,1.000000,0.000000,0.000000,-0.167616,-0.000000,0.985852,0.000000,1.065220,0.000006,-0.000002,1.000000;;
              }

              Frame Bip01-R-Finger02 {
               

               FrameTransformMatrix {
                0.950837,-0.000000,0.309691,0.000000,0.000000,1.000000,-0.000001,0.000000,-0.309691,0.000001,0.950837,0.000000,0.739167,0.000000,-0.000002,1.000000;;
               }

               Frame Bip01-R-Finger0Nub {
                

                FrameTransformMatrix {
                 -1.000000,0.000000,0.000000,0.000000,0.000000,1.000000,-0.000000,0.000000,-0.000000,-0.000000,-1.000000,0.000000,0.862503,0.000000,0.000000,1.000000;;
                }
               }
              }
             }
            }

            Frame Bip01-R-Finger1 {
             

             FrameTransformMatrix {
              0.890675,-0.007232,0.454582,0.000000,-0.005919,0.999604,0.027501,0.000000,-0.454601,-0.027185,0.890280,0.000000,2.096303,0.862210,-0.077713,1.000000;;
             }

             Frame Bip01-R-Finger11 {
              

              FrameTransformMatrix {
               0.877628,0.000000,0.479344,0.000000,0.000000,1.000000,-0.000000,0.000000,-0.479344,0.000001,0.877627,0.000000,1.331190,-0.000001,0.000000,1.000000;;
              }

              Frame Bip01-R-Finger12 {
               

               FrameTransformMatrix {
                0.932921,-0.000000,0.360082,0.000000,0.000000,1.000000,-0.000000,0.000000,-0.360082,0.000000,0.932921,0.000000,0.723101,0.000002,-0.000001,1.000000;;
               }

               Frame Bip01-R-Finger1Nub {
                

                FrameTransformMatrix {
                 -1.000000,0.000000,0.000000,0.000000,0.000000,1.000000,0.000000,0.000000,-0.000000,0.000000,-1.000000,0.000000,0.679668,-0.000003,-0.000001,1.000000;;
                }
               }
              }
             }
            }

            Frame Bip01-R-Finger2 {
             

             FrameTransformMatrix {
              0.882745,-0.035112,0.468539,0.000000,0.013271,0.998669,0.049837,0.000000,-0.469665,-0.037775,0.882036,0.000000,2.179713,0.283319,-0.116974,1.000000;;
             }

             Frame Bip01-R-Finger21 {
              

              FrameTransformMatrix {
               0.795542,-0.000000,0.605898,0.000000,0.000000,1.000000,0.000000,0.000000,-0.605899,-0.000000,0.795542,0.000000,1.406757,-0.000001,0.000000,1.000000;;
              }

              Frame Bip01-R-Finger22 {
               

               FrameTransformMatrix {
                0.981120,-0.000000,0.193399,0.000000,0.000000,1.000000,0.000000,0.000000,-0.193399,-0.000000,0.981120,0.000000,0.840508,-0.000003,-0.000002,1.000000;;
               }

               Frame Bip01-R-Finger2Nub {
                

                FrameTransformMatrix {
                 -1.000000,-0.000000,0.000000,0.000000,0.000000,1.000000,-0.000000,0.000000,-0.000000,-0.000000,-1.000000,0.000000,0.664875,0.000001,0.000001,1.000000;;
                }
               }
              }
             }
            }

            Frame Bip01-R-Finger3 {
             

             FrameTransformMatrix {
              0.896787,-0.157212,0.413591,0.000000,0.134986,0.987396,0.082634,0.000000,-0.421369,-0.018276,0.906705,0.000000,2.073345,-0.186408,-0.130487,1.000000;;
             }

             Frame Bip01-R-Finger31 {
              

              FrameTransformMatrix {
               0.760569,0.000000,0.649258,0.000000,-0.000000,1.000000,-0.000000,0.000000,-0.649258,0.000000,0.760569,0.000000,1.365458,0.000000,0.000002,1.000000;;
              }

              Frame Bip01-R-Finger32 {
               

               FrameTransformMatrix {
                0.978941,-0.000000,0.204143,0.000000,0.000000,1.000000,-0.000000,0.000000,-0.204143,0.000000,0.978941,0.000000,0.768669,0.000000,0.000001,1.000000;;
               }

               Frame Bip01-R-Finger3Nub {
                

                FrameTransformMatrix {
                 -1.000000,-0.000000,0.000000,0.000000,-0.000000,1.000000,-0.000000,0.000000,-0.000000,-0.000000,-1.000000,0.000000,0.649357,0.000000,0.000001,1.000000;;
                }
               }
              }
             }
            }

            Frame Bip01-R-Finger4 {
             

             FrameTransformMatrix {
              0.885085,-0.251359,0.391718,0.000000,0.224522,0.967810,0.113722,0.000000,-0.407693,-0.012705,0.913030,0.000000,1.882344,-0.690606,0.070721,1.000000;;
             }

             Frame Bip01-R-Finger41 {
              

              FrameTransformMatrix {
               0.785957,-0.000000,0.618281,0.000000,0.000000,1.000001,0.000000,0.000000,-0.618281,0.000000,0.785957,0.000000,1.108320,0.000000,-0.000004,1.000000;;
              }

              Frame Bip01-R-Finger42 {
               

               FrameTransformMatrix {
                0.944871,0.000000,0.327444,0.000000,-0.000000,1.000000,-0.000000,0.000000,-0.327444,0.000000,0.944871,0.000000,0.520340,0.000000,0.000003,1.000000;;
               }

               Frame Bip01-R-Finger4Nub {
                

                FrameTransformMatrix {
                 -1.000000,0.000000,-0.000000,0.000000,0.000000,1.000000,-0.000000,0.000000,0.000000,-0.000000,-1.000000,0.000000,0.515339,0.000000,-0.000001,1.000000;;
                }
               }
              }
             }
            }

            Frame FxHand01 {
             

             FrameTransformMatrix {
              0.220350,0.936490,0.272822,0.000000,-0.759401,0.340241,-0.554568,0.000000,-0.612173,-0.084982,0.786144,0.000000,1.500001,-0.499997,1.999996,1.000000;;
             }
            }

            Frame R_Sword {
             

             FrameTransformMatrix {
              0.976767,-0.039081,-0.210713,0.000000,0.070766,0.986898,0.145000,0.000000,0.202285,-0.156542,0.966734,0.000000,0.000001,0.000002,-0.000002,1.000000;;
             }
            }
           }

           Frame R_Elbow {
            

            FrameTransformMatrix {
             0.982504,0.000000,0.186241,0.000000,0.000000,1.000000,0.000000,0.000000,-0.186241,-0.000000,0.982504,0.000000,0.000000,0.000000,0.000000,1.000000;;
            }
           }

           Frame Bip01-R-ForeTwist {
            

            FrameTransformMatrix {
             1.000000,0.000000,-0.000000,0.000000,0.000000,0.999311,-0.037108,0.000000,0.000000,0.037108,0.999311,0.000000,0.000000,0.000000,0.000000,1.000000;;
            }
           }
          }

          Frame R_Shoulder {
           

           FrameTransformMatrix {
            0.948342,-0.307756,-0.077029,0.000000,0.311669,0.949122,0.045063,0.000000,0.059241,-0.066743,0.996010,0.000000,-0.000004,-0.000004,0.000000,1.000000;;
           }
          }

          Frame R_Shoulder_Twist {
           

           FrameTransformMatrix {
            1.000000,-0.000000,-0.000000,0.000000,-0.000000,1.000000,0.000000,0.000000,0.000000,-0.000000,1.000000,0.000000,-0.000004,-0.000004,0.000000,1.000000;;
           }
          }
         }
        }
       }

       Frame R_Breast {
        

        FrameTransformMatrix {
         0.063560,0.329543,-0.941999,0.000000,-0.003088,0.943968,0.330023,0.000000,0.997973,-0.018067,0.061016,0.000000,1.272751,-1.452000,1.209911,1.000000;;
        }
       }

       Frame L_Breast {
        

        FrameTransformMatrix {
         -0.063560,0.329545,0.941998,0.000000,0.003087,0.943967,-0.330025,0.000000,-0.997973,-0.018068,-0.061016,0.000000,1.272759,1.451767,1.209908,1.000000;;
        }
       }

       Frame L_spine3 {
        

        FrameTransformMatrix {
         0.980445,0.043404,-0.191946,0.000000,0.044220,-0.999022,-0.000032,0.000000,-0.191759,-0.008456,-0.981406,0.000000,2.104034,3.093147,-0.411915,1.000000;;
        }
       }

       Frame R_spine3 {
        

        FrameTransformMatrix {
         0.980446,-0.043406,-0.191942,0.000000,-0.044221,-0.999022,0.000038,0.000000,-0.191756,0.008451,-0.981406,0.000000,2.104046,-3.093148,-0.411907,1.000000;;
        }
       }
      }

      Frame FxCenter {
       

       FrameTransformMatrix {
        -0.023870,0.000000,0.999715,0.000000,0.999715,0.000000,0.023870,0.000000,-0.000000,1.000000,-0.000000,0.000000,1.000006,-0.000002,0.000000,1.000000;;
       }
      }

      Frame Weapon_Back {
       

       FrameTransformMatrix {
        -0.999294,-0.000000,-0.037550,0.000000,0.000000,-0.999999,0.000000,0.000000,-0.037550,0.000000,0.999294,0.000000,4.711468,-0.000002,-2.809569,1.000000;;
       }
      }
     }
    }

    Frame Bip01-L-Thigh {
     

     FrameTransformMatrix {
      -0.997343,0.010238,0.072129,0.000000,-0.003067,-0.995100,0.098825,0.000000,0.072788,0.098342,0.992487,0.000000,-2.355776,2.566188,0.104821,1.000000;;
     }

     Frame Bip01-L-Calf {
      

      FrameTransformMatrix {
       0.989800,0.000000,-0.142458,0.000000,0.000000,1.000000,0.000002,0.000000,0.142458,-0.000002,0.989801,0.000000,10.047706,-0.000000,0.000001,1.000000;;
      }

      Frame Bip01-L-Foot {
       

       FrameTransformMatrix {
        0.993368,0.006533,0.114794,0.000000,-0.007678,0.999925,0.009533,0.000000,-0.114724,-0.010351,0.993344,0.000000,10.474947,0.000000,0.000001,1.000000;;
       }

       Frame Bip01-L-Toe0 {
        

        FrameTransformMatrix {
         0.005122,-0.000005,0.999987,0.000000,-0.000000,1.000000,0.000005,0.000000,-0.999987,0.000000,0.005122,0.000000,3.213933,-0.000010,1.930074,1.000000;;
        }

        Frame Bip01-L-Toe0Nub {
         

         FrameTransformMatrix {
          -1.000000,-0.000000,0.000000,0.000000,-0.000000,1.000000,0.000000,0.000000,-0.000000,0.000000,-1.000000,0.000000,1.879583,0.000001,0.000000,1.000000;;
         }
        }
       }
      }

      Frame L_Knee {
       

       FrameTransformMatrix {
        0.997447,0.000000,0.071411,0.000000,0.000000,1.000000,0.000001,0.000000,-0.071411,-0.000001,0.997447,0.000000,0.000000,0.000000,0.000000,1.000000;;
       }
      }

      Frame Bip01-LCalfTwist {
       

       FrameTransformMatrix {
        1.000000,-0.000000,-0.000000,0.000000,-0.000000,0.999988,0.004769,0.000000,0.000000,-0.004769,0.999989,0.000000,0.000000,0.000000,0.000000,1.000000;;
       }
      }
     }

     Frame L_Thigh {
      

      FrameTransformMatrix {
       1.000000,0.000000,0.000000,0.000000,-0.000000,1.000000,0.000000,0.000000,-0.000000,-0.000000,1.000000,0.000000,0.000000,-0.000000,0.000000,1.000000;;
      }
     }
    }

    Frame Bip01-R-Thigh {
     

     FrameTransformMatrix {
      -0.997343,-0.010238,0.072129,0.000000,0.003068,-0.995101,-0.098818,0.000000,0.072788,-0.098335,0.992488,0.000000,-2.355778,-2.566190,0.104833,1.000000;;
     }

     Frame Bip01-R-Calf {
      

      FrameTransformMatrix {
       0.989801,-0.000001,-0.142458,0.000000,0.000000,1.000000,-0.000003,0.000000,0.142458,0.000003,0.989801,0.000000,10.047709,-0.000001,-0.000000,1.000000;;
      }

      Frame Bip01-R-Foot {
       

       FrameTransformMatrix {
        0.993368,-0.006533,0.114794,0.000000,0.007676,0.999925,-0.009520,0.000000,-0.114724,0.010338,0.993344,0.000000,10.474940,-0.000001,0.000001,1.000000;;
       }

       Frame Bip01-R-Toe0 {
        

        FrameTransformMatrix {
         0.005122,0.000019,0.999987,0.000000,-0.000000,1.000000,-0.000019,0.000000,-0.999987,-0.000000,0.005122,0.000000,3.213933,0.000037,1.930074,1.000000;;
        }

        Frame Bip01-R-Toe0Nub {
         

         FrameTransformMatrix {
          1.000000,-0.000000,-0.000000,0.000000,0.000000,1.000000,-0.000000,0.000000,0.000000,0.000000,1.000000,0.000000,1.879583,-0.000001,0.000000,1.000000;;
         }
        }
       }
      }

      Frame R_Knee {
       

       FrameTransformMatrix {
        0.997447,0.000000,0.071411,0.000000,0.000000,1.000000,-0.000001,0.000000,-0.071411,0.000001,0.997447,0.000000,-0.000001,-0.000000,0.000000,1.000000;;
       }
      }

      Frame Bip01-RCalfTwist {
       

       FrameTransformMatrix {
        1.000000,-0.000000,0.000000,0.000000,0.000000,0.999989,-0.004770,0.000000,-0.000000,0.004770,0.999989,0.000000,-0.000002,-0.000000,-0.000000,1.000000;;
       }
      }
     }

     Frame R_Thigh {
      

      FrameTransformMatrix {
       1.000000,-0.000000,-0.000000,0.000000,0.000000,1.000000,-0.000003,0.000000,-0.000000,0.000003,1.000000,0.000000,0.000000,-0.000001,0.000000,1.000000;;
      }
     }
    }

    Frame Skirt_Dummy {
     

     FrameTransformMatrix {
      -1.000000,0.000002,0.000797,0.000000,-0.000002,-1.000000,-0.000001,0.000000,0.000797,-0.000001,1.000000,0.000000,-0.033834,-0.000002,-0.263520,1.000000;;
     }
    }
   }
  }
 }
}

Frame Human_F_L07_Hand_Skel {
 

 FrameTransformMatrix {
  1.000000,0.000000,0.000000,0.000000,0.000000,1.000000,0.000000,0.000000,0.000000,0.000000,1.000000,0.000000,0.000000,0.000000,0.000000,1.000000;;
 }

 Mesh Human_F_L07_Hand_Skel {
  1170;
  1.634335;22.110638;-11.932989;,
  1.528406;22.196162;-11.833885;,
  1.500671;22.163237;-11.932114;,
  1.467346;22.379982;-11.814630;,
  1.547424;22.293819;-11.785362;,
  1.426316;22.276382;-11.910582;,
  1.588403;22.423165;-11.792829;,
  1.678273;22.321498;-11.798966;,
  1.621864;22.267038;-11.785236;,
  1.633252;22.185774;-11.822781;,
  1.734841;22.213554;-11.963684;,
  1.722926;22.238286;-11.857158;,
  1.710206;22.435675;-11.835114;,
  1.751715;22.594818;-12.093345;,
  1.770833;22.366453;-11.935417;,
  1.517393;22.714446;-11.910902;,
  1.376203;22.626845;-11.944410;,
  1.321830;22.495022;-12.054352;,
  1.261547;22.674461;-12.211590;,
  1.303655;22.819110;-12.079915;,
  1.257701;23.009846;-12.149939;,
  1.423360;23.084923;-12.095877;,
  1.211109;22.875986;-12.323526;,
  1.635533;22.892126;-12.106356;,
  1.672160;22.693442;-11.970311;,
  1.459720;22.903858;-12.040585;,
  1.593986;23.082395;-12.188146;,
  1.658829;22.972752;-12.367458;,
  1.715969;22.770630;-12.259162;,
  1.376945;23.326386;-12.194601;,
  1.549571;23.335502;-12.306353;,
  1.593895;23.260154;-12.515202;,
  1.553926;23.454021;-12.579860;,
  1.511324;23.490309;-12.361726;,
  1.491367;23.654510;-12.316312;,
  1.320632;23.614474;-12.201862;,
  1.267216;23.991520;-12.088568;,
  1.432978;24.071950;-12.242489;,
  1.516274;23.657234;-12.549170;,
  1.428794;24.153210;-12.482081;,
  1.533548;24.111269;-12.339945;,
  1.438546;24.172037;-12.614090;,
  1.630939;23.580242;-12.637482;,
  1.684623;23.644315;-12.387138;,
  1.711043;23.335254;-12.654419;,
  1.765111;23.439024;-12.423782;,
  1.813905;23.133958;-12.556370;,
  1.762736;24.150368;-12.185434;,
  1.880437;23.726738;-12.269142;,
  1.738268;24.326059;-12.148584;,
  1.952005;24.245336;-12.346602;,
  2.077837;23.763306;-12.402579;,
  2.008698;23.394592;-12.235594;,
  2.141087;23.554928;-12.433693;,
  1.944885;23.542342;-12.301543;,
  2.169677;22.946221;-12.032206;,
  2.109395;22.629899;-11.953357;,
  2.246991;22.739107;-11.882353;,
  2.022224;22.821768;-12.109618;,
  2.105421;23.136355;-12.121538;,
  1.960540;23.005005;-12.201457;,
  1.844133;23.274067;-12.344746;,
  1.944163;22.860334;-12.378386;,
  2.014666;22.674386;-12.264815;,
  2.092844;22.495901;-12.093380;,
  2.217490;22.382736;-11.818390;,
  2.345716;22.441072;-11.779415;,
  2.313912;22.274230;-11.788418;,
  2.306920;22.168027;-11.865422;,
  2.190989;22.283195;-11.941858;,
  2.481534;22.463389;-11.839278;,
  2.419690;22.724893;-11.974060;,
  2.467770;22.313267;-11.796390;,
  2.410223;22.234091;-11.792464;,
  2.430739;22.148046;-11.860639;,
  2.436222;22.139549;-11.979328;,
  2.517139;22.236658;-11.884490;,
  2.517110;22.238435;-11.975465;,
  2.301156;22.155083;-11.962535;,
  2.222046;23.478405;-12.663987;,
  2.202350;23.379307;-12.356086;,
  2.286145;23.272736;-12.564530;,
  2.380660;22.992173;-12.395902;,
  2.295245;23.104662;-12.217927;,
  2.450984;22.802960;-12.283591;,
  2.362296;22.920914;-12.126507;,
  2.506614;22.618685;-12.117002;,
  2.544721;22.391773;-11.966895;,
  2.144193;23.727998;-12.655358;,
  0.378237;25.491742;10.901839;,
  0.034197;26.024254;11.077494;,
  0.392968;25.768562;10.635134;,
  0.098885;25.748986;11.210500;,
  0.188488;25.215832;11.556369;,
  0.413971;24.951582;11.267807;,
  0.362057;24.482525;11.833214;,
  0.513635;24.395552;11.659068;,
  0.439681;24.037947;12.077872;,
  0.543506;24.007002;11.896900;,
  0.499437;23.629157;12.183985;,
  0.587660;23.652870;12.020172;,
  0.519311;23.451080;12.199311;,
  0.499844;24.078077;12.311357;,
  0.366354;24.602091;12.168684;,
  0.584888;24.666170;12.356652;,
  0.435595;25.443555;11.919866;,
  0.872257;24.867432;12.508391;,
  1.055983;25.662978;12.142147;,
  1.135575;24.947374;12.550001;,
  1.579371;25.121536;12.607644;,
  1.407593;24.681104;12.711578;,
  0.817388;24.511494;12.463938;,
  1.174675;23.300795;12.735820;,
  1.026446;23.552165;12.495037;,
  1.066793;23.341286;12.530817;,
  1.131229;23.548512;12.707478;,
  0.913908;24.055990;12.385530;,
  1.014802;24.049678;12.648034;,
  0.912088;24.547574;12.596918;,
  1.146258;24.581821;12.637541;,
  1.263752;24.603773;12.580120;,
  1.593894;23.260150;12.515202;,
  1.427842;23.356432;12.760300;,
  1.474425;23.158619;12.664504;,
  1.553925;23.454021;12.579862;,
  1.372700;23.597622;12.733834;,
  1.516273;23.657234;12.549170;,
  1.428793;24.153210;12.482083;,
  1.272699;24.101960;12.682750;,
  1.231885;23.110358;12.645366;,
  1.559993;22.835290;12.489186;,
  1.658827;22.972752;12.367458;,
  1.715967;22.770627;12.259162;,
  1.751713;22.594818;12.093346;,
  1.688238;22.487571;12.207388;,
  1.770831;22.366451;11.935417;,
  1.644104;22.635426;12.385512;,
  1.488591;22.590942;12.407130;,
  1.317516;22.783021;12.465393;,
  1.121690;23.160050;12.475460;,
  1.546681;22.429094;12.214682;,
  1.211107;22.875984;12.323526;,
  1.339160;22.570072;12.350545;,
  1.399089;22.417965;12.176419;,
  1.500670;22.163235;11.932114;,
  1.634334;22.110635;11.932989;,
  1.734839;22.213552;11.963684;,
  1.722924;22.238285;11.857158;,
  1.261546;22.674458;12.211588;,
  1.321828;22.495019;12.054352;,
  1.426315;22.276381;11.910582;,
  1.528405;22.196160;11.833885;,
  2.345261;25.452301;10.708991;,
  2.024620;26.096174;10.730913;,
  2.419672;25.814877;10.838822;,
  1.847287;25.740013;10.564030;,
  1.553612;25.979027;10.464230;,
  1.800290;26.239030;10.725599;,
  2.772105;25.519490;10.993854;,
  2.852280;25.025354;11.002774;,
  2.666919;25.250594;10.874805;,
  2.381030;25.997934;11.274579;,
  2.011706;26.297341;11.245056;,
  1.659152;26.438874;11.211946;,
  1.577203;26.462976;10.621850;,
  1.273378;26.169678;10.384786;,
  1.281687;26.691691;11.253674;,
  1.536797;26.622048;10.949190;,
  3.219550;24.696003;11.292561;,
  3.038435;24.790651;11.139043;,
  3.183591;24.860605;11.279759;,
  3.101227;24.992157;11.232910;,
  2.971233;24.883939;11.102446;,
  2.981875;25.206427;11.140357;,
  2.726873;25.582730;11.363428;,
  2.239686;25.752224;11.674054;,
  2.951134;25.269395;11.436514;,
  2.535099;24.567469;12.528080;,
  2.206768;24.943248;12.701949;,
  2.390575;24.496859;12.759409;,
  2.377692;24.975246;12.442943;,
  2.394742;24.847080;12.166606;,
  2.357580;25.020472;12.009926;,
  2.278804;25.306725;12.212641;,
  2.457338;25.359528;11.688335;,
  2.784623;25.122789;11.593450;,
  2.498850;24.498037;12.274261;,
  1.636652;25.851818;12.028635;,
  2.077133;25.257592;12.496317;,
  0.275590;26.023171;11.516790;,
  0.787085;26.325405;11.627720;,
  1.350614;26.487579;11.443869;,
  1.993917;25.849430;11.822360;,
  0.687791;26.533066;11.415462;,
  0.176369;26.263256;11.345980;,
  1.811135;24.764635;12.664051;,
  1.648426;24.754163;12.761370;,
  1.844946;25.176309;12.594851;,
  1.972470;24.840086;12.746232;,
  1.855301;24.787288;12.658313;,
  1.830684;24.270560;12.810564;,
  1.983761;24.330637;12.596246;,
  2.009308;24.360083;12.568944;,
  2.143753;24.399026;12.780258;,
  2.020300;23.651848;12.831226;,
  2.144193;23.727997;12.655358;,
  1.567962;24.190739;12.804214;,
  1.305490;24.611757;12.623205;,
  1.438546;24.172037;12.614090;,
  1.768005;23.578309;12.820815;,
  2.109488;23.365736;12.836056;,
  2.222046;23.478405;12.663987;,
  2.286145;23.272739;12.564530;,
  1.946068;23.087762;12.706938;,
  1.711042;23.335254;12.654417;,
  1.813904;23.133958;12.556369;,
  1.849703;23.295291;12.828802;,
  2.185959;23.155638;12.714494;,
  1.630939;23.580242;12.637482;,
  2.305287;22.849371;12.529212;,
  2.076344;22.783930;12.513722;,
  1.944162;22.860334;12.378386;,
  2.014665;22.674382;12.264814;,
  2.113073;22.588717;12.389934;,
  2.092843;22.495902;12.093380;,
  2.181326;22.433090;12.196662;,
  2.190988;22.283197;11.941858;,
  2.301155;22.155085;11.962535;,
  2.306919;22.168030;11.865422;,
  2.259703;22.619138;12.435068;,
  2.326052;22.450211;12.232330;,
  2.436221;22.139550;11.979328;,
  2.517109;22.238438;11.975465;,
  2.459231;22.514102;12.210321;,
  2.544719;22.391774;11.966895;,
  2.506613;22.618686;12.117002;,
  2.404163;22.670363;12.406665;,
  2.517138;22.236661;11.884490;,
  2.450983;22.802962;12.283590;,
  2.380659;22.992173;12.395901;,
  -0.089763;26.520446;-9.757290;,
  -0.053337;26.218106;-10.841543;,
  0.341198;25.990973;-10.448998;,
  0.448494;26.609013;-9.584716;,
  0.796137;26.165003;-10.346878;,
  0.933746;25.966448;-10.535565;,
  0.392969;25.768562;-10.635134;,
  0.034198;26.024254;-11.077494;,
  0.052553;26.491306;-11.157341;,
  0.176369;26.263256;-11.345978;,
  0.687792;26.533066;-11.415462;,
  0.580666;26.790218;-11.229211;,
  0.913902;27.485536;-10.706271;,
  1.141960;26.939942;-11.081122;,
  1.281687;26.691686;-11.253673;,
  1.392617;26.822083;-10.743690;,
  1.218793;27.318886;-10.336606;,
  0.600742;28.485360;-9.990287;,
  0.986491;28.272234;-9.604750;,
  0.465050;29.516486;-9.352106;,
  0.916776;29.163040;-8.889186;,
  0.393852;29.844931;-9.115497;,
  1.536798;26.622045;-10.949190;,
  1.577204;26.462976;-10.621851;,
  -0.445060;29.351830;-9.623212;,
  -0.073534;28.415088;-10.153705;,
  -0.607150;29.719757;-9.337402;,
  -0.559179;29.645914;-8.957970;,
  0.212803;29.749155;-8.850436;,
  -1.127532;28.968029;-9.323386;,
  -0.669645;28.065491;-9.948597;,
  -0.850061;27.596336;-9.455181;,
  -0.206822;27.086506;-10.713816;,
  -0.369188;26.744341;-10.316928;,
  0.346245;27.398419;-10.872720;,
  -0.471998;27.299514;-9.028066;,
  -1.008851;29.361869;-8.750745;,
  -1.225625;29.338262;-8.993552;,
  -1.456457;28.403462;-8.677297;,
  -1.138754;28.065402;-8.139058;,
  0.021171;27.370250;-8.830721;,
  -0.314732;27.961510;-7.727178;,
  -0.385013;28.283584;-7.275135;,
  -1.366482;28.437594;-7.808895;,
  -1.652481;28.765734;-8.390471;,
  -1.340804;28.929808;-8.299986;,
  -1.010440;28.680682;-7.858442;,
  -0.377707;28.558298;-7.437880;,
  2.884565;22.854870;-12.369027;,
  2.957045;23.058963;-12.499960;,
  3.009338;22.922256;-12.349342;,
  2.827619;22.991984;-12.535343;,
  2.868097;23.210104;-12.588132;,
  2.750914;22.828272;-12.344270;,
  2.687298;22.962344;-12.498282;,
  2.652914;23.133115;-12.590891;,
  2.523244;23.423293;-12.728102;,
  2.762169;23.507664;-12.725043;,
  2.420711;23.651608;-12.827360;,
  2.682530;23.741461;-12.825055;,
  2.329719;23.920597;-12.809024;,
  2.569422;24.005184;-12.805062;,
  2.511086;23.226136;-12.451206;,
  2.576279;23.066475;-12.378764;,
  2.383455;23.486341;-12.555494;,
  2.278644;23.684797;-12.613426;,
  2.196861;23.900246;-12.601066;,
  2.009308;24.360085;-12.568944;,
  2.143753;24.399026;-12.780256;,
  2.390574;24.496861;-12.759408;,
  2.535099;24.567470;-12.528080;,
  2.699244;24.082298;-12.597118;,
  2.498850;24.498040;-12.274261;,
  2.633261;24.099314;-12.368726;,
  2.784785;23.859498;-12.610950;,
  2.693252;23.908514;-12.411758;,
  2.837991;23.646038;-12.551722;,
  2.748932;23.734333;-12.369564;,
  2.394742;24.847080;-12.166605;,
  2.923991;23.370592;-12.448393;,
  2.984887;23.211397;-12.381990;,
  3.050097;23.027899;-12.246292;,
  2.838573;23.463786;-12.286877;,
  2.895333;23.312200;-12.248332;,
  2.956682;23.135866;-12.128143;,
  3.099669;22.779421;-12.085622;,
  3.021797;22.840333;-11.974382;,
  3.080741;22.628595;-12.007804;,
  3.010556;22.696659;-11.937998;,
  3.092205;22.607314;-12.124674;,
  3.016343;22.486494;-12.110619;,
  2.886252;22.527789;-12.123333;,
  2.780088;22.658638;-12.086838;,
  2.658751;22.887712;-12.237008;,
  2.887693;22.554506;-12.005992;,
  2.259704;22.619134;-12.435068;,
  2.459232;22.514101;-12.210321;,
  2.326053;22.450206;-12.232330;,
  2.404164;22.670363;-12.406666;,
  2.305288;22.849370;-12.529213;,
  2.076346;22.783931;-12.513723;,
  2.113074;22.588718;-12.389935;,
  2.181327;22.433090;-12.196663;,
  2.301156;22.155083;-11.962535;,
  2.436222;22.139549;-11.979328;,
  2.517110;22.238435;-11.975465;,
  2.544721;22.391773;-11.966895;,
  2.506614;22.618685;-12.117002;,
  2.517139;22.236658;-11.884490;,
  2.190989;22.283195;-11.941858;,
  2.306920;22.168027;-11.865422;,
  2.092844;22.495901;-12.093380;,
