xof 0303txt 0032
template ColorRGBA {
 <35ff44e0-6c7c-11cf-8f52-0040333594a3>
 FLOAT red;
 FLOAT green;
 FLOAT blue;
 FLOAT alpha;
}

template ColorRGB {
 <d3e16e81-7835-11cf-8f52-0040333594a3>
 FLOAT red;
 FLOAT green;
 FLOAT blue;
}

template Material {
 <3d82ab4d-62da-11cf-ab39-0020af71e433>
 ColorRGBA faceColor;
 FLOAT power;
 ColorRGB specularColor;
 ColorRGB emissiveColor;
 [...]
}

template TextureFilename {
 <a42790e1-7810-11cf-8f52-0040333594a3>
 STRING filename;
}

template Frame {
 <3d82ab46-62da-11cf-ab39-0020af71e433>
 [...]
}

template Matrix4x4 {
 <f6f23f45-7686-11cf-8f52-0040333594a3>
 array FLOAT matrix[16];
}

template FrameTransformMatrix {
 <f6f23f41-7686-11cf-8f52-0040333594a3>
 Matrix4x4 frameMatrix;
}

template Vector {
 <3d82ab5e-62da-11cf-ab39-0020af71e433>
 FLOAT x;
 FLOAT y;
 FLOAT z;
}

template MeshFace {
 <3d82ab5f-62da-11cf-ab39-0020af71e433>
 DWORD nFaceVertexIndices;
 array DWORD faceVertexIndices[nFaceVertexIndices];
}

template Mesh {
 <3d82ab44-62da-11cf-ab39-0020af71e433>
 DWORD nVertices;
 array Vector vertices[nVertices];
 DWORD nFaces;
 array MeshFace faces[nFaces];
 [...]
}

template MeshNormals {
 <f6f23f43-7686-11cf-8f52-0040333594a3>
 DWORD nNormals;
 array Vector normals[nNormals];
 DWORD nFaceNormals;
 array MeshFace faceNormals[nFaceNormals];
}

template MeshMaterialList {
 <f6f23f42-7686-11cf-8f52-0040333594a3>
 DWORD nMaterials;
 DWORD nFaceIndexes;
 array DWORD faceIndexes[nFaceIndexes];
 [Material <3d82ab4d-62da-11cf-ab39-0020af71e433>]
}

template Coords2d {
 <f6f23f44-7686-11cf-8f52-0040333594a3>
 FLOAT u;
 FLOAT v;
}

template MeshTextureCoords {
 <f6f23f40-7686-11cf-8f52-0040333594a3>
 DWORD nTextureCoords;
 array Coords2d textureCoords[nTextureCoords];
}

template XSkinMeshHeader {
 <3cf169ce-ff7c-44ab-93c0-f78f62d172e2>
 WORD nMaxSkinWeightsPerVertex;
 WORD nMaxSkinWeightsPerFace;
 WORD nBones;
}

template SkinWeights {
 <6f0d123b-bad2-4167-a0d0-80224f25fabb>
 STRING transformNodeName;
 DWORD nWeights;
 array DWORD vertexIndices[nWeights];
 array FLOAT weights[nWeights];
 Matrix4x4 matrixOffset;
}


Material Material__36 {
 1.000000;1.000000;1.000000;1.000000;;
 10.000000;
 0.000000;0.000000;0.000000;;
 0.000000;0.000000;0.000000;;

 TextureFilename {
  "bloodgolem01_diff.tga";
 }
}

Frame Dummy_root {
 

 FrameTransformMatrix {
  1.000000,0.000000,0.000000,0.000000,0.000000,1.000000,0.000000,0.000000,0.000000,0.000000,1.000000,0.000000,0.000000,0.000000,0.000000,1.000000;;
 }

 Frame Bip01 {
  

  FrameTransformMatrix {
   0.991859,-0.104993,0.072053,0.000000,0.106050,0.994300,-0.010998,0.000000,-0.070487,0.018550,0.997340,0.000000,11.927584,45.423507,2.548187,1.000000;;
  }

  Frame Bip01-Pelvis {
   

   FrameTransformMatrix {
    -0.000000,1.000000,-0.000001,0.000000,0.400845,0.000001,0.916146,0.000000,0.916146,-0.000000,-0.400845,0.000000,0.000000,0.000000,0.000000,1.000000;;
   }

   Frame Bip01-Spine {
    

    FrameTransformMatrix {
     0.996213,-0.010616,0.086298,0.000000,0.036732,0.950988,-0.307037,0.000000,-0.078809,0.309044,0.947777,0.000000,21.277206,-1.435515,-6.940222,1.000000;;
    }

    Frame Bip01-Neck {
     

     FrameTransformMatrix {
      1.000000,0.000000,-0.000000,0.000000,-0.000000,1.000000,-0.000000,0.000000,0.000000,0.000000,1.000000,0.000000,103.508614,0.000000,-0.003300,1.000000;;
     }

     Frame Bip01-Head {
      

      FrameTransformMatrix {
       0.996212,0.036733,-0.078809,0.000000,-0.044319,0.994319,-0.096778,0.000000,0.074807,0.099905,0.992181,0.000000,4.133331,0.000001,0.000002,1.000000;;
      }

      Frame Bip01-HeadNub {
       

       FrameTransformMatrix {
        1.000000,0.000000,0.000001,0.000000,-0.000000,1.000000,-0.000000,0.000000,-0.000001,0.000000,1.000000,0.000000,7.752213,-0.000000,0.000000,1.000000;;
       }
      }
     }

     Frame Bip01-L-Clavicle {
      

      FrameTransformMatrix {
       0.002320,0.996942,-0.078114,0.000000,0.999997,-0.002375,-0.000610,0.000000,-0.000794,-0.078113,-0.996944,0.000000,-54.763994,39.711587,-11.680034,1.000000;;
      }

      Frame Bip01-L-UpperArm {
       

       FrameTransformMatrix {
        0.290061,-0.945805,-0.146008,0.000000,0.647005,0.306223,-0.698293,0.000000,0.705160,0.108079,0.700763,0.000000,42.473552,0.000000,0.000002,1.000000;;
       }

       Frame Bip01-L-Forearm {
        

        FrameTransformMatrix {
         0.958367,0.000000,-0.285539,0.000000,-0.000000,1.000000,-0.000000,0.000000,0.285539,0.000000,0.958367,0.000000,34.354918,0.000000,-0.000008,1.000000;;
        }

        Frame Bip01-L-Hand {
         

         FrameTransformMatrix {
          0.976649,-0.205895,0.061355,0.000000,-0.118360,-0.277307,0.953463,0.000000,-0.179299,-0.938461,-0.295202,0.000000,32.952138,0.000000,0.000015,1.000000;;
         }

         Frame Bip01-L-Finger0 {
          

          FrameTransformMatrix {
           1.000000,0.000000,-0.000001,0.000000,-0.000000,1.000000,0.000797,0.000000,0.000001,-0.000796,0.999999,0.000000,56.712474,-0.000015,-0.000008,1.000000;;
          }

          Frame Bip01-L-Finger0Nub {
           

           FrameTransformMatrix {
            1.000000,-0.000000,0.000001,0.000000,0.000000,1.000000,0.000002,0.000000,-0.000001,-0.000002,1.000001,0.000000,4.588202,0.000004,-0.000008,1.000000;;
           }
          }
         }

         Frame Object24 {
          

          FrameTransformMatrix {
           0.028661,0.004691,-0.999578,0.000000,-0.998488,0.047055,-0.028409,0.000000,0.046902,0.998881,0.006032,0.000000,26.804275,-1.875286,-1.581268,1.000000;;
          }
         }

         Frame Dummy05 {
          

          FrameTransformMatrix {
           0.028661,0.004687,-0.999578,0.000000,-0.998488,0.047054,-0.028409,0.000000,0.046901,0.998881,0.006029,0.000000,-1.288761,11.476242,32.724125,1.000000;;
          }

          Frame Dummy05_Spr01 {
           

           FrameTransformMatrix {
            1.000000,-0.000000,-0.000000,0.000000,0.000000,1.000000,0.000000,0.000000,-0.000000,-0.000000,1.000000,0.000000,-0.000011,-0.000004,0.000000,1.000000;;
           }
          }
         }

         Frame FxHand00 {
          

          FrameTransformMatrix {
           -0.032700,-0.867156,-0.496961,0.000000,-0.998321,0.052120,-0.025256,0.000000,0.047802,0.495301,-0.867405,0.000000,57.744346,-2.829170,0.299339,1.000000;;
          }
         }
        }

        Frame Object25 {
         

         FrameTransformMatrix {
          0.129950,0.991381,0.016655,0.000000,-0.990178,0.130630,-0.049839,0.000000,-0.051585,-0.010015,0.998618,0.000000,14.969570,0.706680,-2.339851,1.000000;;
         }
        }
       }

       Frame Object26 {
        

        FrameTransformMatrix {
         0.130978,0.991380,0.003047,0.000000,-0.989989,0.130630,0.053445,0.000000,0.052586,-0.010017,0.998566,0.000000,-3.883232,4.704620,-0.663590,1.000000;;
        }
       }

       Frame Dummy07 {
        

        FrameTransformMatrix {
         0.130980,0.991380,0.003046,0.000000,-0.989989,0.130632,0.053445,0.000000,0.052587,-0.010016,0.998566,0.000000,0.687218,40.307603,16.369155,1.000000;;
        }

        Frame Dummy07_Spr01 {
         

         FrameTransformMatrix {
          1.000000,-0.000000,0.000000,0.000000,0.000000,1.000000,-0.000000,0.000000,-0.000000,0.000000,1.000000,0.000000,0.000000,-0.000008,0.000023,1.000000;;
         }
        }
       }
      }
     }

     Frame Bip01-R-Clavicle {
      

      FrameTransformMatrix {
       -0.000001,-1.000000,0.000003,0.000000,-0.999999,0.000001,0.000796,0.000000,-0.000796,-0.000003,-0.999999,0.000000,-54.821363,-62.314515,0.047048,1.000000;;
      }

      Frame Bip01-R-UpperArm {
       

       FrameTransformMatrix {
        0.145558,0.989281,0.011662,0.000000,-0.984707,0.143724,0.098471,0.000000,0.095739,-0.025817,0.995072,0.000000,1.883595,0.000015,0.000004,1.000000;;
       }

       Frame Bip01-R-Forearm {
        

        FrameTransformMatrix {
         0.980067,-0.000000,-0.198670,0.000000,-0.000000,1.000000,-0.000001,0.000000,0.198670,0.000001,0.980067,0.000000,4.346764,0.000008,0.000003,1.000000;;
        }

        Frame Bip01-R-Hand {
         

         FrameTransformMatrix {
          1.000000,-0.000001,-0.000000,0.000000,-0.000000,0.000796,-1.000000,0.000000,0.000001,0.999999,0.000796,0.000000,4.346794,0.000008,-0.000005,1.000000;;
         }

         Frame Bip01-R-Finger0 {
          

          FrameTransformMatrix {
           1.000000,-0.000000,-0.000000,0.000000,0.000000,1.000000,-0.000796,0.000000,0.000000,0.000796,1.000000,0.000000,1.811150,-0.000000,0.000031,1.000000;;
          }

          Frame Bip01-R-Finger0Nub {
           

           FrameTransformMatrix {
            -1.000000,-0.000000,-0.000001,0.000000,-0.000000,1.000000,-0.000002,0.000000,0.000001,-0.000002,-1.000000,0.000000,0.452774,0.000000,-0.000008,1.000000;;
           }
          }
         }
        }
       }
      }
     }
    }

    Frame Object06 {
     

     FrameTransformMatrix {
      -0.000000,1.000000,0.000001,0.000000,1.000000,0.000000,-0.000796,0.000000,-0.000796,0.000001,-1.000000,0.000000,17.400413,2.121187,-14.814163,1.000000;;
     }
    }

    Frame Object07 {
     

     FrameTransformMatrix {
      -0.000000,1.000000,0.000001,0.000000,1.000000,0.000000,-0.000796,0.000000,-0.000796,0.000001,-1.000000,0.000000,54.180678,34.408019,-6.906889,1.000000;;
     }
    }

    Frame Object04 {
     

     FrameTransformMatrix {
      0.000001,1.000000,0.000001,0.000000,1.000000,-0.000001,-0.000796,0.000000,-0.000796,0.000001,-0.999999,0.000000,69.614080,7.819028,-6.995573,1.000000;;
     }
    }

    Frame Dummy03 {
     

     FrameTransformMatrix {
      0.000001,1.000000,0.000001,0.000000,0.000796,-0.000001,1.000000,0.000000,1.000000,-0.000001,-0.000796,0.000000,60.266368,-91.379264,-38.784240,1.000000;;
     }

     Frame Dummy03_Spr01 {
      

      FrameTransformMatrix {
       1.000000,0.000000,0.000000,0.000000,0.000000,1.000000,-0.000000,0.000000,0.000000,0.000000,1.000000,0.000000,-0.000008,0.000008,0.000000,1.000000;;
      }
     }
    }

    Frame Dummy06 {
     

     FrameTransformMatrix {
      0.000001,1.000000,-0.000000,0.000000,1.000000,-0.000001,-0.000801,0.000000,-0.000801,-0.000000,-1.000000,0.000000,101.660365,56.120320,27.970922,1.000000;;
     }

     Frame Dummy06_Spr01 {
      

      FrameTransformMatrix {
       1.000000,0.000000,0.000000,0.000000,-0.000000,1.000000,0.000000,0.000000,0.000000,0.000000,1.000000,0.000000,0.000000,-0.000031,0.000008,1.000000;;
      }
     }
    }

    Frame Dummy10 {
     

     FrameTransformMatrix {
      -0.000000,1.000000,0.000001,0.000000,0.000796,-0.000001,1.000000,0.000000,1.000000,0.000001,-0.000796,0.000000,20.962227,-95.280403,-10.349142,1.000000;;
     }

     Frame Dummy10_Spr01 {
      

      FrameTransformMatrix {
       1.000000,-0.000000,-0.000000,0.000000,0.000000,1.000000,-0.000000,0.000000,0.000000,-0.000000,1.000000,0.000000,0.000000,0.000001,0.000000,1.000000;;
      }
     }
    }

    Frame Object05 {
     

     FrameTransformMatrix {
      0.000000,1.000000,0.000001,0.000000,1.000000,-0.000000,-0.000796,0.000000,-0.000796,0.000001,-1.000000,0.000000,50.682883,-41.120464,-5.825295,1.000000;;
     }

     Frame heart {
      

      FrameTransformMatrix {
       -0.165783,-0.000001,-0.986162,0.000000,-0.986163,0.000000,0.165783,0.000000,-0.000000,1.000000,-0.000001,0.000000,9.086054,-7.930931,15.395496,1.000000;;
      }
     }
    }

    Frame FxTop {
     

     FrameTransformMatrix {
      0.182969,0.032904,0.982568,0.000000,0.981858,0.044478,-0.184326,0.000000,-0.049768,0.998469,-0.024169,0.000000,150.345638,5.340084,-0.983939,1.000000;;
     }
    }

    Frame FxShot {
     

     FrameTransformMatrix {
      -0.027902,-0.020675,0.999397,0.000000,0.999579,-0.008579,0.027729,0.000000,0.008000,0.999750,0.020905,0.000000,41.200698,3.765273,4.830144,1.000000;;
     }
    }
   }

   Frame Bone01 {
    

    FrameTransformMatrix {
     -0.629831,-0.132788,-0.765298,0.000000,-0.057164,0.990531,-0.124822,0.000000,0.774626,-0.034869,-0.631457,0.000000,3.398338,-5.462452,-21.771218,1.000000;;
    }

    Frame Bone02 {
     

     FrameTransformMatrix {
      0.997512,0.048087,0.051555,0.000000,-0.047421,0.998776,-0.014067,0.000000,-0.052168,0.011587,0.998571,0.000000,24.413120,-0.000006,0.000011,1.000000;;
     }

     Frame Bone03 {
      

      FrameTransformMatrix {
       0.479769,0.060625,-0.875298,0.000000,-0.384142,0.911427,-0.147429,0.000000,0.788833,0.406970,0.460563,0.000000,17.936098,-0.000003,-0.000008,1.000000;;
      }

      Frame Bone04 {
       

       FrameTransformMatrix {
        1.000000,0.000000,0.000000,0.000000,-0.000000,1.000000,0.000000,0.000000,0.000000,-0.000000,1.000000,0.000000,29.001210,0.000006,0.000015,1.000000;;
       }
      }

      Frame Object29 {
       

       FrameTransformMatrix {
        0.159120,0.909572,0.383876,0.000000,-0.839073,0.329485,-0.432892,0.000000,-0.520227,-0.253218,0.815625,0.000000,10.920303,-1.526894,4.608173,1.000000;;
       }
      }
     }

     Frame Object28 {
      

      FrameTransformMatrix {
       -0.008789,0.996718,-0.080477,0.000000,-0.646413,0.055741,0.760949,0.000000,0.762937,0.058709,0.643802,0.000000,8.322410,-2.343864,-2.438042,1.000000;;
      }
     }
    }

    Frame Object27 {
     

     FrameTransformMatrix {
      -0.094850,0.993294,-0.066120,0.000000,-0.518318,0.007430,0.855156,0.000000,0.849912,0.115383,0.514137,0.000000,16.779571,2.432108,4.633446,1.000000;;
     }
    }

    Frame Dummy08 {
     

     FrameTransformMatrix {
      -0.094852,0.993293,-0.066119,0.000000,-0.504891,0.009241,0.863134,0.000000,0.857956,0.115253,0.500628,0.000000,11.999596,19.126202,9.251266,1.000000;;
     }

     Frame Dummy08_Spr01 {
      

      FrameTransformMatrix {
       1.000000,0.000000,-0.000000,0.000000,-0.000000,1.000000,0.000000,0.000000,0.000000,-0.000000,1.000000,0.000000,-0.000001,-0.000004,-0.000002,1.000000;;
      }
     }
    }
   }

   Frame Object21 {
    

    FrameTransformMatrix {
     -0.000000,1.000000,0.000003,0.000000,0.999831,0.000000,0.018370,0.000000,0.018370,0.000003,-0.999831,0.000000,-9.056797,2.768039,-0.330585,1.000000;;
    }
   }

   Frame Object20 {
    

    FrameTransformMatrix {
     -0.000000,1.000000,0.000003,0.000000,0.999826,0.000000,0.018670,0.000000,0.018670,0.000003,-0.999826,0.000000,3.344772,1.508601,-0.735835,1.000000;;
    }
   }

   Frame Bip01-L-Thigh {
    

    FrameTransformMatrix {
     -0.172098,0.913613,0.368365,0.000000,-0.046993,-0.381133,0.923325,0.000000,0.983958,0.141592,0.108526,0.000000,-0.000023,20.505661,0.000023,1.000000;;
    }

    Frame Bip01-L-Calf {
     

     FrameTransformMatrix {
      0.138924,0.000000,-0.990303,0.000000,-0.000000,1.000001,0.000000,0.000000,0.990304,0.000000,0.138924,0.000000,35.632797,0.000013,0.000004,1.000000;;
     }

     Frame Bip01-L-Foot {
      

      FrameTransformMatrix {
       0.986467,0.132843,0.096099,0.000000,-0.009037,0.629283,-0.777124,0.000000,-0.163709,0.765738,0.621968,0.000000,32.957366,-0.000003,-0.000011,1.000000;;
      }

      Frame Bip01-L-Toe0 {
       

       FrameTransformMatrix {
        0.000002,-0.050176,0.998741,0.000000,-0.000000,0.998740,0.050176,0.000000,-1.000000,-0.000000,0.000001,0.000000,5.551545,-0.358482,7.135582,1.000000;;
       }

       Frame Bip01-L-Toe0Nub {
        

        FrameTransformMatrix {
         -1.000000,-0.000000,0.000000,0.000000,-0.000000,1.000000,0.000000,0.000000,-0.000000,0.000000,-1.000000,0.000000,0.724110,-0.000004,0.000000,1.000000;;
        }
       }
      }
     }

     Frame Object23 {
      

      FrameTransformMatrix {
       -0.452418,-0.503310,0.736204,0.000000,-0.818585,-0.093214,-0.566770,0.000000,0.353886,-0.859063,-0.369831,0.000000,17.765014,0.637606,3.242683,1.000000;;
      }
     }
    }

    Frame Object22 {
     

     FrameTransformMatrix {
      0.703660,-0.668869,0.239745,0.000000,-0.405086,-0.100432,0.908746,0.000000,-0.583754,-0.736566,-0.341619,0.000000,15.972763,0.586480,6.282894,1.000000;;
     }
    }
   }

   Frame Bip01-R-Thigh {
    

    FrameTransformMatrix {
     -0.054071,-0.772677,0.632493,0.000000,0.058623,-0.634783,-0.770463,0.000000,0.996815,-0.004581,0.079619,0.000000,0.000027,-20.505659,-0.000024,1.000000;;
    }

    Frame Bip01-R-Calf {
     

     FrameTransformMatrix {
      0.163780,-0.000000,-0.986497,0.000000,-0.000000,1.000000,-0.000000,0.000000,0.986497,0.000000,0.163780,0.000000,42.986915,0.000002,0.000004,1.000000;;
     }

     Frame Bip01-R-Foot {
      

      FrameTransformMatrix {
       0.986088,-0.154055,-0.062427,0.000000,0.112470,0.341829,0.933008,0.000000,-0.122395,-0.927049,0.354400,0.000000,38.551248,0.000006,0.000011,1.000000;;
      }

      Frame Bip01-R-Toe0 {
       

       FrameTransformMatrix {
        -0.000000,0.000000,1.000000,0.000000,-0.000000,1.000000,-0.000000,0.000000,-1.000000,-0.000000,-0.000000,0.000000,5.511752,0.000008,8.369247,1.000000;;
       }

       Frame Bip01-R-Toe0Nub {
        

        FrameTransformMatrix {
         1.000000,-0.000000,0.000000,0.000000,-0.000000,1.000000,-0.000000,0.000000,-0.000000,-0.000000,1.000000,0.000000,2.202333,-0.000004,0.000000,1.000000;;
        }
       }
      }
     }

     Frame Object19 {
      

      FrameTransformMatrix {
       0.408123,-0.574298,-0.709661,0.000000,-0.807834,0.134913,-0.573762,0.000000,0.425253,0.807453,-0.408876,0.000000,25.893170,-1.194645,3.051006,1.000000;;
      }
     }
    }

    Frame Dummy01 {
     

     FrameTransformMatrix {
      0.762817,0.000000,-0.646614,0.000000,-0.000000,1.000000,-0.000000,0.000000,0.646614,0.000000,0.762817,0.000000,42.986906,-0.000003,0.000008,1.000000;;
     }

     Frame Object18 {
      

      FrameTransformMatrix {
       -0.308974,0.180612,-0.933764,0.000000,-0.932620,0.134913,0.334691,0.000000,0.186426,0.974258,0.126758,0.000000,-0.535864,2.077070,-3.118591,1.000000;;
      }
     }
    }

    Frame Object17 {
     

     FrameTransformMatrix {
      -0.807059,-0.574298,-0.137250,0.000000,-0.258667,0.134913,0.956499,0.000000,-0.530799,0.807453,-0.257435,0.000000,14.065261,1.532614,2.448254,1.000000;;
     }
    }

    Frame Dummy04 {
     

     FrameTransformMatrix {
      -0.807059,-0.574298,-0.137250,0.000000,-0.258667,0.134913,0.956499,0.000000,-0.530798,0.807453,-0.257435,0.000000,39.273219,0.195585,13.507854,1.000000;;
     }

     Frame Dummy04_Spr01 {
      

      FrameTransformMatrix {
       1.000000,0.000000,-0.000000,0.000000,-0.000000,1.000000,-0.000000,0.000000,-0.000000,0.000000,1.000000,0.000000,0.000008,0.000000,0.000004,1.000000;;
      }
     }
    }
   }
  }

  Frame FxCenter {
   

   FrameTransformMatrix {
    0.991859,0.106050,-0.070487,0.000000,-0.104993,0.994300,0.018550,0.000000,0.072053,-0.010998,0.997340,0.000000,0.000008,0.575722,1.892205,1.000000;;
   }
  }
 }

 Frame Dummy02 {
  

  FrameTransformMatrix {
   -0.000000,0.000000,1.000000,0.000000,0.000000,1.000000,0.000000,0.000000,-1.000000,0.000000,-0.000000,0.000000,-44.494682,-0.078359,11.409011,1.000000;;
  }

  Frame Point01 {
   

   FrameTransformMatrix {
    1.000000,0.000000,-0.000000,0.000000,0.000000,1.000000,0.000000,0.000000,0.000000,0.000000,1.000000,0.000000,3.728622,48.235946,25.091808,1.000000;;
   }
  }
 }

 Frame Object14 {
  

  FrameTransformMatrix {
   0.000003,0.000000,1.000000,0.000000,0.000000,1.000000,0.000000,0.000000,-1.000000,0.000000,0.000003,0.000000,-46.831536,136.336013,-85.143706,1.000000;;
  }
 }

 Frame Object13 {
  

  FrameTransformMatrix {
   0.876301,0.003599,0.481750,0.000000,-0.014068,0.999737,0.018121,0.000000,-0.481559,-0.022656,0.876121,0.000000,21.372158,107.025254,-105.497498,1.000000;;
  }
 }

 Frame Object12 {
  

  FrameTransformMatrix {
   -0.000000,0.000000,1.000000,0.000000,0.000000,1.000000,0.000000,0.000000,-1.000000,0.000000,-0.000000,0.000000,8.886206,55.561677,-58.761850,1.000000;;
  }
 }

 Frame Object11 {
  

  FrameTransformMatrix {
   0.000003,0.000000,1.000000,0.000000,0.000000,1.000000,-0.000000,0.000000,-1.000000,0.000000,0.000003,0.000000,-30.185750,58.530816,74.284723,1.000000;;
  }
 }

 Frame Object10 {
  

  FrameTransformMatrix {
   0.000001,0.000000,1.000000,0.000000,-0.000005,1.000000,0.000000,0.000000,-1.000000,-0.000005,0.000001,0.000000,14.411757,131.529318,122.306944,1.000000;;
  }
 }

 Frame Object09 {
  

  FrameTransformMatrix {
   0.000000,0.000000,1.000000,0.000000,-0.000005,1.000000,0.000000,0.000000,-1.000000,-0.000005,0.000000,0.000000,45.229786,163.567872,53.853286,1.000000;;
  }
 }

 Frame Object15 {
  

  FrameTransformMatrix {
   0.000001,-0.000000,1.000000,0.000000,0.000000,1.000000,-0.000000,0.000000,-1.000000,0.000000,0.000001,0.000000,-29.194102,54.107386,22.759314,1.000000;;
  }
 }

 Frame Object01 {
  

  FrameTransformMatrix {
   1.000000,0.000000,0.000000,0.000000,0.000000,1.000000,-0.000000,0.000000,0.000000,0.000000,1.000000,0.000000,-19.623112,94.772499,-91.792838,1.000000;;
  }

  Frame FxHand01 {
   

   FrameTransformMatrix {
    1.000000,-0.000002,-0.000004,0.000000,0.000002,0.999941,0.010869,0.000000,0.000004,-0.010869,0.999941,0.000000,-2.005665,1.465828,0.460922,1.000000;;
   }
  }
 }

 Frame Object02 {
  

  FrameTransformMatrix {
   0.000006,0.000000,1.000000,0.000000,0.000000,1.000000,-0.000000,0.000000,-1.000000,0.000000,0.000006,0.000000,-20.000934,92.326714,-91.822662,1.000000;;
  }
 }

 Frame FxBottom {
  

  FrameTransformMatrix {
   1.000000,0.000000,0.000000,0.000000,0.000000,1.000000,0.000000,0.000000,0.000000,0.000000,1.000000,0.000000,-4.390457,0.000000,-0.110923,1.000000;;
  }
 }
}

Frame BloodGolem_Skel {
 

 FrameTransformMatrix {
  1.000000,0.000000,0.000000,0.000000,0.000000,1.000000,0.000000,0.000000,0.000000,0.000000,1.000000,0.000000,0.000000,0.000000,0.000000,1.000000;;
 }

 Mesh BloodGolem_Skel {
  6971;
  26.663422;70.992934;95.757005;,
  23.397202;75.823904;106.511386;,
  27.739760;73.908813;102.462266;,
  15.543451;35.327910;-17.290549;,
  11.115390;35.012592;-19.198354;,
  15.638837;35.016736;-17.951179;,
  14.516837;36.017795;-16.428741;,
  13.183709;37.732490;-14.913790;,
  10.279404;38.382118;-15.836038;,
  6.885787;37.428208;-16.371373;,
  7.192692;35.411475;-19.138283;,
  4.764919;37.405312;-16.883528;,
  3.182686;35.878570;-18.866917;,
  3.244496;33.893206;-22.102658;,
  7.223598;34.418781;-20.756147;,
  9.114950;33.254541;-24.451982;,
  5.350919;32.900032;-23.717504;,
  7.842989;31.375174;-25.800400;,
  0.190555;31.978378;-28.402307;,
  -3.932595;33.922397;-25.241461;,
  -4.053594;37.808502;-18.907894;,
  -0.956591;40.796906;-15.025650;,
  3.194782;40.841734;-14.023174;,
  4.211557;30.666282;-30.048509;,
  12.333412;31.348640;-28.933501;,
  11.992317;31.723763;-25.230763;,
  15.529235;30.439069;-28.562592;,
  13.187332;32.113632;-23.799392;,
  17.714062;30.706022;-26.642813;,
  15.962197;31.713824;-23.784165;,
  19.817555;32.611168;-22.329960;,
  17.714062;30.706022;-26.642813;,
  15.378173;33.223296;-20.615210;,
  20.733762;34.794122;-19.936946;,
  15.846251;34.338554;-19.392642;,
  20.547870;35.403008;-18.642654;,
  15.751288;34.649632;-18.731382;,
  -3.680921;53.997344;-36.733242;,
  -1.834270;58.511264;-37.518045;,
  -2.228218;55.657306;-40.255846;,
  -4.934553;60.446963;-38.002080;,
  -1.648548;59.297286;-35.987990;,
  3.029969;60.902918;-27.141674;,
  0.474760;57.580250;-24.618942;,
  5.368934;58.239258;-22.890358;,
  -0.391612;59.963782;-27.827699;,
  -4.264793;56.813491;-26.298234;,
  -7.113077;61.222451;-30.059494;,
  -8.448824;55.725402;-33.329594;,
  -8.687494;59.964499;-36.272691;,
  -4.766085;61.497485;-36.525018;,
  -8.545883;61.362157;-34.875930;,
  -1.766086;61.385088;-30.520381;,
  2.136381;63.375430;-28.930291;,
  -0.391612;59.963782;-27.827699;,
  8.196396;60.251046;-24.429397;,
  10.853206;57.485235;-22.956046;,
  1.226058;61.880960;-34.177757;,
  3.187684;59.267110;-34.554624;,
  4.243836;62.125357;-33.358742;,
  3.557175;64.008006;-32.128883;,
  9.611024;60.884794;-27.307843;,
  16.374008;58.661325;-23.587098;,
  15.901325;57.589184;-19.361805;,
  15.335922;59.609926;-28.118266;,
  12.739921;61.822528;-30.686042;,
  3.974295;61.377242;-35.857302;,
  3.752810;60.664774;-38.390998;,
  8.506950;63.878989;-38.736851;,
  21.314333;54.783661;-21.026162;,
  22.639709;53.754509;-27.288499;,
  20.407845;56.443866;-28.656570;,
  18.689160;58.442125;-31.517773;,
  16.820891;62.512288;-31.286563;,
  12.110117;63.696390;-35.660227;,
  10.680158;63.358118;-40.799376;,
  8.118783;59.337126;-42.621661;,
  23.735043;49.693853;-23.444462;,
  22.990272;49.260186;-30.533814;,
  21.635494;55.183142;-32.305798;,
  18.276232;57.501862;-34.177600;,
  17.248677;55.471834;-37.374102;,
  17.673141;58.413510;-37.435958;,
  24.583195;44.261491;-33.320259;,
  22.973675;44.047638;-28.280563;,
  24.820246;41.873002;-31.563114;,
  22.363341;46.995376;-31.191485;,
  22.448334;47.119731;-26.691022;,
  25.575413;52.155379;-33.002160;,
  19.014157;55.273459;-33.414819;,
  20.760474;54.685318;-35.675811;,
  22.750926;51.275402;-38.154915;,
  24.992336;48.204624;-33.534314;,
  23.596592;46.191840;-36.547792;,
  19.256851;41.811078;-37.020685;,
  19.634834;45.349043;-41.078224;,
  24.992336;48.204624;-33.534314;,
  12.463432;56.189530;-42.649354;,
  18.980858;53.313754;-42.935386;,
  20.504178;49.526563;-40.646880;,
  15.930141;47.965949;-40.791418;,
  16.370053;47.018272;-42.083840;,
  16.743130;54.168307;-44.959824;,
  13.825310;49.254874;-46.439293;,
  13.764563;55.635507;-47.190173;,
  15.568352;49.211923;-42.709565;,
  13.408481;43.675706;-43.249482;,
  10.836759;47.197856;-48.204736;,
  7.652520;46.898182;-47.741318;,
  8.463182;44.464774;-43.247872;,
  4.284953;45.681485;-42.278998;,
  2.958846;42.898787;-40.665466;,
  -1.915489;44.611024;-36.450269;,
  -2.095015;41.019523;-36.016173;,
  -7.127374;45.665136;-36.530301;,
  -7.788702;47.893302;-33.514099;,
  -6.658602;53.387043;-27.677261;,
  -8.897447;56.586291;-27.707344;,
  -8.896262;50.100659;-36.624906;,
  -1.324027;51.975635;-22.005074;,
  -3.341463;55.194304;-21.101982;,
  -4.271444;57.899456;-23.407886;,
  -4.264793;56.813491;-26.298234;,
  -8.448824;55.725402;-33.329594;,
  -3.680921;53.997344;-36.733242;,
  -2.075115;45.898262;-40.899334;,
  -2.801449;51.117936;-41.984134;,
  -2.228218;55.657306;-40.255846;,
  3.034071;57.887987;-42.568266;,
  -1.834270;58.511264;-37.518045;,
  3.752810;60.664774;-38.390998;,
  3.187684;59.267110;-34.554624;,
  -1.648548;59.297286;-35.987990;,
  6.174240;57.677683;-48.005843;,
  1.044769;53.824397;-43.167626;,
  4.176808;54.696634;-48.314163;,
  8.649829;58.253638;-47.776886;,
  5.106412;48.570934;-47.645309;,
  8.090899;53.122704;-50.538224;,
  21.024814;48.240544;-21.190445;,
  22.422426;41.614442;-21.149288;,
  22.501280;44.073677;-22.134602;,
  21.783947;48.228838;-23.070606;,
  23.347611;39.497213;-24.635776;,
  22.769429;41.013885;-25.293062;,
  21.568403;41.438099;-21.123707;,
  19.822250;43.640538;-18.564285;,
  20.576406;38.166419;-17.439254;,
  21.274515;45.201424;-17.618066;,
  17.392288;50.164086;-17.339821;,
  18.389504;50.617677;-19.371770;,
  17.302518;46.084333;-17.007709;,
  15.830843;42.196195;-14.290312;,
  18.647234;39.776662;-15.486256;,
  13.279331;44.039341;-12.569715;,
  14.781285;47.976672;-15.389667;,
  17.463045;46.750230;-16.430336;,
  20.636034;37.520416;-16.588478;,
  18.606762;39.110611;-14.644226;,
  15.640109;41.620429;-13.452114;,
  12.985624;43.528064;-11.650663;,
  15.185006;40.489869;-13.097780;,
  18.131606;38.080979;-14.135504;,
  20.141069;36.730678;-15.822336;,
  20.327814;36.121578;-17.115438;,
  20.699482;36.391062;-17.599637;,
  12.620146;42.311462;-11.332199;,
  9.837345;42.708877;-12.975321;,
  19.352387;35.873478;-18.231552;,
  15.751288;34.649632;-18.731382;,
  20.547870;35.403008;-18.642654;,
  15.140507;34.889990;-18.521378;,
  11.115390;35.012592;-19.198354;,
  15.638837;35.016736;-17.951179;,
  21.162472;38.573120;-20.909018;,
  19.567662;38.630326;-35.065997;,
  22.561005;37.838208;-30.309475;,
  19.390278;35.753338;-33.137718;,
  19.888699;34.583770;-31.665901;,
  22.915862;37.453078;-27.223344;,
  22.112602;37.715501;-26.819426;,
  22.278686;40.072141;-23.560739;,
  21.204973;36.403901;-21.042189;,
  20.879630;35.802896;-18.849693;,
  22.887013;39.882842;-33.153702;,
  19.369579;40.426102;-36.112794;,
  18.451974;39.687942;-37.369251;,
  18.630371;40.378266;-38.637830;,
  14.139390;40.613763;-40.737846;,
  14.268054;42.506835;-40.790605;,
  7.995074;42.208176;-43.088621;,
  15.893280;36.741370;-37.451898;,
  10.165585;39.371536;-42.132451;,
  15.401522;38.422301;-39.387562;,
  9.951395;40.343277;-42.395517;,
  17.907864;38.063232;-37.098595;,
  16.062267;35.874784;-36.690826;,
  16.913464;32.988896;-34.768608;,
  16.223786;34.054240;-36.636429;,
  7.767837;38.020362;-39.428262;,
  10.714163;38.523142;-39.198384;,
  7.296901;40.220816;-41.749357;,
  2.507729;41.758925;-39.265526;,
  -1.922981;39.572333;-34.626790;,
  1.726138;39.327254;-37.167085;,
  12.605969;35.398822;-35.422470;,
  16.866840;33.568726;-34.115056;,
  13.051197;34.954589;-34.255184;,
  10.640504;36.924867;-37.807254;,
  1.799231;36.540086;-37.160451;,
  -1.907763;38.126810;-33.299251;,
  -5.981762;44.159629;-28.518832;,
  4.162054;36.408509;-34.312413;,
  6.210174;34.633533;-33.172538;,
  -1.043477;37.235053;-32.423542;,
  -6.975792;42.273926;-27.364739;,
  -0.786346;37.099229;-32.074806;,
  -0.107399;33.540237;-29.522416;,
  -1.096400;38.362893;-29.273683;,
  -3.067553;35.276746;-26.471288;,
  -4.220942;39.618077;-20.535589;,
  -4.602273;43.741568;-24.244621;,
  -4.059101;34.544698;-26.092661;,
  -0.615956;32.675219;-29.296675;,
  4.821151;31.876323;-31.001347;,
  12.388009;31.797024;-31.451578;,
  -4.930087;38.909834;-19.801194;,
  -0.546281;42.803344;-16.928290;,
  0.388713;47.375440;-21.263898;,
  -1.296189;42.155997;-15.967248;,
  -0.956591;40.796906;-15.025650;,
  -4.053594;37.808502;-18.907894;,
  -3.932595;33.922397;-25.241461;,
  0.190555;31.978378;-28.402307;,
  4.215840;31.058387;-30.885808;,
  12.422069;31.893952;-29.927984;,
  15.772827;30.742195;-31.151117;,
  19.569259;35.329872;-31.037507;,
  4.211557;30.666282;-30.048509;,
  12.333412;31.348640;-28.933501;,
  15.878019;30.844330;-29.593571;,
  18.279885;32.116339;-27.983194;,
  15.529235;30.439069;-28.562592;,
  18.209290;31.244259;-27.628102;,
  20.517539;34.167978;-23.699222;,
  21.277562;35.634566;-20.492947;,
  20.733762;34.794122;-19.936946;,
  20.491034;33.328886;-23.169179;,
  19.817555;32.611168;-22.329960;,
  17.714062;30.706022;-26.642813;,
  -16.331330;5.030430;116.141504;,
  -21.051869;0.162544;102.296102;,
  -15.759227;0.124002;116.014835;,
  -21.468414;5.227545;101.743104;,
  -18.663365;0.142088;89.130445;,
  -19.042672;4.989262;88.027802;,
  -12.081382;-0.145679;80.476992;,
  -12.265834;4.657824;78.947661;,
  -6.333459;-0.324881;73.893754;,
  -16.740966;10.658798;88.590541;,
  -10.461234;10.584721;80.289024;,
  -20.566605;7.110697;101.288339;,
  -30.506374;18.233024;95.804026;,
  -34.714768;24.139613;95.549370;,
  -29.183040;23.070904;93.362336;,
  -28.489936;17.545899;91.871155;,
  -26.949638;14.093190;103.868909;,
  -20.887336;13.682715;91.447027;,
  -23.522130;10.474022;101.665984;,
  -14.928472;7.773037;115.702682;,
  -27.644870;28.010160;92.331706;,
  -32.036384;27.954541;96.485824;,
  -27.684282;22.158622;88.650970;,
  -20.492603;20.267094;86.278099;,
  -16.669102;18.792328;81.890445;,
  -10.098082;14.500368;79.617427;,
  -4.859273;10.914058;75.017075;,
  -5.064249;20.918253;74.580992;,
  -4.209024;26.500525;75.797056;,
  -4.705306;18.956539;75.325830;,
  3.482897;10.864878;72.397856;,
  3.405892;7.253712;71.838854;,
  2.820230;4.936588;70.374995;,
  -5.764792;4.719130;73.043027;,
  2.489571;0.153992;71.177856;,
  12.529692;0.094353;70.071776;,
  12.577082;4.878628;69.326310;,
  13.019671;7.196596;70.819136;,
  12.950807;10.808626;71.407731;,
  12.876387;18.852459;71.762682;,
  12.399970;20.814867;71.041709;,
  12.931352;25.353958;72.321869;,
  13.681470;27.402899;69.732077;,
  -4.987928;27.513421;73.515584;,
  13.421130;29.191888;69.164621;,
  -5.547519;29.304179;73.008794;,
  13.679810;30.960480;69.932371;,
  -4.867950;31.070294;73.691238;,
  13.364358;32.359037;73.070534;,
  -3.246142;32.457366;76.436806;,
  13.285652;37.591366;74.029664;,
  -2.740740;37.686240;77.277613;,
  13.373475;38.624435;73.119866;,
  -3.225314;38.727715;76.479424;,
  -3.199806;39.857811;76.554016;,
  -5.033883;34.071530;79.320006;,
  -3.777295;37.489821;81.026445;,
  -8.834964;41.267613;89.174285;,
  -9.895024;34.372230;81.398061;,
  -8.737314;27.883059;76.864512;,
  -17.397397;38.604688;90.696179;,
  -15.788192;28.127984;83.611405;,
  -21.499523;28.043450;87.748147;,
  -15.191493;33.606010;85.158701;,
  -27.001680;30.715795;92.274317;,
  -30.202499;29.825446;94.638810;,
  -19.585086;35.876851;93.188269;,
  -24.216843;32.928813;95.898810;,
  -30.834675;31.425485;96.970125;,
  -31.400048;28.112262;98.225158;,
  -35.778541;25.445090;99.487322;,
  -31.400048;28.112262;98.225158;,
  -35.296128;18.491733;97.408122;,
  -37.635654;20.808043;97.761978;,
  -42.010858;23.536896;98.844294;,
  -39.633392;25.302109;100.533094;,
  -43.469939;23.497158;101.657754;,
  -35.248544;23.347206;103.668966;,
  -35.186275;26.026058;101.749370;,
  -32.036384;27.954541;96.485824;,
  -29.183040;23.070904;93.362336;,
  -43.469939;23.497158;101.657754;,
  -36.139283;19.547528;102.864326;,
  -35.248544;23.347206;103.668966;,
  -33.474838;20.546429;106.767891;,
  -16.657395;13.240553;116.119334;,
  -23.311562;14.724875;113.007360;,
  -23.818523;17.854386;110.730240;,
  -27.928621;15.956582;104.201734;,
  -33.553101;16.975938;103.174189;,
  7.830131;4.344954;133.679910;,
  18.212619;9.806518;131.749338;,
  7.212381;10.024561;132.422758;,
  8.824622;12.890434;132.476301;,
  5.072169;12.548561;129.215872;,
  -0.223226;11.648279;127.414413;,
  0.498594;10.389602;131.880218;,
  -0.005390;5.028974;132.529178;,
  -0.400740;3.107716;131.632589;,
  -6.582173;0.042547;126.251520;,
  -6.546357;4.629488;126.813094;,
  -6.687879;11.740910;125.665114;,
  -7.203914;16.597522;124.276621;,
  1.496320;16.531568;126.642778;,
  7.509803;14.157568;128.171597;,
  -15.759227;0.124002;116.014835;,
  -16.331330;5.030430;116.141504;,
  -14.928472;7.773037;115.702682;,
  -16.657395;13.240553;116.119334;,
  -13.498202;15.421707;119.118016;,
  -19.924893;20.764059;115.016602;,
  -15.485445;24.565349;114.258842;,
  -23.665565;25.013027;111.622387;,
  -22.806397;27.453830;112.198298;,
  -25.175904;25.305454;108.753421;,
  -33.711117;23.953202;105.831405;,
  -23.818523;17.854386;110.730240;,
  -23.311562;14.724875;113.007360;,
  -23.720509;27.537088;109.296371;,
  -29.937968;27.177085;104.569440;,
  -29.587494;28.705885;103.725702;,
  -23.293149;30.213318;109.271027;,
  -26.830544;31.358218;104.006720;,
  -29.195786;28.447200;101.500435;,
  -35.186275;26.026058;101.749370;,
  -31.632042;26.140131;107.561152;,
  -33.474838;20.546429;106.767891;,
  -35.248544;23.347206;103.668966;,
  -18.628765;38.339203;101.955821;,
  -27.201622;31.842438;100.629242;,
  -30.834675;31.425485;96.970125;,
  -31.400048;28.112262;98.225158;,
  -35.778541;25.445090;99.487322;,
  -8.834964;41.267613;89.174285;,
  -16.984245;41.899171;101.704122;,
  -10.390002;44.218003;99.718125;,
  -17.397397;38.604688;90.696179;,
  -19.585086;35.876851;93.188269;,
  -24.216843;32.928813;95.898810;,
  -7.365617;43.910394;88.322253;,
  -9.726516;48.096704;97.836448;,
  -8.616317;47.189126;88.996141;,
  -9.069924;47.449712;106.643462;,
  -10.600104;43.418944;108.259008;,
  -14.873086;39.685498;111.216512;,
  -17.055501;36.627411;109.024870;,
  -13.329305;27.287987;115.255002;,
  -22.366787;30.838685;112.223155;,
  -17.843101;24.465405;123.839206;,
  -15.150242;23.396213;124.133606;,
  -16.127902;27.390166;121.878157;,
  -16.962021;25.049400;121.008909;,
  -11.482598;31.662736;114.565606;,
  -12.091628;30.173747;119.397005;,
  -12.745382;27.052851;122.960307;,
  -11.958186;30.312358;122.168653;,
  -14.804901;27.401981;122.530330;,
  -12.528615;25.456752;124.205862;,
  -15.454739;24.587699;127.255309;,
  -15.354930;23.249813;127.116045;,
  -5.926197;24.198195;127.444890;,
  -5.719159;21.422499;127.155981;,
  -2.631149;26.259747;126.694298;,
  -9.322135;28.919174;124.812198;,
  -2.227904;20.854381;126.131648;,
  -10.147912;19.697224;124.644262;,
  -15.594931;21.924893;124.530726;,
  -16.260960;19.105728;121.075046;,
  -21.264339;22.764019;124.852838;,
  -22.786750;23.515174;123.668339;,
  20.764781;9.095928;125.365965;,
  21.799259;3.850773;128.505997;,
  22.797726;3.572220;126.171699;,
  19.923394;-0.241888;129.158003;,
  23.072040;2.653158;127.008960;,
  17.124464;0.989538;132.719066;,
  6.415652;1.192534;133.094003;,
  18.999046;3.510372;132.728550;,
  20.782690;9.425310;128.382797;,
  20.892078;14.129966;125.199053;,
  6.462125;-0.017513;130.438067;,
  21.279328;19.326554;126.607411;,
  20.899059;14.327221;127.383386;,
  -0.220301;1.869787;128.941120;,
  8.674114;16.666914;127.856218;,
  12.170669;20.176163;127.704998;,
  19.638790;23.547310;128.090470;,
  14.997915;24.785901;129.832077;,
  19.534077;25.682080;130.017869;,
  17.105440;25.948768;131.556173;,
  19.235253;13.048263;132.510630;,
  4.404414;21.672941;128.826931;,
  8.057496;26.801053;131.229120;,
  3.736264;29.081386;131.912090;,
  10.226966;27.942691;133.066074;,
  13.329354;32.914307;132.560026;,
  18.356648;30.387757;132.967718;,
  16.894658;31.982883;130.632243;,
  17.516395;32.920304;128.740710;,
  7.523870;31.404214;134.482957;,
  18.959763;30.915824;130.225011;,
  19.095109;28.292064;130.620467;,
  18.816418;26.116581;132.723302;,
  18.421970;28.244368;133.397248;,
  17.979774;32.064182;126.238912;,
  19.660022;30.831398;128.536922;,
  19.810666;28.308074;128.913165;,
  20.237736;25.797886;128.356058;,
  19.746734;23.673901;125.250470;,
  21.024307;19.265979;124.100070;,
  21.185470;46.734189;121.907776;,
  19.972198;41.022717;123.681792;,
  20.838114;40.730358;122.654285;,
  20.078797;39.725811;125.393216;,
  20.919928;39.613082;123.552461;,
  19.630195;38.549283;125.782707;,
  20.506786;38.321507;123.802726;,
  18.848366;37.547005;125.262054;,
  19.746442;37.348573;123.294195;,
  17.322789;38.963539;125.723814;,
  17.204693;40.228387;125.442586;,
  16.229120;40.814752;126.034957;,
  14.524586;35.348307;129.524506;,
  16.024880;39.344352;126.508570;,
  15.683414;40.031635;126.544538;,
  16.123501;44.407654;125.983642;,
  19.556694;46.575110;125.676070;,
  11.963768;35.617200;132.225741;,
  12.855575;40.408051;129.007488;,
  13.746022;43.475616;128.581568;,
  10.073847;47.718346;127.947162;,
  -7.984242;31.087782;133.630605;,
  2.636010;32.148038;133.010662;,
  -5.395612;34.787587;136.354854;,
  8.134098;34.432285;133.973082;,
  10.994986;34.556125;133.335693;,
  4.160678;35.394413;134.003149;,
  8.100463;41.073373;132.100736;,
  -0.624723;36.119334;134.041382;,
  -6.937928;36.815946;135.757043;,
  2.808534;41.243446;132.398182;,
  5.621719;45.070902;133.741018;,
  9.840910;45.257514;129.523802;,
  2.892317;46.081738;132.367245;,
  0.745755;44.916573;133.923034;,
  -1.266303;45.948266;132.318157;,
  -1.931062;49.628448;129.568371;,
  -12.833068;42.262771;139.535552;,
  -14.368632;40.860432;140.012915;,
  -17.158272;40.282013;141.719347;,
  -17.586720;38.709491;140.165645;,
  -9.245754;33.392701;133.184922;,
  -11.819678;48.140320;134.672678;,
  -12.572838;47.362083;136.653133;,
  -10.815589;44.944541;137.704883;,
  -13.604122;43.773200;140.856653;,
  -13.411599;43.594563;136.663168;,
  -16.293918;41.282669;138.893965;,
  -17.158272;40.282013;141.719347;,
  -12.572838;47.362083;136.653133;,
  -17.586720;38.709491;140.165645;,
  -17.858051;38.222931;138.557760;,
  -20.882408;40.073398;139.422886;,
  -19.570362;41.738205;138.401587;,
  -21.337406;43.064806;138.904986;,
  -13.185905;46.786458;134.065370;,
  -11.819678;48.140320;134.672678;,
  18.677272;32.722355;-58.362624;,
  16.906920;30.711978;-55.168698;,
