xof 0303txt 0032
template ColorRGBA {
 <35ff44e0-6c7c-11cf-8f52-0040333594a3>
 FLOAT red;
 FLOAT green;
 FLOAT blue;
 FLOAT alpha;
}

template ColorRGB {
 <d3e16e81-7835-11cf-8f52-0040333594a3>
 FLOAT red;
 FLOAT green;
 FLOAT blue;
}

template Material {
 <3d82ab4d-62da-11cf-ab39-0020af71e433>
 ColorRGBA faceColor;
 FLOAT power;
 ColorRGB specularColor;
 ColorRGB emissiveColor;
 [...]
}

template TextureFilename {
 <a42790e1-7810-11cf-8f52-0040333594a3>
 STRING filename;
}

template Frame {
 <3d82ab46-62da-11cf-ab39-0020af71e433>
 [...]
}

template Matrix4x4 {
 <f6f23f45-7686-11cf-8f52-0040333594a3>
 array FLOAT matrix[16];
}

template FrameTransformMatrix {
 <f6f23f41-7686-11cf-8f52-0040333594a3>
 Matrix4x4 frameMatrix;
}

template Vector {
 <3d82ab5e-62da-11cf-ab39-0020af71e433>
 FLOAT x;
 FLOAT y;
 FLOAT z;
}

template MeshFace {
 <3d82ab5f-62da-11cf-ab39-0020af71e433>
 DWORD nFaceVertexIndices;
 array DWORD faceVertexIndices[nFaceVertexIndices];
}

template Mesh {
 <3d82ab44-62da-11cf-ab39-0020af71e433>
 DWORD nVertices;
 array Vector vertices[nVertices];
 DWORD nFaces;
 array MeshFace faces[nFaces];
 [...]
}

template MeshNormals {
 <f6f23f43-7686-11cf-8f52-0040333594a3>
 DWORD nNormals;
 array Vector normals[nNormals];
 DWORD nFaceNormals;
 array MeshFace faceNormals[nFaceNormals];
}

template MeshMaterialList {
 <f6f23f42-7686-11cf-8f52-0040333594a3>
 DWORD nMaterials;
 DWORD nFaceIndexes;
 array DWORD faceIndexes[nFaceIndexes];
 [Material <3d82ab4d-62da-11cf-ab39-0020af71e433>]
}

template Coords2d {
 <f6f23f44-7686-11cf-8f52-0040333594a3>
 FLOAT u;
 FLOAT v;
}

template MeshTextureCoords {
 <f6f23f40-7686-11cf-8f52-0040333594a3>
 DWORD nTextureCoords;
 array Coords2d textureCoords[nTextureCoords];
}

template XSkinMeshHeader {
 <3cf169ce-ff7c-44ab-93c0-f78f62d172e2>
 WORD nMaxSkinWeightsPerVertex;
 WORD nMaxSkinWeightsPerFace;
 WORD nBones;
}

template SkinWeights {
 <6f0d123b-bad2-4167-a0d0-80224f25fabb>
 STRING transformNodeName;
 DWORD nWeights;
 array DWORD vertexIndices[nWeights];
 array FLOAT weights[nWeights];
 Matrix4x4 matrixOffset;
}

template AnimTicksPerSecond {
 <9e415a43-7ba6-4a73-8743-b73d47e88476>
 DWORD AnimTicksPerSecond;
}

template Animation {
 <3d82ab4f-62da-11cf-ab39-0020af71e433>
 [...]
}

template AnimationSet {
 <3d82ab50-62da-11cf-ab39-0020af71e433>
 [Animation <3d82ab4f-62da-11cf-ab39-0020af71e433>]
}

template FloatKeys {
 <10dd46a9-775b-11cf-8f52-0040333594a3>
 DWORD nValues;
 array FLOAT values[nValues];
}

template TimedFloatKeys {
 <f406b180-7b3b-11cf-8f52-0040333594a3>
 DWORD time;
 FloatKeys tfkeys;
}

template AnimationKey {
 <10dd46a8-775b-11cf-8f52-0040333594a3>
 DWORD keyType;
 DWORD nKeys;
 array TimedFloatKeys keys[nKeys];
}


Material Material__136 {
 1.000000;1.000000;1.000000;1.000000;;
 10.000000;
 0.000000;0.000000;0.000000;;
 0.000000;0.000000;0.000000;;

 TextureFilename {
  "HoundMaligoth_w_diff.tga";
 }
}

Frame Dummy_root {
 

 FrameTransformMatrix {
  1.000000,0.000000,-0.000000,0.000000,0.000000,1.000000,0.000000,0.000000,0.000000,0.000000,1.000000,0.000000,0.000000,0.000000,0.000000,1.000000;;
 }

 Frame Bip01 {
  

  FrameTransformMatrix {
   -0.041653,-0.996513,0.072291,0.000000,0.999131,-0.041660,0.001409,0.000000,0.001607,0.072287,0.997383,0.000000,-2.997000,30.931872,0.658000,1.000000;;
  }

  Frame Bip01-Pelvis {
   

   FrameTransformMatrix {
    0.000000,1.000000,-0.000001,0.000000,-0.000001,0.000001,1.000000,0.000000,1.000000,-0.000000,0.000001,0.000000,0.000000,0.000000,0.000000,1.000000;;
   }

   Frame Bip01-Spine {
    

    FrameTransformMatrix {
     0.995897,0.023779,-0.087313,0.000000,-0.012912,0.992326,0.122977,0.000000,0.089567,-0.121345,0.988561,0.000000,3.702406,-0.000060,-0.007517,1.000000;;
    }

    Frame Bip01-Spine1 {
     

     FrameTransformMatrix {
      0.997773,-0.058740,0.031594,0.000000,0.059643,0.997815,-0.028433,0.000000,-0.029855,0.030254,0.999096,0.000000,9.551520,0.000183,-0.009768,1.000000;;
     }

     Frame Bip01-Neck {
      

      FrameTransformMatrix {
       0.997104,0.000000,0.076053,0.000000,-0.000000,1.000000,0.000000,0.000000,-0.076053,-0.000000,0.997104,0.000000,13.021834,0.000001,-0.744862,1.000000;;
      }

      Frame Bip01-Head {
       

       FrameTransformMatrix {
        0.997419,0.064954,-0.030594,0.000000,-0.071798,0.901078,-0.427673,0.000000,-0.000211,0.428766,0.903416,0.000000,2.415348,0.000000,-0.000008,1.000000;;
       }

       Frame Bip01-HeadNub {
        

        FrameTransformMatrix {
         1.000000,-0.000000,0.000000,0.000000,0.000000,1.000000,-0.000000,0.000000,0.000000,-0.000000,1.000000,0.000000,10.357861,0.000000,0.000000,1.000000;;
        }
       }

       Frame Bone12 {
        

        FrameTransformMatrix {
         -0.208389,0.000439,0.978046,0.000000,-0.000437,-1.000000,0.000355,0.000000,0.978046,-0.000354,0.208389,0.000000,2.700691,-0.000005,3.084276,1.000000;;
        }
       }

       Frame FxTop {
        

        FrameTransformMatrix {
         0.999349,-0.009025,-0.034923,0.000000,-0.028059,0.413911,-0.909885,0.000000,0.022667,0.910273,0.413388,0.000000,18.390915,0.034727,-4.018911,1.000000;;
        }
       }
      }

      Frame Bip01-L-Clavicle {
       

       FrameTransformMatrix {
        -0.120469,0.990579,0.065131,0.000000,0.989748,0.124920,-0.069244,0.000000,-0.076728,0.056121,-0.995472,0.000000,-0.336144,4.114798,1.776974,1.000000;;
       }

       Frame Bip01-L-UpperArm {
        

        FrameTransformMatrix {
         0.482580,0.848642,-0.216618,0.000000,0.251706,0.102512,0.962359,0.000000,0.838905,-0.518939,-0.164138,0.000000,6.129721,0.000000,0.000002,1.000000;;
        }

        Frame Bip01-L-Forearm {
         

         FrameTransformMatrix {
          0.641003,0.000000,-0.767538,0.000000,0.000000,1.000000,-0.000000,0.000000,0.767538,0.000000,0.641003,0.000000,12.914364,-0.000004,-0.000002,1.000000;;
         }

         Frame Bip01-L-Hand {
          

          FrameTransformMatrix {
           0.952206,0.296562,0.073181,0.000000,-0.081646,0.016244,0.996529,0.000000,0.294344,-0.954876,0.039680,0.000000,15.716667,-0.000004,-0.000001,1.000000;;
          }

          Frame Bip01-L-Finger0 {
           

           FrameTransformMatrix {
            0.715928,-0.568124,0.405812,0.000000,-0.003325,-0.584015,-0.811737,0.000000,0.698167,0.579795,-0.420001,0.000000,3.629910,-3.043793,4.475370,1.000000;;
           }

           Frame Bip01-L-Finger01 {
            

            FrameTransformMatrix {
             0.910588,0.000000,0.413315,0.000000,-0.000000,1.000000,0.000000,0.000000,-0.413316,0.000000,0.910588,0.000000,3.538322,-0.000002,0.000000,1.000000;;
            }

            Frame Bip01-L-Finger02 {
             

             FrameTransformMatrix {
              0.679448,0.000000,0.733724,0.000000,-0.000000,1.000000,0.000000,0.000000,-0.733724,-0.000000,0.679447,0.000000,4.033230,0.000000,-0.000002,1.000000;;
             }

             Frame Bip01-L-Finger0Nub {
              

              FrameTransformMatrix {
               1.000000,0.000000,0.000000,0.000000,-0.000000,1.000000,0.000000,0.000000,-0.000000,-0.000000,1.000000,0.000000,6.529304,-0.000002,0.000000,1.000000;;
              }
             }
            }
           }
          }

          Frame Bip01-L-Finger1 {
           

           FrameTransformMatrix {
            0.998849,-0.030518,-0.036998,0.000000,0.035711,0.988196,0.148972,0.000000,0.032015,-0.150122,0.988149,0.000000,9.424694,-2.797634,-0.002230,1.000000;;
           }

           Frame Bip01-L-Finger11 {
            

            FrameTransformMatrix {
             0.550860,0.000000,0.834598,0.000000,0.000000,1.000000,0.000000,0.000000,-0.834598,0.000000,0.550860,0.000000,4.170303,0.000003,0.000000,1.000000;;
            }

            Frame Bip01-L-Finger12 {
             

             FrameTransformMatrix {
              0.766057,0.000000,0.642773,0.000000,0.000000,1.000000,0.000000,0.000000,-0.642773,-0.000000,0.766056,0.000000,5.369718,-0.000003,-0.000015,1.000000;;
             }

             Frame Bip01-L-Finger1Nub {
              

              FrameTransformMatrix {
               1.000000,0.000000,-0.000000,0.000000,-0.000000,1.000000,0.000000,0.000000,0.000000,0.000000,1.000000,0.000000,4.267231,0.000000,0.000000,1.000000;;
              }
             }
            }
           }
          }

          Frame Bip01-L-Finger2 {
           

           FrameTransformMatrix {
            0.853124,-0.034751,0.520549,0.000000,-0.090652,0.972727,0.213507,0.000000,-0.513772,-0.229337,0.826706,0.000000,9.830295,0.630807,-0.885704,1.000000;;
           }

           Frame Bip01-L-Finger21 {
            

            FrameTransformMatrix {
             0.831316,0.000000,0.555800,0.000000,-0.000000,1.000000,-0.000000,0.000000,-0.555800,0.000000,0.831316,0.000000,4.368717,0.000001,0.000004,1.000000;;
            }

            Frame Bip01-L-Finger22 {
             

             FrameTransformMatrix {
              0.673014,-0.000000,0.739630,0.000000,0.000000,1.000000,0.000000,0.000000,-0.739630,0.000000,0.673014,0.000000,5.569775,-0.000004,0.000000,1.000000;;
             }

             Frame Bip01-L-Finger2Nub {
              

              FrameTransformMatrix {
               1.000000,0.000000,0.000000,0.000000,0.000000,1.000000,0.000000,0.000000,0.000000,-0.000000,1.000000,0.000000,4.677658,-0.000002,0.000004,1.000000;;
              }
             }
            }
           }
          }

          Frame Bip01-L-Finger3 {
           

           FrameTransformMatrix {
            0.931934,0.112144,0.344853,0.000000,-0.105435,0.993692,-0.038214,0.000000,-0.346963,-0.000747,0.937879,0.000000,9.424698,4.047266,0.003218,1.000000;;
           }

           Frame Bip01-L-Finger31 {
            

            FrameTransformMatrix {
             0.697134,0.000000,0.716941,0.000000,-0.000000,1.000000,-0.000000,0.000000,-0.716941,0.000000,0.697134,0.000000,3.263172,0.000000,0.000000,1.000000;;
            }

            Frame Bip01-L-Finger32 {
             

             FrameTransformMatrix {
              0.697134,-0.000000,0.716941,0.000000,0.000000,1.000000,0.000000,0.000000,-0.716941,0.000000,0.697134,0.000000,5.701882,0.000000,0.000000,1.000000;;
             }

             Frame Bip01-L-Finger3Nub {
              

              FrameTransformMatrix {
               1.000000,0.000000,0.000000,0.000000,-0.000000,1.000000,-0.000000,0.000000,0.000000,0.000000,1.000000,0.000000,3.988060,-0.000002,-0.000008,1.000000;;
              }
             }
            }
           }
          }

          Frame FxHand00 {
           

           FrameTransformMatrix {
            0.958157,0.168306,0.231535,0.000000,0.275499,-0.322702,-0.905518,0.000000,-0.077688,0.931416,-0.355567,0.000000,8.210144,1.567527,6.509982,1.000000;;
           }
          }
         }
        }
       }
      }

      Frame Bip01-R-Clavicle {
       

       FrameTransformMatrix {
        -0.049145,-0.990452,0.128802,0.000000,-0.995878,0.058436,0.069383,0.000000,-0.076248,-0.124861,-0.989241,0.000000,-0.336147,-4.114794,1.776999,1.000000;;
       }

       Frame Bip01-R-UpperArm {
        

        FrameTransformMatrix {
         0.976204,0.206879,0.065007,0.000000,-0.085390,0.091163,0.992168,0.000000,0.199332,-0.974110,0.106659,0.000000,6.129721,-0.000004,-0.000002,1.000000;;
        }

        Frame Bip01-R-Forearm {
         

         FrameTransformMatrix {
          0.613800,0.000000,-0.789461,0.000000,0.000000,1.000000,-0.000000,0.000000,0.789462,0.000000,0.613800,0.000000,12.914370,0.000000,-0.000004,1.000000;;
         }

         Frame Bip01-R-Hand {
          

          FrameTransformMatrix {
           0.997360,-0.023079,-0.068854,0.000000,-0.070651,-0.089148,-0.993510,0.000000,0.016791,0.995751,-0.090543,0.000000,15.716666,-0.000004,0.000000,1.000000;;
          }

          Frame Bip01-R-Finger0 {
           

           FrameTransformMatrix {
            0.327464,0.767620,0.550933,0.000000,0.003325,-0.584015,0.811737,0.000000,0.944858,-0.263983,-0.193796,0.000000,3.629909,3.043800,4.475370,1.000000;;
           }

           Frame Bip01-R-Finger01 {
            

            FrameTransformMatrix {
             0.910588,0.000000,0.413315,0.000000,-0.000000,1.000000,-0.000000,0.000000,-0.413315,0.000000,0.910588,0.000000,3.538324,0.000000,0.000001,1.000000;;
            }

            Frame Bip01-R-Finger02 {
             

             FrameTransformMatrix {
              0.807314,0.000000,0.590121,0.000000,0.000000,1.000000,-0.000000,0.000000,-0.590121,0.000000,0.807314,0.000000,4.033221,-0.000004,0.000000,1.000000;;
             }

             Frame Bip01-R-Finger0Nub {
              

              FrameTransformMatrix {
               -1.000000,0.000000,-0.000691,0.000000,0.000000,1.000000,-0.000000,0.000000,0.000691,0.000000,-1.000000,0.000000,6.529306,-0.000004,0.000000,1.000000;;
              }
             }
            }
           }
          }

          Frame Bip01-R-Finger1 {
           

           FrameTransformMatrix {
            0.990532,0.017639,-0.136143,0.000000,-0.043455,0.981003,-0.189061,0.000000,0.130222,0.193187,0.972482,0.000000,9.424692,2.797638,-0.002226,1.000000;;
           }

           Frame Bip01-R-Finger11 {
            

            FrameTransformMatrix {
             0.899647,0.000000,0.436618,0.000000,-0.000000,1.000000,-0.000000,0.000000,-0.436618,-0.000000,0.899647,0.000000,4.170308,-0.000008,0.000004,1.000000;;
            }

            Frame Bip01-R-Finger12 {
             

             FrameTransformMatrix {
              0.296313,-0.000000,0.955091,0.000000,-0.000000,1.000000,0.000000,0.000000,-0.955091,-0.000000,0.296313,0.000000,5.369720,-0.000004,-0.000005,1.000000;;
             }

             Frame Bip01-R-Finger1Nub {
              

              FrameTransformMatrix {
               -1.000000,0.000000,-0.000691,0.000000,0.000000,1.000000,-0.000000,0.000000,0.000691,0.000000,-1.000000,0.000000,4.267239,0.000008,0.000000,1.000000;;
              }
             }
            }
           }
          }

          Frame Bip01-R-Finger2 {
           

           FrameTransformMatrix {
            0.915307,-0.027591,0.401811,0.000000,0.155942,0.944113,-0.290400,0.000000,-0.371343,0.328464,0.868456,0.000000,9.830303,-0.630806,-0.885704,1.000000;;
           }

           Frame Bip01-R-Finger21 {
            

            FrameTransformMatrix {
             0.773236,-0.000000,0.634118,0.000000,0.000000,1.000000,-0.000000,0.000000,-0.634118,0.000000,0.773237,0.000000,4.368715,0.000000,-0.000003,1.000000;;
            }

            Frame Bip01-R-Finger22 {
             

             FrameTransformMatrix {
              0.597784,0.000000,0.801658,0.000000,0.000000,1.000000,-0.000000,0.000000,-0.801658,0.000000,0.597784,0.000000,5.569775,-0.000008,-0.000005,1.000000;;
             }

             Frame Bip01-R-Finger2Nub {
              

              FrameTransformMatrix {
               -1.000000,0.000000,-0.000691,0.000000,0.000000,1.000000,0.000000,0.000000,0.000691,0.000000,-1.000000,0.000000,4.677670,0.000000,0.000002,1.000000;;
              }
             }
            }
           }
          }

          Frame Bip01-R-Finger3 {
           

           FrameTransformMatrix {
            0.839796,-0.109555,0.531734,0.000000,0.105435,0.993692,0.038214,0.000000,-0.532566,0.023972,0.846049,0.000000,9.424690,-4.047268,0.003222,1.000000;;
           }

           Frame Bip01-R-Finger31 {
            

            FrameTransformMatrix {
             0.572778,-0.000000,0.819710,0.000000,0.000000,1.000000,0.000000,0.000000,-0.819710,-0.000000,0.572778,0.000000,3.263174,0.000000,0.000003,1.000000;;
            }

            Frame Bip01-R-Finger32 {
             

             FrameTransformMatrix {
              0.147246,0.000000,0.989100,0.000000,-0.000000,1.000000,-0.000000,0.000000,-0.989100,-0.000000,0.147245,0.000000,5.701882,0.000000,0.000001,1.000000;;
             }

             Frame Bip01-R-Finger3Nub {
              

              FrameTransformMatrix {
               -1.000000,-0.000000,-0.000691,0.000000,0.000000,1.000000,0.000000,0.000000,0.000691,-0.000000,-1.000000,0.000000,3.988064,0.000000,0.000000,1.000000;;
              }
             }
            }
           }
          }

          Frame FxHand01 {
           

           FrameTransformMatrix {
            -0.952320,-0.264548,-0.151989,0.000000,-0.127503,-0.107495,0.985996,0.000000,-0.277182,0.958363,0.068639,0.000000,10.562514,-0.458977,6.621008,1.000000;;
           }
          }
         }
        }
       }
      }
     }

     Frame Bone11 {
      

      FrameTransformMatrix {
       0.152319,-0.000002,-0.988331,0.000000,0.000000,1.000000,-0.000002,0.000000,0.988331,0.000000,0.152319,0.000000,0.546048,-0.000008,-4.400869,1.000000;;
      }

      Frame Bone15 {
       

       FrameTransformMatrix {
        0.745183,0.545091,0.384159,0.000000,0.184277,-0.721960,0.666946,0.000000,0.640893,-0.426205,-0.638440,0.000000,17.570995,3.161400,11.684283,1.000000;;
       }
      }

      Frame Bone14 {
       

       FrameTransformMatrix {
        -0.210283,0.658088,0.722981,0.000000,0.796790,0.543872,-0.263305,0.000000,-0.566487,0.520696,-0.638725,0.000000,11.661007,3.262589,11.800435,1.000000;;
       }
      }

      Frame Bone17 {
       

       FrameTransformMatrix {
        0.541652,-0.042202,0.839543,0.000000,-0.638168,-0.670706,0.378015,0.000000,0.547133,-0.740522,-0.390221,0.000000,19.003109,-6.643047,13.067016,1.000000;;
       }
      }

      Frame Bone16 {
       

       FrameTransformMatrix {
        -0.196484,-0.550263,0.811545,0.000000,-0.827974,0.536467,0.163286,0.000000,-0.525217,-0.639855,-0.561011,0.000000,11.658302,-4.828940,12.408506,1.000000;;
       }
      }

      Frame Bone13 {
       

       FrameTransformMatrix {
        0.455040,-0.038163,0.889653,0.000000,-0.647804,-0.699681,0.301325,0.000000,0.610974,-0.713436,-0.343105,0.000000,19.354546,-2.497964,12.084022,1.000000;;
       }
      }
     }

     Frame Bone18 {
      

      FrameTransformMatrix {
       -0.991635,-0.006372,0.128913,0.000000,0.128916,-0.000003,0.991656,0.000000,-0.006319,0.999980,0.000825,0.000000,14.036750,0.012662,-10.165274,1.000000;;
      }
     }
    }

    Frame Bip01-L-Thigh {
     

     FrameTransformMatrix {
      -0.025108,0.978458,0.204912,0.000000,-0.017373,-0.205373,0.978530,0.000000,0.999534,0.021009,0.022156,0.000000,-4.178600,7.089624,-0.476231,1.000000;;
     }

     Frame Bip01-L-Calf {
      

      FrameTransformMatrix {
       -0.606146,0.000000,-0.795353,0.000000,0.000000,1.000000,0.000000,0.000000,0.795353,0.000000,-0.606146,0.000000,14.720102,-0.000002,-0.000003,1.000000;;
      }

      Frame Bip01-L-HorseLink {
       

       FrameTransformMatrix {
        0.620760,0.000000,0.784001,0.000000,0.000000,1.000000,0.000000,0.000000,-0.784001,0.000000,0.620760,0.000000,12.324541,0.000000,0.000000,1.000000;;
       }

       Frame Bip01-L-Foot {
        

        FrameTransformMatrix {
         0.327588,-0.547365,-0.770115,0.000000,-0.277122,0.723578,-0.632169,0.000000,0.903266,0.420507,0.085349,0.000000,8.751722,-0.000002,0.000000,1.000000;;
        }

        Frame Bip01-L-Toe0 {
         

         FrameTransformMatrix {
          0.076527,-0.186389,0.979491,0.000000,0.381899,0.912935,0.143887,0.000000,-0.921030,0.363055,0.141046,0.000000,5.694639,0.000002,4.763496,1.000000;;
         }

         Frame Bip01-L-Toe0Nub {
          

          FrameTransformMatrix {
           -1.000000,0.000000,-0.000691,0.000000,-0.000000,1.000000,0.000000,0.000000,0.000691,0.000000,-1.000000,0.000000,3.761784,0.000000,0.000000,1.000000;;
          }
         }
        }
       }
      }
     }
    }

    Frame Bip01-R-Thigh {
     

     FrameTransformMatrix {
      -0.842657,-0.525877,0.115688,0.000000,0.004239,-0.221325,-0.975191,0.000000,0.538435,-0.821260,0.188730,0.000000,-3.129236,-7.602162,-0.602785,1.000000;;
     }

     Frame Bip01-R-Calf {
      

      FrameTransformMatrix {
       0.302230,0.000000,-0.953235,0.000000,-0.000000,1.000000,-0.000000,0.000000,0.953235,0.000000,0.302230,0.000000,14.720090,-0.000008,-0.000000,1.000000;;
      }

      Frame Bip01-R-HorseLink {
       

       FrameTransformMatrix {
        0.748658,-0.000000,0.662957,0.000000,0.000000,1.000000,0.000000,0.000000,-0.662957,0.000000,0.748658,0.000000,12.324542,0.000004,0.000000,1.000000;;
       }

       Frame Bip01-R-Foot {
        

        FrameTransformMatrix {
         0.650320,-0.093210,-0.753920,0.000000,-0.057606,0.983535,-0.171289,0.000000,0.757472,0.154823,0.634244,0.000000,8.751722,0.000000,0.000000,1.000000;;
        }

        Frame Bip01-R-Toe0 {
         

         FrameTransformMatrix {
          -0.000000,0.000000,1.000000,0.000000,0.000000,1.000000,0.000000,0.000000,-1.000000,0.000000,0.000000,0.000000,5.694639,0.000000,4.763498,1.000000;;
         }

         Frame Bip01-R-Toe0Nub {
          

          FrameTransformMatrix {
           1.000000,0.000000,0.000000,0.000000,0.000000,1.000000,0.000000,0.000000,-0.000000,-0.000000,1.000000,0.000000,3.761772,-0.000004,0.000000,1.000000;;
          }
         }
        }
       }
      }
     }
    }

    Frame Bip01-Tail {
     

     FrameTransformMatrix {
      -0.980827,0.152339,0.121536,0.000000,0.136894,0.982452,-0.126678,0.000000,-0.138701,-0.107612,-0.984470,0.000000,-8.179619,-0.541131,-5.028084,1.000000;;
     }

     Frame Bip01-Tail1 {
      

      FrameTransformMatrix {
       0.993871,0.046303,0.100377,0.000000,-0.045962,0.998927,-0.005707,0.000000,-0.100534,0.001059,0.994933,0.000000,14.601650,0.000057,-0.006451,1.000000;;
      }

      Frame Bip01-Tail2 {
       

       FrameTransformMatrix {
        0.986093,-0.143124,0.084470,0.000000,0.143182,0.989682,0.005410,0.000000,-0.084373,0.006759,0.996412,0.000000,8.496387,-0.000198,-0.006210,1.000000;;
       }

       Frame Bip01-TailNub {
        

        FrameTransformMatrix {
         0.000796,0.000508,1.000000,0.000000,-0.000505,-1.000000,0.000509,0.000000,1.000000,-0.000506,-0.000796,0.000000,8.064896,0.000002,-0.000002,1.000000;;
        }
       }

       Frame Bone01 {
        

        FrameTransformMatrix {
         0.215219,0.000312,0.976566,0.000000,-0.000286,1.000000,-0.000256,0.000000,-0.976566,-0.000224,0.215219,0.000000,4.502903,0.000034,-0.061787,1.000000;;
        }

        Frame Bone02 {
         

         FrameTransformMatrix {
          -0.971006,-0.000000,-0.239057,0.000000,-0.000000,1.000000,0.000000,0.000000,0.239057,0.000000,-0.971006,0.000000,15.177509,-0.000002,-0.000008,1.000000;;
         }

         Frame Bone03 {
          

          FrameTransformMatrix {
           0.166965,-0.082717,0.982487,0.000000,0.013929,0.996573,0.081535,0.000000,-0.985864,0.000072,0.167545,0.000000,14.563544,-0.000001,0.000004,1.000000;;
          }

          Frame Bone04 {
           

           FrameTransformMatrix {
            0.306067,0.000663,0.952010,0.000000,-0.002757,0.999996,0.000190,0.000000,-0.952006,-0.002683,0.306068,0.000000,3.908420,0.000004,0.000004,1.000000;;
           }

           Frame Bone05 {
            

            FrameTransformMatrix {
             -0.977459,-0.000000,-0.211126,0.000000,-0.000000,1.000000,0.000000,0.000000,0.211126,0.000000,-0.977459,0.000000,14.075890,0.000006,-0.000006,1.000000;;
            }

            Frame Bone06 {
             

             FrameTransformMatrix {
              0.010877,-0.308149,0.951276,0.000000,0.003501,0.951338,0.308129,0.000000,-0.999935,-0.000021,0.011426,0.000000,13.667851,0.000004,-0.000004,1.000000;;
             }

             Frame Bone07 {
              

              FrameTransformMatrix {
               0.392116,-0.002143,0.919913,0.000000,0.006703,0.999977,-0.000527,0.000000,-0.919891,0.006373,0.392122,0.000000,5.352297,-0.000002,-0.000103,1.000000;;
              }

              Frame Bone08 {
               

               FrameTransformMatrix {
                -0.972731,-0.000000,-0.231936,0.000000,-0.000000,1.000000,-0.000000,0.000000,0.231936,-0.000000,-0.972731,0.000000,12.218063,-0.000002,-0.000004,1.000000;;
               }

               Frame Bone09 {
                

                FrameTransformMatrix {
                 -0.004660,-0.277453,0.960728,0.000000,-0.001280,0.960740,0.277450,0.000000,-0.999988,0.000063,-0.004832,0.000000,11.634304,0.000000,0.000046,1.000000;;
                }

                Frame Bone10 {
                 

                 FrameTransformMatrix {
                  1.000000,0.000000,0.000000,0.000000,0.000000,1.000000,-0.000000,0.000000,-0.000000,0.000000,1.000000,0.000000,2.481146,0.000002,0.000004,1.000000;;
                 }
                }
               }
              }
             }
            }
           }
          }
         }
        }
       }

       Frame Dummy01 {
        

        FrameTransformMatrix {
         0.970797,-0.080887,-0.225855,0.000000,0.083871,0.996470,0.003631,0.000000,0.224764,-0.022468,0.974154,0.000000,8.137310,0.000035,0.216801,1.000000;;
        }

        Frame Dummy02 {
         

         FrameTransformMatrix {
          0.942932,-0.309595,-0.122596,0.000000,0.304828,0.950737,-0.056376,0.000000,0.134010,0.015788,0.990854,0.000000,6.869330,-0.000002,0.413624,1.000000;;
         }

         Frame Dummy03 {
          

          FrameTransformMatrix {
           0.950646,-0.281225,-0.131090,0.000000,0.272457,0.958755,-0.080976,0.000000,0.148456,0.041263,0.988058,0.000000,8.099144,-0.000002,0.572006,1.000000;;
          }
         }
        }
       }
      }
     }
    }

    Frame FxCenter {
     

     FrameTransformMatrix {
      0.998707,-0.016427,0.048118,0.000000,0.047238,-0.050277,-0.997618,0.000000,0.018807,0.998600,-0.049436,0.000000,1.091820,-0.016775,0.227314,1.000000;;
     }
    }
   }
  }
 }

 Frame FxBottom {
  

  FrameTransformMatrix {
   1.000000,0.000000,-0.000000,0.000000,0.000000,1.000000,0.000000,0.000000,0.000000,0.000000,1.000000,0.000000,0.000000,0.000000,0.000000,1.000000;;
  }
 }
}

Frame HoundMaligoth_Skel {
 

 FrameTransformMatrix {
  1.000000,0.000000,0.000000,0.000000,0.000000,1.000000,0.000000,0.000000,0.000000,0.000000,1.000000,0.000000,0.000000,0.000000,0.000000,1.000000;;
 }

 Mesh HoundMaligoth_Skel {
  7407;
  -5.307900;20.465621;21.896853;,
  -4.697208;21.183859;24.282760;,
  -4.721853;20.019736;24.069029;,
  7.010486;51.400803;12.548625;,
  6.743506;52.172477;14.237955;,
  6.578060;51.028246;13.482067;,
  7.370957;52.323178;13.214438;,
  6.411778;50.503421;12.118794;,
  7.377258;51.878144;11.818780;,
  7.768974;52.752365;12.130257;,
  7.297367;53.455619;14.309051;,
  6.547701;52.725562;14.754283;,
  5.937500;52.196915;15.352586;,
  5.405857;53.073715;15.843781;,
  4.334190;51.389549;16.170502;,
  6.773010;50.476672;11.179922;,
  7.545193;51.546106;11.214281;,
  7.602754;50.532749;10.125174;,
  7.458540;49.195878;9.196683;,
  6.343426;49.537395;10.901709;,
  5.783688;48.539501;10.697012;,
  8.054110;51.840797;11.262986;,
  8.443552;50.814995;10.083858;,
  2.924301;51.427379;16.964134;,
  3.558983;49.863824;16.192550;,
  4.368776;49.442285;14.700739;,
  2.566616;48.677680;15.924874;,
  0.755384;50.392592;17.129122;,
  1.841095;52.617222;17.322147;,
  -2.199516;52.077056;16.407741;,
  -1.098209;54.199379;16.310282;,
  -3.062757;54.763245;13.431061;,
  -1.573984;56.549376;13.194010;,
  -1.965271;56.394733;11.310214;,
  0.265823;55.715610;15.951115;,
  2.750128;54.397414;16.653843;,
  -2.503038;54.923488;9.094397;,
  -0.951037;56.976339;9.942086;,
  5.135696;55.478861;15.620282;,
  5.549261;54.271187;15.674762;,
  6.228451;54.930330;15.272224;,
  4.846354;54.791213;15.993490;,
  3.434193;55.746182;15.951518;,
  4.407984;54.005549;16.246086;,
  2.348221;55.518342;16.107037;,
  1.222284;56.419187;15.575320;,
  -0.336411;57.265517;13.154372;,
  1.939749;57.010035;14.835573;,
  0.998724;57.797702;12.982202;,
  2.456081;57.749594;12.326764;,
  1.675163;57.674214;10.912304;,
  3.413536;58.629862;10.689848;,
  1.978432;57.494438;9.604842;,
  3.738442;56.859302;9.546054;,
  2.922443;57.453459;8.709722;,
  0.682964;57.948416;9.278454;,
  2.078083;58.040339;8.240350;,
  0.321802;57.714880;11.315292;,
  5.209804;56.574080;8.024948;,
  4.467314;56.729440;11.055102;,
  3.929302;57.552966;11.546011;,
  3.132463;57.141370;14.338250;,
  1.939749;57.010035;14.835573;,
  4.737141;57.071501;13.786202;,
  5.433975;56.486170;13.176800;,
  6.262735;55.565184;12.184120;,
  3.779222;56.695770;15.300443;,
  4.786766;56.799392;15.147547;,
  7.374489;54.607354;10.982463;,
  7.669857;55.226163;12.694054;,
  7.863350;54.265402;11.231190;,
  6.772869;55.597466;12.528646;,
  6.461609;56.188877;13.860296;,
  6.253298;56.455072;14.329442;,
  6.404268;55.589728;14.538411;,
  6.093113;55.892800;15.141802;,
  6.876499;55.835725;13.864096;,
  7.430970;54.641446;14.098942;,
  5.379246;56.050093;15.521600;,
  6.928589;54.805766;14.673178;,
  7.749319;53.618778;12.896834;,
  7.798062;54.469606;13.214319;,
  7.847912;54.114253;11.978115;,
  7.846569;53.534589;12.117924;,
  8.163178;52.958154;11.582477;,
  8.191776;52.617242;11.638038;,
  8.275566;53.292451;10.886376;,
  8.479158;52.460285;10.186578;,
  8.957701;52.853635;9.721631;,
  7.995796;53.796762;9.704582;,
  9.269802;53.830214;7.309776;,
  8.471819;54.538426;7.546267;,
  8.417101;54.181088;8.138269;,
  8.443859;54.745690;8.636644;,
  7.351630;55.928858;7.885783;,
  8.742968;51.661338;10.156380;,
  9.273005;51.321517;9.272197;,
  9.173121;49.993347;8.904332;,
  9.808348;51.182851;8.927834;,
  9.712875;52.033261;8.534437;,
  9.365198;52.134675;8.888212;,
  9.730702;52.669178;7.955120;,
  10.001240;52.346794;7.570010;,
  9.949833;52.783715;6.993440;,
  10.001240;52.346794;7.570010;,
  10.440502;51.648720;8.851850;,
  -2.359360;36.615661;14.739965;,
  -7.546286;40.442134;15.222962;,
  -2.960794;40.025421;13.720115;,
  0.091629;40.890611;15.379629;,
  0.543493;38.035530;16.262670;,
  -0.878607;43.830522;14.693651;,
  -3.436497;43.413344;12.872244;,
  -7.303314;43.894691;13.828075;,
  -8.349910;44.762538;14.761714;,
  -8.525351;42.617933;16.033589;,
  -9.423763;40.902090;16.684211;,
  -0.909641;35.026870;16.746910;,
  0.336529;35.702048;17.591013;,
  -2.329029;34.424544;16.260757;,
  -7.226195;36.788246;16.620042;,
  -9.222650;38.130637;18.295914;,
  -9.033014;39.624752;19.813342;,
  -9.224753;42.147942;18.180667;,
  -8.291354;43.518733;17.210938;,
  -8.166809;45.569386;16.024354;,
  -6.144568;34.357530;17.955734;,
  -5.386806;40.048714;22.169170;,
  -6.755734;42.635219;21.613758;,
  -7.803115;37.280768;20.516029;,
  -8.152030;36.322774;19.289261;,
  -7.810247;34.612790;20.184438;,
  -6.550399;32.731696;21.395214;,
  -5.054443;32.669600;19.432098;,
  -2.556936;32.869510;17.424766;,
  -7.426085;34.975085;21.592491;,
  -8.002414;37.177629;21.583562;,
  -1.392565;33.560211;17.646133;,
  -0.234762;33.575606;18.867238;,
  -0.117701;35.076797;20.752586;,
  0.390982;37.200128;20.083514;,
  0.171225;39.511584;18.900890;,
  -0.160713;33.696058;21.370342;,
  -0.463936;32.889574;20.340552;,
  -0.052565;31.919786;19.757013;,
  0.045599;42.086163;17.881136;,
  -0.335392;45.076621;17.572453;,
  -1.060875;43.897507;18.948570;,
  -2.417631;46.803002;18.405986;,
  -3.195169;45.022355;19.137483;,
  -3.788677;45.382422;20.003442;,
  -0.984583;43.913072;20.041883;,
  -0.379301;42.826070;19.088536;,
  -0.878607;43.830522;14.693651;,
  1.317467;46.800336;17.352200;,
  -0.335392;45.076621;17.572453;,
  -2.417631;46.803002;18.405986;,
  -1.024818;48.512566;18.284982;,
  -5.058529;47.035859;17.720854;,
  -3.702106;50.041002;17.556288;,
  -1.345493;45.392064;11.258816;,
  -3.436497;43.413344;12.872244;,
  1.508997;44.957581;13.705822;,
  5.295267;50.831619;15.318678;,
  5.148909;50.014262;14.724533;,
  5.363289;49.440051;13.341658;,
  3.764351;48.071037;13.988763;,
  2.660936;46.826454;12.790144;,
  0.744154;46.987187;10.402389;,
  -4.220440;47.313370;10.587777;,
  -5.846476;45.609482;12.751137;,
  -7.303314;43.894691;13.828075;,
  -1.617537;49.451840;9.776375;,
  3.556675;48.235834;11.764408;,
  3.522976;48.757651;10.478636;,
  4.607052;48.311251;12.282328;,
  5.273216;48.449018;11.569624;,
  5.681221;49.564522;12.391493;,
  5.086544;48.356880;9.883203;,
  7.776634;48.643690;8.618222;,
  8.658913;49.016269;8.539880;,
  6.713619;48.892342;9.238908;,
  6.531300;48.341171;9.012129;,
  3.923508;49.024784;9.152743;,
  0.555958;50.796038;9.229898;,
  4.836029;57.945024;6.017731;,
  4.559952;59.268358;8.364922;,
  4.970257;57.330182;7.531742;,
  0.703735;60.413850;7.272270;,
  2.404594;58.742778;4.919880;,
  0.800299;58.344998;6.323916;,
  1.938837;60.284800;5.859968;,
  3.874386;60.087482;6.028013;,
  4.306139;63.760806;9.179090;,
  3.818590;63.731840;7.420370;,
  4.812231;69.710035;8.382838;,
  4.633982;69.763994;8.387661;,
  2.738966;63.769651;7.391215;,
  4.914556;69.720525;8.712670;,
  4.507103;69.832717;8.629505;,
  4.633982;69.763994;8.387661;,
  1.748283;64.019334;8.914287;,
  2.641891;63.861197;10.106119;,
  2.018894;59.912122;9.285756;,
  4.663519;69.798266;8.840010;,
  4.914556;69.720525;8.712670;,
  4.306139;63.760806;9.179090;,
  4.559952;59.268358;8.364922;,
  4.970257;57.330182;7.531742;,
  2.078083;58.040339;8.240350;,
  -5.294685;38.426307;22.473781;,
  -2.869141;38.422317;22.968357;,
  -2.698572;38.156122;22.847126;,
  -0.842978;38.273210;21.974846;,
  -8.152030;36.322774;19.289261;,
  -8.002414;37.177629;21.583562;,
  -7.803115;37.280768;20.516029;,
  -6.685506;37.825242;22.844944;,
  -4.833048;38.393731;23.485619;,
  -4.121231;38.982189;23.944035;,
  -4.121193;40.481526;24.604870;,
  -2.678211;41.867690;24.342011;,
  -3.572546;42.800208;25.253181;,
  -2.397087;47.240992;24.950722;,
  -1.431576;42.663254;24.458683;,
  -0.835062;40.069309;23.564304;,
  -0.117476;39.032938;22.923725;,
  0.132971;38.378934;22.062763;,
  0.390982;37.200128;20.083514;,
  -1.436037;42.046832;22.696422;,
  -1.009674;39.667920;22.842541;,
  -0.493750;40.624240;21.647861;,
  -0.842978;38.273210;21.974846;,
  0.390982;37.200128;20.083514;,
  0.171225;39.511584;18.900890;,
  -2.698572;38.156122;22.847126;,
  -2.578741;39.463104;23.628986;,
  -1.864878;41.318378;24.023624;,
  -2.940393;41.479379;24.672451;,
  -2.051453;44.343370;24.473866;,
  -3.011608;44.400128;24.906734;,
  -2.000940;44.348797;22.928621;,
  -3.394724;50.145226;23.377544;,
  -3.899952;44.541725;24.692600;,
  -4.379376;41.764464;24.398357;,
  -4.533165;39.762797;23.249154;,
  -4.540890;44.408464;23.881782;,
  -5.301064;42.098090;23.328574;,
  -6.348966;40.042579;22.077522;,
  -5.294685;38.426307;22.473781;,
  -7.803115;37.280768;20.516029;,
  3.119171;43.527626;3.674672;,
  1.064903;47.027581;6.796397;,
  0.732723;45.327898;5.781643;,
  2.340122;41.875046;3.739854;,
  -0.557402;44.299862;5.919404;,
  -1.692116;46.014512;6.233686;,
  -1.695305;48.947626;7.497825;,
  1.271050;48.443280;7.980845;,
  -2.301826;51.962419;7.780062;,
  -2.020123;43.486934;5.817360;,
  -1.960808;52.906867;8.936482;,
  -2.642921;54.581210;7.731729;,
  0.555958;50.796038;9.229898;,
  3.923508;49.024784;9.152743;,
  3.369326;48.074963;8.438700;,
  2.928667;47.121686;7.750818;,
  3.928280;47.065693;6.150193;,
  5.632794;44.824061;3.853750;,
  6.343563;44.121075;1.223163;,
  3.981718;42.681030;1.000612;,
  3.704246;40.732563;1.027964;,
  3.350853;39.653066;1.054776;,
  1.499058;40.649354;3.619569;,
  1.033190;39.172848;3.475674;,
  -2.482716;41.336358;5.471604;,
  -3.838182;42.034707;2.995563;,
  -3.997600;44.787773;2.939152;,
  -3.747761;47.914909;3.244603;,
  -3.689978;51.100848;3.679751;,
  -3.058485;53.835674;4.179286;,
  -0.225586;58.788986;3.219518;,
  -2.262125;56.809830;4.933666;,
  -0.667280;58.321933;5.626896;,
  -1.725420;56.899840;1.793918;,
  -2.502058;53.973594;0.646350;,
  -2.497171;51.271104;0.591241;,
  -2.978624;48.030032;0.483889;,
  -3.552894;44.674749;0.377059;,
  -1.645731;56.980070;0.787242;,
  0.309868;58.809984;1.154951;,
  -3.486702;41.795539;0.456663;,
  -3.922024;39.898438;0.503769;,
  -4.316906;40.575306;3.342275;,
  -4.021450;38.626621;0.559703;,
  -4.346441;38.525174;3.522582;,
  -4.456619;36.631309;0.615103;,
  -4.677771;36.976634;3.232880;,
  -2.524261;37.826691;5.476915;,
  -2.882183;36.388755;4.865765;,
  -2.387476;40.080170;5.258828;,
  -0.847851;35.953738;4.641656;,
  -0.286507;37.016480;4.615617;,
  -0.055782;38.671248;4.383569;,
  -1.222200;35.630714;5.042067;,
  0.792246;34.443754;4.623682;,
  0.732573;35.282387;3.968910;,
  0.895832;35.650490;3.725652;,
  1.319737;37.717494;3.576166;,
  2.148222;35.894666;2.381130;,
  2.707983;36.187174;1.173093;,
  2.843231;36.793418;1.158766;,
  2.501783;38.156096;1.063364;,
  8.878302;56.142995;9.616360;,
  8.551993;61.662778;11.150932;,
  10.367338;60.996998;12.033762;,
  7.990627;56.149939;11.836515;,
  6.262735;55.565184;12.184120;,
  7.374489;54.607354;10.982463;,
  7.054546;56.746080;12.203414;,
  9.361580;61.162272;13.722021;,
  8.179669;61.986784;12.928297;,
  4.945700;57.833306;11.234424;,
  5.721274;57.268646;8.147340;,
  7.351630;55.928858;7.885783;,
  8.443859;54.745690;8.636644;,
  4.467314;56.729440;11.055102;,
  5.209804;56.574080;8.024948;,
  11.170902;69.423456;13.058976;,
  11.513821;69.174701;13.242118;,
  11.004341;69.426989;13.510984;,
  11.297818;69.215078;13.715418;,
  11.513821;69.174701;13.242118;,
  10.367338;60.996998;12.033762;,
  8.878302;56.142995;9.616360;,
  8.443859;54.745690;8.636644;,
  11.727863;59.941344;1.316853;,
  11.572846;59.183328;0.940263;,
  11.622375;59.156192;1.010578;,
  11.830750;59.128045;1.018666;,
  12.177982;59.796563;1.202374;,
  12.031208;59.816160;0.926236;,
  11.750515;59.193984;0.872400;,
  11.631100;59.994310;1.109300;,
  11.572846;59.183328;0.940263;,
  11.493252;58.859853;1.105315;,
  11.631100;59.994310;1.109300;,
  12.123760;59.882746;1.346358;,
  12.008442;59.105530;0.970626;,
  12.041561;59.070726;1.041610;,
  12.192677;59.034707;1.111972;,
  12.559231;59.635770;1.323415;,
  12.513493;59.626490;1.067845;,
  12.160488;59.077613;0.959810;,
  12.093777;59.908704;1.154054;,
  12.008442;59.105530;0.970626;,
  11.932621;58.779488;1.128222;,
  12.093777;59.908704;1.154054;,
  12.903332;59.527846;1.411544;,
  12.911949;59.034419;1.046663;,
  12.949352;59.001658;1.101717;,
  13.115970;58.967955;1.165173;,
  13.070278;59.499635;1.482989;,
  13.059674;59.561645;1.166586;,
  13.056076;59.048365;1.007107;,
  12.848702;59.571398;1.257032;,
  12.911949;59.034419;1.046663;,
  12.921089;58.683661;1.109344;,
  12.848702;59.571398;1.257032;,
  13.067242;59.478042;1.342828;,
  13.219006;59.009530;1.205420;,
  13.209751;59.000966;1.278760;,
  13.289631;59.022842;1.454292;,
  13.139458;59.507789;1.517934;,
  13.341534;59.477626;1.278960;,
  13.365711;59.036813;1.268098;,
  13.133053;59.466189;1.180885;,
  13.219006;59.009530;1.205420;,
  13.170719;58.703200;1.394984;,
  13.133053;59.466189;1.180885;,
  13.188648;59.503187;1.505490;,
  13.357586;59.031661;1.409055;,
  13.331966;59.022822;1.479227;,
  13.374130;59.043514;1.672263;,
  13.220494;59.531898;1.693902;,
  13.474277;59.499450;1.510922;,
  13.482701;59.055885;1.510840;,
  13.284420;59.488410;1.369293;,
  13.357586;59.031661;1.409055;,
  13.262402;58.726381;1.582212;,
  13.284420;59.488410;1.369293;,
  10.702957;59.317171;0.534388;,
  10.597897;58.919507;0.643245;,
  10.601284;59.252608;0.710692;,
  10.855915;59.896154;0.556117;,
  11.088459;60.206586;1.169327;,
  10.693134;59.842394;0.846345;,
  10.827389;59.741286;0.883568;,
  11.126892;59.693632;0.758033;,
  10.846683;59.198976;0.639658;,
  10.702957;59.317171;0.534388;,
  10.669361;59.191942;0.719741;,
  10.897823;60.288646;1.063224;,
  11.050987;60.306266;0.755621;,
  10.855915;59.896154;0.556117;,
  11.050987;60.306266;0.755621;,
  11.427838;60.118752;1.066023;,
  11.283177;59.803232;0.535368;,
  11.031151;59.704781;0.665969;,
  11.153831;59.826202;0.604587;,
  11.235005;59.604422;0.456617;,
