xof 0303txt 0032
template ColorRGBA {
 <35ff44e0-6c7c-11cf-8f52-0040333594a3>
 FLOAT red;
 FLOAT green;
 FLOAT blue;
 FLOAT alpha;
}

template ColorRGB {
 <d3e16e81-7835-11cf-8f52-0040333594a3>
 FLOAT red;
 FLOAT green;
 FLOAT blue;
}

template Material {
 <3d82ab4d-62da-11cf-ab39-0020af71e433>
 ColorRGBA faceColor;
 FLOAT power;
 ColorRGB specularColor;
 ColorRGB emissiveColor;
 [...]
}

template TextureFilename {
 <a42790e1-7810-11cf-8f52-0040333594a3>
 STRING filename;
}

template Frame {
 <3d82ab46-62da-11cf-ab39-0020af71e433>
 [...]
}

template Matrix4x4 {
 <f6f23f45-7686-11cf-8f52-0040333594a3>
 array FLOAT matrix[16];
}

template FrameTransformMatrix {
 <f6f23f41-7686-11cf-8f52-0040333594a3>
 Matrix4x4 frameMatrix;
}

template Vector {
 <3d82ab5e-62da-11cf-ab39-0020af71e433>
 FLOAT x;
 FLOAT y;
 FLOAT z;
}

template MeshFace {
 <3d82ab5f-62da-11cf-ab39-0020af71e433>
 DWORD nFaceVertexIndices;
 array DWORD faceVertexIndices[nFaceVertexIndices];
}

template Mesh {
 <3d82ab44-62da-11cf-ab39-0020af71e433>
 DWORD nVertices;
 array Vector vertices[nVertices];
 DWORD nFaces;
 array MeshFace faces[nFaces];
 [...]
}

template MeshNormals {
 <f6f23f43-7686-11cf-8f52-0040333594a3>
 DWORD nNormals;
 array Vector normals[nNormals];
 DWORD nFaceNormals;
 array MeshFace faceNormals[nFaceNormals];
}

template MeshMaterialList {
 <f6f23f42-7686-11cf-8f52-0040333594a3>
 DWORD nMaterials;
 DWORD nFaceIndexes;
 array DWORD faceIndexes[nFaceIndexes];
 [Material <3d82ab4d-62da-11cf-ab39-0020af71e433>]
}

template Coords2d {
 <f6f23f44-7686-11cf-8f52-0040333594a3>
 FLOAT u;
 FLOAT v;
}

template MeshTextureCoords {
 <f6f23f40-7686-11cf-8f52-0040333594a3>
 DWORD nTextureCoords;
 array Coords2d textureCoords[nTextureCoords];
}

template XSkinMeshHeader {
 <3cf169ce-ff7c-44ab-93c0-f78f62d172e2>
 WORD nMaxSkinWeightsPerVertex;
 WORD nMaxSkinWeightsPerFace;
 WORD nBones;
}

template SkinWeights {
 <6f0d123b-bad2-4167-a0d0-80224f25fabb>
 STRING transformNodeName;
 DWORD nWeights;
 array DWORD vertexIndices[nWeights];
 array FLOAT weights[nWeights];
 Matrix4x4 matrixOffset;
}

template AnimTicksPerSecond {
 <9e415a43-7ba6-4a73-8743-b73d47e88476>
 DWORD AnimTicksPerSecond;
}

template Animation {
 <3d82ab4f-62da-11cf-ab39-0020af71e433>
 [...]
}

template AnimationSet {
 <3d82ab50-62da-11cf-ab39-0020af71e433>
 [Animation <3d82ab4f-62da-11cf-ab39-0020af71e433>]
}

template FloatKeys {
 <10dd46a9-775b-11cf-8f52-0040333594a3>
 DWORD nValues;
 array FLOAT values[nValues];
}

template TimedFloatKeys {
 <f406b180-7b3b-11cf-8f52-0040333594a3>
 DWORD time;
 FloatKeys tfkeys;
}

template AnimationKey {
 <10dd46a8-775b-11cf-8f52-0040333594a3>
 DWORD keyType;
 DWORD nKeys;
 array TimedFloatKeys keys[nKeys];
}


Material Material__89 {
 1.000000;1.000000;1.000000;1.000000;;
 10.000000;
 0.000000;0.000000;0.000000;;
 0.000000;0.000000;0.000000;;

 TextureFilename {
  "Shadowarmor_diff.tga";
 }
}

Frame Dummy_root {
 

 FrameTransformMatrix {
  0.000000,0.000000,1.000000,0.000000,0.000000,1.000000,0.000000,0.000000,-1.000000,0.000000,0.000000,0.000000,0.000000,26.866771,0.000000,1.000000;;
 }

 Frame Bip01 {
  

  FrameTransformMatrix {
   0.323808,-0.943400,0.071737,0.000000,-0.535205,-0.245169,-0.808361,0.000000,0.780195,0.223360,-0.584300,0.000000,0.000000,1.381619,-0.592084,1.000000;;
  }

  Frame Bip01-Pelvis {
   

   FrameTransformMatrix {
    0.000000,1.000000,-0.000001,0.000000,-0.000001,0.000001,1.000000,0.000000,1.000000,-0.000000,0.000001,0.000000,0.000000,0.000000,0.000000,1.000000;;
   }

   Frame Bip01-Spine {
    

    FrameTransformMatrix {
     0.987324,-0.021111,-0.157309,0.000000,0.018574,0.999673,-0.017579,0.000000,0.157629,0.014434,0.987393,0.000000,2.538452,0.000004,-0.002747,1.000000;;
    }

    Frame Bip01-Spine1 {
     

     FrameTransformMatrix {
      0.997931,0.063946,-0.006683,0.000000,-0.062988,0.993207,0.097839,0.000000,0.012894,-0.097216,0.995180,0.000000,3.458311,-0.000000,-0.002438,1.000000;;
     }

     Frame Bip01-Spine2 {
      

      FrameTransformMatrix {
       0.992767,-0.050093,-0.109107,0.000000,0.064027,0.989679,0.128204,0.000000,0.101559,-0.134263,0.985728,0.000000,3.082680,0.000000,-0.004147,1.000000;;
      }

      Frame Bip01-Neck {
       

       FrameTransformMatrix {
        0.972690,0.220006,-0.073972,0.000000,-0.232029,0.930028,-0.284974,0.000000,0.006100,0.294355,0.955676,0.000000,6.462921,0.000002,0.072741,1.000000;;
       }

       Frame Bip01-Head {
        

        FrameTransformMatrix {
         0.937550,-0.246420,0.245513,0.000000,0.346558,0.600936,-0.720259,0.000000,0.029949,0.760363,0.648807,0.000000,2.666172,0.000000,-0.000004,1.000000;;
        }

        Frame Bip01-HeadNub {
         

         FrameTransformMatrix {
          1.000000,0.000000,0.000000,0.000000,0.000000,1.000000,-0.000000,0.000000,0.000000,0.000000,1.000000,0.000000,4.606045,0.000000,-0.000001,1.000000;;
         }
        }

        Frame Bone08 {
         

         FrameTransformMatrix {
          -0.765925,0.001070,0.642930,0.000000,-0.001070,-1.000000,0.000390,0.000000,0.642930,-0.000390,0.765925,0.000000,1.906332,0.000004,0.439451,1.000000;;
         }
        }

        Frame FxTop {
         

         FrameTransformMatrix {
          0.810462,0.385260,0.441278,0.000000,-0.211272,0.894843,-0.393219,0.000000,-0.546366,0.225460,0.806630,0.000000,4.185736,0.000008,3.003003,1.000000;;
         }
        }
       }

       Frame Bip01-L-Clavicle {
        

        FrameTransformMatrix {
         0.447236,0.761046,0.469881,0.000000,0.886725,-0.446023,-0.121588,0.000000,0.117044,0.471034,-0.874316,0.000000,-1.301628,2.350635,-0.178522,1.000000;;
        }

        Frame Bip01-L-UpperArm {
         

         FrameTransformMatrix {
          0.077708,-0.994434,0.071153,0.000000,-0.093295,0.063802,0.993592,0.000000,-0.992602,-0.083848,-0.087818,0.000000,4.600371,-0.000004,0.000004,1.000000;;
         }

         Frame Bip01-L-Forearm {
          

          FrameTransformMatrix {
           0.999995,-0.000000,-0.003165,0.000000,0.000000,1.000000,0.000000,0.000000,0.003164,-0.000000,0.999995,0.000000,7.037958,0.000000,-0.000004,1.000000;;
          }

          Frame Bip01-L-Hand {
           

           FrameTransformMatrix {
            0.958224,0.162255,-0.235542,0.000000,0.173002,0.326999,0.929054,0.000000,0.227765,-0.930991,0.285268,0.000000,5.409303,-0.000004,0.000001,1.000000;;
           }

           Frame Bip01-L-Finger0 {
            

            FrameTransformMatrix {
             0.791342,-0.608309,-0.061135,0.000000,-0.067873,0.011966,-0.997622,0.000000,0.607594,0.793610,-0.031819,0.000000,1.139425,-1.494124,1.079428,1.000000;;
            }

            Frame Bip01-L-Finger01 {
             

             FrameTransformMatrix {
              0.959867,0.000000,0.280455,0.000000,-0.000000,1.000000,0.000000,0.000000,-0.280455,0.000000,0.959867,0.000000,1.457109,-0.000002,0.000000,1.000000;;
             }

             Frame Bip01-L-Finger02 {
              

              FrameTransformMatrix {
               0.923814,-0.000000,0.382842,0.000000,0.000000,1.000000,0.000000,0.000000,-0.382842,-0.000000,0.923814,0.000000,1.457117,0.000004,0.000002,1.000000;;
              }

              Frame Bip01-L-Finger0Nub {
               

               FrameTransformMatrix {
                1.000000,0.000000,0.000000,0.000000,-0.000000,1.000000,-0.000000,0.000000,0.000000,0.000000,1.000000,0.000000,1.457111,0.000000,0.000000,1.000000;;
               }
              }
             }
            }
           }

           Frame Bip01-L-Finger1 {
            

            FrameTransformMatrix {
             0.958094,-0.216451,-0.187632,0.000000,0.221035,0.975259,0.003607,0.000000,0.182209,-0.044929,0.982233,0.000000,3.801953,-1.480558,0.288378,1.000000;;
            }

            Frame Bip01-L-Finger11 {
             

             FrameTransformMatrix {
              0.912209,-0.000000,0.409726,0.000000,-0.000000,1.000000,0.000000,0.000000,-0.409726,-0.000000,0.912209,0.000000,1.451431,0.000000,0.000000,1.000000;;
             }

             Frame Bip01-L-Finger12 {
              

              FrameTransformMatrix {
               0.861195,0.000000,0.508275,0.000000,0.000000,1.000000,-0.000000,0.000000,-0.508275,0.000000,0.861195,0.000000,0.919991,-0.000001,0.000004,1.000000;;
              }

              Frame Bip01-L-Finger1Nub {
               

               FrameTransformMatrix {
                1.000000,-0.000000,-0.000000,0.000000,0.000000,1.000000,0.000000,0.000000,0.000000,0.000000,1.000000,0.000000,1.106886,-0.000001,-0.000004,1.000000;;
               }
              }
             }
            }
           }

           Frame Bip01-L-Finger2 {
            

            FrameTransformMatrix {
             0.986133,-0.149689,0.071662,0.000000,0.144422,0.986761,0.073789,0.000000,-0.081758,-0.062416,0.994696,0.000000,3.832294,-0.451856,-0.098322,1.000000;;
            }

            Frame Bip01-L-Finger21 {
             

             FrameTransformMatrix {
              0.966050,0.000000,0.258354,0.000000,0.000000,1.000000,-0.000000,0.000000,-0.258354,0.000000,0.966050,0.000000,1.779338,0.000001,-0.000004,1.000000;;
             }

             Frame Bip01-L-Finger22 {
              

              FrameTransformMatrix {
               0.893457,0.000000,0.449149,0.000000,0.000000,1.000000,-0.000000,0.000000,-0.449149,0.000000,0.893457,0.000000,0.951520,-0.000001,0.000000,1.000000;;
              }

              Frame Bip01-L-Finger2Nub {
               

               FrameTransformMatrix {
                1.000000,0.000000,0.000000,0.000000,0.000000,1.000000,-0.000000,0.000000,-0.000000,0.000000,1.000000,0.000000,1.392141,0.000000,0.000000,1.000000;;
               }
              }
             }
            }
           }

           Frame Bip01-L-Finger3 {
            

            FrameTransformMatrix {
             0.918253,-0.085410,0.386674,0.000000,-0.012868,0.969511,0.244709,0.000000,-0.395785,-0.229680,0.889157,0.000000,3.836492,0.625080,0.096407,1.000000;;
            }

            Frame Bip01-L-Finger31 {
             

             FrameTransformMatrix {
              0.998359,0.000000,-0.057261,0.000000,-0.000000,1.000000,0.000000,0.000000,0.057261,-0.000000,0.998359,0.000000,1.536767,0.000001,-0.000004,1.000000;;
             }

             Frame Bip01-L-Finger32 {
              

              FrameTransformMatrix {
               0.833297,0.000000,0.552826,0.000000,-0.000000,1.000000,-0.000000,0.000000,-0.552826,0.000000,0.833297,0.000000,0.959852,-0.000002,-0.000004,1.000000;;
              }

              Frame Bip01-L-Finger3Nub {
               

               FrameTransformMatrix {
                1.000000,-0.000000,0.000000,0.000000,0.000000,1.000000,0.000000,0.000000,0.000000,-0.000000,1.000000,0.000000,1.164004,0.000000,0.000000,1.000000;;
               }
              }
             }
            }
           }

           Frame Bip01-L-Finger4 {
            

            FrameTransformMatrix {
             0.788486,0.075312,0.610425,0.000000,-0.247599,0.947370,0.202941,0.000000,-0.563014,-0.311156,0.765635,0.000000,3.763359,1.468266,0.414179,1.000000;;
            }

            Frame Bip01-L-Finger41 {
             

             FrameTransformMatrix {
              0.997712,0.000000,-0.067607,0.000000,-0.000000,1.000000,0.000000,0.000000,0.067607,-0.000000,0.997712,0.000000,1.452332,0.000001,0.000002,1.000000;;
             }

             Frame Bip01-L-Finger42 {
              

              FrameTransformMatrix {
               0.853254,0.000000,0.521495,0.000000,0.000000,1.000000,0.000000,0.000000,-0.521495,0.000000,0.853254,0.000000,0.686955,0.000000,-0.000006,1.000000;;
              }

              Frame Bip01-L-Finger4Nub {
               

               FrameTransformMatrix {
                1.000000,0.000000,0.000000,0.000000,0.000000,1.000000,-0.000000,0.000000,0.000000,0.000000,1.000000,0.000000,1.037378,-0.000002,-0.000002,1.000000;;
               }
              }
             }
            }
           }

           Frame FxHand00 {
            

            FrameTransformMatrix {
             -0.310582,-0.852157,-0.421150,0.000000,0.122850,0.403359,-0.906757,0.000000,0.942575,-0.333361,-0.020589,0.000000,3.239069,-0.019526,1.911049,1.000000;;
            }
           }
          }
         }
        }

        Frame Bone12 {
         

         FrameTransformMatrix {
          -0.958574,0.190710,-0.211580,0.000000,-0.249440,-0.203364,0.946796,0.000000,0.137536,0.960351,0.242510,0.000000,3.145897,2.947869,0.356911,1.000000;;
         }
        }
       }

       Frame Bip01-R-Clavicle {
        

        FrameTransformMatrix {
         -0.067243,-0.878840,-0.472354,0.000000,-0.991058,0.113521,-0.070127,0.000000,0.115253,0.463414,-0.878615,0.000000,-1.301628,-2.350636,-0.178511,1.000000;;
        }

        Frame Bip01-R-UpperArm {
         

         FrameTransformMatrix {
          0.241085,0.935888,-0.256890,0.000000,-0.244981,0.314811,0.916995,0.000000,0.939076,-0.158140,0.305171,0.000000,4.600370,0.000004,0.000004,1.000000;;
         }

         Frame Bip01-R-Forearm {
          

          FrameTransformMatrix {
           0.999912,0.000000,0.013295,0.000000,-0.000000,1.000000,0.000000,0.000000,-0.013294,0.000000,0.999912,0.000000,7.037960,-0.000002,0.000000,1.000000;;
          }

          Frame Bip01-R-Hand {
           

           FrameTransformMatrix {
            0.963875,0.167147,-0.207380,0.000000,-0.265342,0.534745,-0.802273,0.000000,-0.023202,0.828318,0.559778,0.000000,5.409306,0.000000,0.000000,1.000000;;
           }

           Frame Bip01-R-Finger0 {
            

            FrameTransformMatrix {
             0.869363,0.341918,0.356792,0.000000,-0.020544,-0.696365,0.717393,0.000000,0.493748,-0.631005,-0.598370,0.000000,1.139425,1.494125,1.079433,1.000000;;
            }

            Frame Bip01-R-Finger01 {
             

             FrameTransformMatrix {
              0.993344,0.000000,0.115189,0.000000,0.000000,1.000000,0.000000,0.000000,-0.115189,0.000000,0.993344,0.000000,1.457113,0.000004,0.000001,1.000000;;
             }

             Frame Bip01-R-Finger02 {
              

              FrameTransformMatrix {
               0.936674,-0.000000,0.350202,0.000000,0.000000,1.000000,0.000000,0.000000,-0.350202,0.000000,0.936674,0.000000,1.457113,0.000000,0.000001,1.000000;;
              }

              Frame Bip01-R-Finger0Nub {
               

               FrameTransformMatrix {
                -1.000000,-0.000000,-0.000691,0.000000,0.000000,1.000000,0.000000,0.000000,0.000691,0.000000,-1.000000,0.000000,1.457113,0.000002,-0.000001,1.000000;;
               }
              }
             }
            }
           }

           Frame Bip01-R-Finger1 {
            

            FrameTransformMatrix {
             0.986906,0.000128,0.161299,0.000000,0.000000,1.000000,-0.000796,0.000000,-0.161299,0.000786,0.986905,0.000000,3.801952,1.480559,0.288383,1.000000;;
            }

            Frame Bip01-R-Finger11 {
             

             FrameTransformMatrix {
              0.994252,0.000000,0.107066,0.000000,-0.000000,1.000000,-0.000000,0.000000,-0.107066,0.000000,0.994252,0.000000,1.451433,0.000000,-0.000004,1.000000;;
             }

             Frame Bip01-R-Finger12 {
              

              FrameTransformMatrix {
               0.892761,-0.000000,0.450531,0.000000,0.000000,1.000000,0.000000,0.000000,-0.450531,-0.000000,0.892761,0.000000,0.919989,0.000000,0.000000,1.000000;;
              }

              Frame Bip01-R-Finger1Nub {
               

               FrameTransformMatrix {
                -1.000000,-0.000000,0.000691,0.000000,-0.000000,1.000000,0.000000,0.000000,-0.000691,0.000000,-1.000000,0.000000,1.106895,0.000002,0.000000,1.000000;;
               }
              }
             }
            }
           }

           Frame Bip01-R-Finger2 {
            

            FrameTransformMatrix {
             0.952928,0.019742,0.302555,0.000000,-0.018754,0.999805,-0.006171,0.000000,-0.302618,0.000206,0.953112,0.000000,3.832296,0.451855,-0.098318,1.000000;;
            }

            Frame Bip01-R-Finger21 {
             

             FrameTransformMatrix {
              0.996467,0.000000,-0.083990,0.000000,-0.000000,1.000000,-0.000000,0.000000,0.083990,0.000000,0.996466,0.000000,1.779339,-0.000001,-0.000004,1.000000;;
             }

             Frame Bip01-R-Finger22 {
              

              FrameTransformMatrix {
               0.723948,0.000000,0.689854,0.000000,0.000000,1.000000,0.000000,0.000000,-0.689854,0.000000,0.723948,0.000000,0.951520,0.000001,0.000004,1.000000;;
              }

              Frame Bip01-R-Finger2Nub {
               

               FrameTransformMatrix {
                -1.000000,-0.000000,0.000690,0.000000,-0.000000,1.000000,0.000000,0.000000,-0.000690,0.000000,-1.000000,0.000000,1.392143,0.000000,0.000001,1.000000;;
               }
              }
             }
            }
           }

           Frame Bip01-R-Finger3 {
            

            FrameTransformMatrix {
             0.964919,0.006127,0.262477,0.000000,0.027673,0.991785,-0.124883,0.000000,-0.261086,0.127766,0.956823,0.000000,3.836494,-0.625078,0.096415,1.000000;;
            }

            Frame Bip01-R-Finger31 {
             

             FrameTransformMatrix {
              0.990351,0.000000,-0.138582,0.000000,-0.000000,1.000000,0.000000,0.000000,0.138582,-0.000000,0.990351,0.000000,1.536770,-0.000002,-0.000002,1.000000;;
             }

             Frame Bip01-R-Finger32 {
              

              FrameTransformMatrix {
               0.704357,0.000000,0.709847,0.000000,0.000000,1.000000,-0.000000,0.000000,-0.709847,-0.000000,0.704356,0.000000,0.959848,0.000000,0.000002,1.000000;;
              }

              Frame Bip01-R-Finger3Nub {
               

               FrameTransformMatrix {
                -1.000000,-0.000000,-0.000690,0.000000,0.000000,1.000000,0.000000,0.000000,0.000691,-0.000000,-1.000000,0.000000,1.164007,-0.000001,0.000001,1.000000;;
               }
              }
             }
            }
           }

           Frame Bip01-R-Finger4 {
            

            FrameTransformMatrix {
             0.997236,-0.064343,0.037144,0.000000,0.068468,0.990010,-0.123259,0.000000,-0.028843,0.125461,0.991679,0.000000,3.763358,-1.468266,0.414183,1.000000;;
            }

            Frame Bip01-R-Finger41 {
             

             FrameTransformMatrix {
              0.986404,-0.000000,0.164339,0.000000,0.000000,1.000000,-0.000000,0.000000,-0.164339,0.000000,0.986404,0.000000,1.452333,0.000002,-0.000002,1.000000;;
             }

             Frame Bip01-R-Finger42 {
              

              FrameTransformMatrix {
               0.877477,-0.000000,0.479619,0.000000,0.000000,1.000000,0.000000,0.000000,-0.479619,-0.000000,0.877477,0.000000,0.686955,-0.000002,0.000006,1.000000;;
              }

              Frame Bip01-R-Finger4Nub {
               

               FrameTransformMatrix {
                -1.000000,0.000000,-0.000691,0.000000,0.000000,1.000000,-0.000000,0.000000,0.000690,-0.000000,-1.000000,0.000000,1.037378,0.000000,0.000000,1.000000;;
               }
              }
             }
            }
           }

           Frame FxHand01 {
            

            FrameTransformMatrix {
             -0.879602,0.435890,-0.190526,0.000000,-0.149540,0.126847,0.980585,0.000000,0.451595,0.891016,-0.046392,0.000000,3.239095,0.019440,1.910715,1.000000;;
            }
           }

           Frame Bip01-Prop1 {
            

            FrameTransformMatrix {
             0.099445,-0.957876,0.269416,0.000000,-0.983076,-0.136444,-0.122245,0.000000,0.153856,-0.252700,-0.955234,0.000000,0.000000,0.000000,0.000002,1.000000;;
            }

            Frame Object02 {
             

             FrameTransformMatrix {
              0.997302,-0.003780,-0.073310,0.000000,-0.003817,-0.999993,-0.000370,0.000000,-0.073308,0.000648,-0.997309,0.000000,0.065688,-10.031869,0.016945,1.000000;;
             }
            }
           }
          }
         }
        }

        Frame Bone02 {
         

         FrameTransformMatrix {
          0.998951,0.015594,-0.043067,0.000000,-0.038944,-0.205778,-0.977823,0.000000,-0.024110,0.978475,-0.204955,0.000000,3.145891,-2.947874,0.356930,1.000000;;
         }
        }
       }
      }

      Frame Bone01 {
       

       FrameTransformMatrix {
        -0.177869,-0.066002,0.981839,0.000000,0.011767,-0.997820,-0.064944,0.000000,0.983984,0.000002,0.178257,0.000000,5.423228,0.000009,2.889414,1.000000;;
       }
      }

      Frame FxCenter {
       

       FrameTransformMatrix {
        0.797856,0.602250,0.026843,0.000000,0.024240,0.012442,-0.999629,0.000000,-0.602361,0.798210,-0.004672,0.000000,1.665517,0.000008,0.236071,1.000000;;
       }
      }
     }
    }

    Frame Bip01-L-Thigh {
     

     FrameTransformMatrix {
      -0.979913,0.064017,0.188869,0.000000,0.149102,-0.393745,0.907047,0.000000,0.132433,0.916988,0.376291,0.000000,-2.534181,2.925358,0.147213,1.000000;;
     }

     Frame Bip01-L-Calf {
      

      FrameTransformMatrix {
       0.983713,0.000000,-0.179745,0.000000,-0.000000,1.000000,0.000000,0.000000,0.179745,0.000000,0.983713,0.000000,13.729310,0.000002,0.000001,1.000000;;
      }

      Frame Bip01-L-Foot {
       

       FrameTransformMatrix {
        0.846607,-0.237320,-0.476378,0.000000,0.103133,0.951267,-0.290611,0.000000,0.522130,0.196903,0.829825,0.000000,10.595755,0.000002,0.000002,1.000000;;
       }

       Frame Bip01-L-Toe0 {
        

        FrameTransformMatrix {
         -0.000594,-0.000328,1.000000,0.000000,0.000317,1.000000,0.000328,0.000000,-1.000000,0.000317,-0.000594,0.000000,3.904541,0.000002,3.932392,1.000000;;
        }

        Frame Bip01-L-Toe0Nub {
         

         FrameTransformMatrix {
          -1.000000,0.000000,0.000691,0.000000,-0.000000,1.000000,0.000000,0.000000,-0.000690,-0.000000,-1.000000,0.000000,5.610662,0.000000,0.000004,1.000000;;
         }
        }
       }
      }
     }
    }

    Frame Bip01-R-Thigh {
     

     FrameTransformMatrix {
      -0.891222,-0.422644,0.164610,0.000000,0.395212,-0.901689,-0.175400,0.000000,0.222559,-0.091264,0.970639,0.000000,-2.534184,-2.925359,0.147230,1.000000;;
     }

     Frame Bip01-R-Calf {
      

      FrameTransformMatrix {
       0.926520,0.000000,-0.376247,0.000000,-0.000000,1.000000,0.000000,0.000000,0.376247,0.000000,0.926520,0.000000,13.729317,-0.000002,0.000002,1.000000;;
      }

      Frame Bip01-R-Foot {
       

       FrameTransformMatrix {
        0.838329,-0.177999,-0.515287,0.000000,-0.068003,0.903670,-0.422795,0.000000,0.540906,0.389483,0.745469,0.000000,10.595754,0.000001,0.000000,1.000000;;
       }

       Frame Bip01-R-Toe0 {
        

        FrameTransformMatrix {
         0.160399,0.023675,0.986769,0.000000,-0.128020,0.991767,-0.002985,0.000000,-0.978715,-0.125847,0.162109,0.000000,3.904545,-0.000001,3.932388,1.000000;;
        }

        Frame Bip01-R-Toe0Nub {
         

         FrameTransformMatrix {
          1.000000,0.000000,-0.000000,0.000000,0.000000,1.000000,0.000000,0.000000,-0.000000,0.000000,1.000000,0.000000,5.610662,0.000002,-0.000008,1.000000;;
         }
        }
       }
      }
     }
    }

    Frame Bip01-Tail {
     

     FrameTransformMatrix {
      -0.938403,-0.036122,0.343650,0.000000,-0.011217,0.997181,0.074187,0.000000,-0.345362,0.065763,-0.936163,0.000000,-4.640043,-0.000009,-3.198534,1.000000;;
     }

     Frame Bip01-Tail1 {
      

      FrameTransformMatrix {
       0.905144,-0.321803,-0.277772,0.000000,0.319622,0.945981,-0.054417,0.000000,0.280279,-0.039527,0.959105,0.000000,5.349604,0.000001,-0.004282,1.000000;;
      }

      Frame Bip01-Tail2 {
       

       FrameTransformMatrix {
        0.952526,-0.022728,0.303608,0.000000,0.091216,0.972706,-0.213362,0.000000,-0.290472,0.230927,0.928600,0.000000,5.587098,0.000001,-0.006365,1.000000;;
       }

       Frame Bip01-Tail3 {
        

        FrameTransformMatrix {
         0.975537,-0.173188,0.135402,0.000000,0.107460,0.912996,0.393562,0.000000,-0.191781,-0.369384,0.909272,0.000000,8.004197,0.000000,-0.007288,1.000000;;
        }

        Frame Bip01-TailNub {
         

         FrameTransformMatrix {
          0.000796,0.000299,1.000000,0.000000,-0.000296,-1.000000,0.000299,0.000000,1.000000,-0.000296,-0.000796,0.000000,9.179895,0.000000,0.000000,1.000000;;
         }
        }
       }
      }
     }
    }

    Frame Bone03 {
     

     FrameTransformMatrix {
      -0.931244,0.247450,0.267495,0.000000,-0.262136,-0.964823,-0.020063,0.000000,0.253120,-0.088804,0.963351,0.000000,3.739961,0.000003,2.743807,1.000000;;
     }
    }
   }

   Frame Bone05 {
    

    FrameTransformMatrix {
     -0.931758,0.196147,0.305537,0.000000,-0.259336,-0.948491,-0.181958,0.000000,0.254109,-0.248777,0.934633,0.000000,3.411300,-0.000002,2.743814,1.000000;;
    }
   }

   Frame Bone13 {
    

    FrameTransformMatrix {
     0.822577,-0.373295,-0.428973,0.000000,-0.495401,-0.100061,-0.862882,0.000000,0.279186,0.922301,-0.267239,0.000000,3.293658,1.654417,2.429855,1.000000;;
    }
   }

   Frame Bone04 {
    

    FrameTransformMatrix {
     -0.798827,-0.446008,0.403674,0.000000,0.506883,-0.137680,0.850949,0.000000,-0.323952,0.884376,0.336056,0.000000,3.293664,-1.654420,2.429850,1.000000;;
    }
   }

   Frame Bone06 {
    

    FrameTransformMatrix {
     -0.954901,-0.194242,-0.224575,0.000000,0.296531,-0.584990,-0.754888,0.000000,0.015257,-0.787437,0.616206,0.000000,3.134420,-3.693654,-2.304321,1.000000;;
    }
   }

   Frame Bone10 {
    

    FrameTransformMatrix {
     -0.816729,-0.417592,0.398210,0.000000,0.561369,-0.734686,0.380923,0.000000,0.133489,0.534653,0.834462,0.000000,2.625133,-4.029732,1.681738,1.000000;;
    }
   }

   Frame Bone07 {
    

    FrameTransformMatrix {
     -0.928236,-0.359403,-0.095951,0.000000,-0.097032,-0.015075,0.995167,0.000000,-0.359113,0.933060,-0.020880,0.000000,2.354023,-4.823197,0.126202,1.000000;;
    }
   }

   Frame Bone15 {
    

    FrameTransformMatrix {
     0.710683,-0.384696,-0.589015,0.000000,-0.655039,-0.667241,-0.354559,0.000000,-0.256618,0.637807,-0.726188,0.000000,2.625121,4.029739,1.681761,1.000000;;
    }
   }

   Frame Bone11 {
    

    FrameTransformMatrix {
     0.817079,-0.380231,-0.433366,0.000000,-0.416177,0.131186,-0.899771,0.000000,0.398972,0.915541,-0.051054,0.000000,2.354006,4.823204,0.126230,1.000000;;
    }
   }

   Frame Bone14 {
    

    FrameTransformMatrix {
     0.973016,-0.186877,-0.135337,0.000000,-0.037486,-0.706783,0.706437,0.000000,-0.227671,-0.682302,-0.694716,0.000000,3.134409,3.693680,-2.304300,1.000000;;
    }
   }

   Frame Bone09 {
    

    FrameTransformMatrix {
     -0.956275,0.016514,-0.292002,0.000000,-0.003582,-0.998991,-0.044769,0.000000,-0.292447,-0.041766,0.955369,0.000000,2.595986,0.000014,-2.949490,1.000000;;
    }
   }
  }
 }

 Frame FxBottom {
  

  FrameTransformMatrix {
   0.000000,-0.000000,-1.000000,0.000000,-0.000000,1.000000,-0.000000,0.000000,1.000000,0.000000,0.000000,0.000000,0.000001,-25.843210,0.927722,1.000000;;
  }
 }
}

Frame ShadowArmor_Ghost_skel {
 

 FrameTransformMatrix {
  1.000000,0.000000,0.000000,0.000000,0.000000,1.000000,0.000000,0.000000,0.000000,0.000000,1.000000,0.000000,0.000000,0.000000,0.000000,1.000000;;
 }

 Mesh ShadowArmor_Ghost_skel {
  12380;
  -0.274574;64.729574;-11.853860;,
  0.820958;65.285997;-11.692593;,
  0.327768;62.952627;-11.839445;,
  2.006666;6.539019;-10.763677;,
  2.307572;4.754606;-10.128438;,
  3.554388;2.956619;-10.446342;,
  1.081330;5.870155;-10.328574;,
  3.554388;2.956619;-10.446342;,
  1.081330;5.870155;-10.328574;,
  1.200348;5.374243;-10.454507;,
  4.331401;76.023552;-11.617158;,
  2.949375;75.471078;-10.704036;,
  4.322908;76.034086;-10.704034;,
  2.949376;75.471078;-11.029258;,
  2.197680;74.851194;-10.963431;,
  5.265902;76.630240;-10.704032;,
  6.340315;78.055558;-10.704031;,
  5.277450;76.629075;-11.479812;,
  5.192786;75.917114;-11.548592;,
  4.852348;75.088064;-11.317330;,
  1.856383;74.194528;-11.321314;,
  6.649826;77.600045;-11.673854;,
  5.720581;74.860723;-11.591994;,
  4.915012;73.333421;-12.308563;,
  3.955501;73.501946;-12.462308;,
  1.628152;73.530771;-11.506662;,
  3.274755;70.741434;-11.347574;,
  0.618972;70.521459;-11.275587;,
  0.791699;69.930746;-10.704038;,
  7.419824;74.248006;-11.749427;,
  5.443157;71.244109;-11.936280;,
  5.690426;72.224320;-12.326775;,
  6.205513;70.860659;-12.662680;,
  5.989443;74.114061;-11.732476;,
  4.915012;73.333421;-12.308563;,
  4.986182;69.415149;-11.213355;,
  5.788719;69.201926;-11.530597;,
  5.389980;67.729837;-11.278450;,
  6.175903;66.829498;-11.384562;,
  4.299771;65.946374;-11.181330;,
  6.910781;69.404717;-12.552679;,
  3.021746;70.193581;-10.704035;,
  4.669168;69.131770;-10.704032;,
  4.901992;67.847091;-10.704032;,
  3.819020;66.063104;-10.704033;,
  5.016170;64.747686;-11.169586;,
  8.197704;66.601952;-11.825107;,
  13.247688;64.947008;-11.392491;,
  7.899697;69.837741;-11.910414;,
  14.377366;70.251878;-11.468394;,
  8.173813;62.614899;-11.334226;,
  5.809179;62.920525;-11.209200;,
  5.476802;62.793280;-10.704030;,
  13.581294;64.891046;-10.704017;,
  11.170098;61.427955;-11.143271;,
  7.729590;58.957453;-11.176702;,
  6.232304;59.738496;-11.194286;,
  5.809179;62.920525;-11.209200;,
  5.912719;59.605139;-10.704029;,
  5.662582;55.114650;-10.946584;,
  5.485005;54.741229;-10.704029;,
  11.526733;61.226931;-10.704019;,
  5.485005;54.741229;-10.704029;,
  8.200290;71.314272;-11.896274;,
  12.551434;78.983398;-11.187685;,
  14.124621;74.185990;-11.209874;,
  14.500253;74.352576;-10.704017;,
  14.812363;70.109286;-10.704016;,
  7.558097;81.057709;-11.455784;,
  6.328456;78.073901;-11.429965;,
  7.212341;81.113158;-11.340189;,
  8.382431;84.456576;-11.241449;,
  12.978578;79.220883;-10.704019;,
  8.914575;84.980979;-10.704027;,
  8.113378;87.226714;-10.704029;,
  8.399192;86.618989;-10.704028;,
  8.177590;84.877786;-10.704029;,
  8.139448;84.407226;-10.704029;,
  7.224944;81.073478;-10.704029;,
  8.139448;84.407226;-10.704029;,
  8.382426;84.456576;-10.166608;,
  8.177590;84.877786;-10.704029;,
  8.113378;87.226714;-10.704029;,
  8.914575;84.980979;-10.704027;,
  7.224944;81.073478;-10.704029;,
  12.978578;79.220883;-10.704019;,
  12.551432;78.983398;-10.220356;,
  14.500253;74.352576;-10.704017;,
  5.989439;74.114061;-9.675585;,
  4.915007;73.333421;-9.099502;,
  5.690421;72.224320;-9.081286;,
  5.720578;74.860723;-9.816070;,
  7.419820;74.248006;-9.658630;,
  6.649822;77.600045;-9.734207;,
  7.558093;81.057709;-9.952274;,
  7.212338;81.113158;-10.067871;,
  6.340315;78.055558;-10.704031;,
  3.955495;73.501946;-8.945761;,
  6.328452;78.073901;-9.978097;,
  7.212338;81.113158;-10.067871;,
  5.277447;76.629075;-9.928253;,
  5.192782;75.917114;-9.859474;,
  4.852344;75.088064;-10.090734;,
  1.856381;74.194528;-10.086762;,
  1.628149;73.530771;-9.901414;,
  2.197679;74.851194;-10.444643;,
  4.331395;76.023552;-9.790910;,
  4.322908;76.034086;-10.704034;,
  5.265902;76.630240;-10.704032;,
  2.949374;75.471078;-10.378814;,
  2.949375;75.471078;-10.704036;,
  3.274753;70.741434;-10.060496;,
  0.618970;70.521459;-10.132492;,
  0.791699;69.930746;-10.704038;,
  3.021746;70.193581;-10.704035;,
  4.986180;69.415149;-10.194709;,
  4.669168;69.131770;-10.704032;,
  5.389978;67.729837;-10.129612;,
  4.901992;67.847091;-10.704032;,
  3.819020;66.063104;-10.704033;,
  4.299771;65.946374;-10.226735;,
  8.200287;71.314272;-9.511779;,
  6.205506;70.860659;-8.745381;,
  6.910774;69.404717;-8.855378;,
  5.788717;69.201926;-9.877464;,
  6.175900;66.829498;-10.023497;,
  5.443153;71.244109;-9.471782;,
  5.016170;64.747686;-10.238477;,
  8.197701;66.601952;-9.582945;,
  7.899693;69.837741;-9.497640;,
  14.377365;70.251878;-9.939638;,
  14.124619;74.185990;-10.198161;,
  13.247686;64.947008;-10.015544;,
  8.173814;62.614899;-10.073826;,
  5.809179;62.920525;-10.198859;,
  5.476802;62.793280;-10.704030;,
  14.812363;70.109286;-10.704016;,
  13.581294;64.891046;-10.704017;,
  11.170098;61.427955;-10.264770;,
  7.729589;58.957453;-10.231349;,
  6.232306;59.738496;-10.213772;,
  5.912719;59.605139;-10.704029;,
  5.662587;55.114650;-10.461474;,
  5.485005;54.741229;-10.704029;,
  11.526733;61.226931;-10.704019;,
  5.485005;54.741229;-10.704029;,
  -1.250302;3.511490;-10.763682;,
  -0.662475;-6.103094;-10.432871;,
  -0.662475;3.094290;-9.670987;,
  -0.074646;3.511473;-10.763681;,
  -0.240706;3.776772;-9.638625;,
  -0.662478;-0.648764;-8.279057;,
  -1.084246;3.776791;-9.638626;,
  1.200348;5.374243;-10.454507;,
  0.463093;4.588450;-10.998878;,
  1.200394;5.398489;-11.070993;,
  1.494737;0.800144;-10.763678;,
  -0.240706;3.776772;-9.638625;,
  -0.074646;3.511473;-10.763681;,
  0.449149;4.582380;-10.514744;,
  0.507699;5.446867;-10.197257;,
  1.081330;5.870155;-10.328574;,
  0.448425;5.073534;-9.300257;,
  0.224244;4.157225;-9.304528;,
  -0.274086;10.109282;-9.686431;,
  -0.166295;5.774244;-8.782177;,
  -0.177755;3.719196;-8.711325;,
  -0.662478;-0.648764;-8.279057;,
  -0.662478;3.763804;-7.945165;,
  -1.147201;3.719214;-8.711327;,
  -1.084246;3.776791;-9.638626;,
  -1.781064;4.585438;-10.521616;,
  -2.819682;0.800173;-10.763684;,
  -1.250302;3.511490;-10.763682;,
  -0.662475;5.754845;-8.063635;,
  -1.158654;5.774262;-8.782179;,
  -1.549196;4.157242;-9.304531;,
  -1.832643;5.446884;-10.197261;,
  -2.525290;5.374262;-10.454514;,
  -2.406274;5.870174;-10.328580;,
  -1.773372;5.073563;-9.300262;,
  -1.050860;10.109301;-9.686433;,
  -0.662475;10.112604;-8.902632;,
  -0.304241;14.308904;-9.553274;,
  -0.662471;16.180677;-8.992815;,
  -0.662474;14.399626;-8.801869;,
  -1.020699;14.308923;-9.553275;,
  -1.023144;16.177778;-9.982364;,
  -2.218062;13.897944;-9.210418;,
  -2.480430;11.752920;-9.134270;,
  -0.662475;10.112604;-8.902632;,
  1.155487;11.752894;-9.134264;,
  0.893121;13.897925;-9.210413;,
  -0.301796;16.177763;-9.982362;,
  -0.662468;21.175467;-8.992818;,
  -0.301793;21.172541;-9.983496;,
  -1.023147;21.172568;-9.983497;,
  0.980130;10.221854;-10.430891;,
  3.053888;10.185808;-10.321778;,
  1.292124;11.036455;-10.205038;,
  2.228136;11.182814;-9.794603;,
  1.764174;12.514757;-8.925159;,
  1.764174;13.691046;-8.925159;,
  0.949546;15.472101;-9.511690;,
  0.949546;19.114717;-9.511691;,
  0.602487;20.466886;-9.511692;,
  2.380950;4.623375;-9.324444;,
  1.830865;6.703436;-9.732310;,
  1.388707;6.597265;-9.441572;,
  1.118583;5.729004;-9.616238;,
  2.307572;4.754606;-10.128438;,
  0.737825;10.165888;-9.970386;,
  2.198587;8.504122;-10.763677;,
  3.170974;9.933798;-10.763674;,
  2.077854;8.769560;-10.331751;,
  2.006666;6.539019;-10.763677;,
  2.307572;4.754606;-10.128438;,
  -3.523530;8.504137;-10.763686;,
  -4.378833;10.185827;-10.321792;,
  -4.495914;9.933813;-10.763688;,
  -2.305074;10.221872;-10.430897;,
  -3.402797;8.769579;-10.331761;,
  -3.155810;6.703463;-9.732318;,
  -3.331607;6.539034;-10.763686;,
  -3.632518;4.754625;-10.128450;,
  -3.705899;4.623394;-9.324454;,
  -2.713653;6.597280;-9.441579;,
  -2.443528;5.729023;-9.616244;,
  -2.062768;10.165914;-9.970390;,
  -3.632518;4.754625;-10.128450;,
  -2.617066;11.036482;-10.205046;,
  -3.553080;11.182833;-9.794613;,
  -3.089120;12.514784;-8.925167;,
  -3.089118;13.691066;-8.925167;,
  -2.274486;15.472117;-9.511694;,
  -2.274487;19.114733;-9.511697;,
  -1.927424;20.466906;-9.511696;,
  1.494737;0.800144;-10.763678;,
  -0.074646;3.511473;-10.763681;,
  -0.240702;3.776772;-11.888736;,
  0.463093;4.588450;-10.528481;,
  1.200304;5.349996;-11.074706;,
  1.200348;5.374243;-10.454507;,
  0.449149;4.582380;-11.012614;,
  -0.177748;3.719196;-12.816036;,
  -0.662469;-0.648764;-13.248306;,
  -0.662467;3.763804;-13.582197;,
  -1.147193;3.719214;-12.816036;,
  -1.158648;5.774262;-12.745185;,
  -1.549191;4.157242;-12.222834;,
  -1.774091;4.582398;-11.012618;,
  -1.832641;5.446884;-11.330105;,
  -1.084241;3.776791;-11.888737;,
  -2.819682;0.800173;-10.763684;,
  -1.250302;3.511490;-10.763682;,
  -1.781064;4.585438;-10.521616;,
  -2.525247;5.350023;-11.074712;,
  -2.406274;5.870172;-11.198788;,
  -1.773368;5.073561;-12.227105;,
  -1.050856;10.109301;-11.840931;,
  -2.525290;5.374262;-10.454514;,
  -2.443524;5.729021;-11.911124;,
  -3.632514;4.754625;-11.398923;,
  -3.705896;4.623394;-12.202918;,
  -3.155807;6.703463;-11.795053;,
  -2.713649;6.597280;-12.085790;,
  -2.062766;10.165914;-11.556976;,
  -2.480424;11.752916;-12.393099;,
  -1.020697;14.308923;-11.974089;,
  -2.218059;13.897944;-12.316950;,
  -1.023143;16.177778;-11.544916;,
  -3.089112;13.691066;-12.603081;,
  -2.274482;15.472117;-12.016551;,
  -1.023144;21.172568;-11.544914;,
  -2.274484;19.114733;-12.016550;,
  -1.927423;20.466906;-12.016549;,
  -0.662466;16.180677;-12.534464;,
  -0.304238;14.308904;-11.974088;,
  -0.662468;14.399626;-12.725494;,
  -0.662466;5.754845;-13.463728;,
  -0.662469;10.112604;-12.624731;,
  -0.274082;10.109282;-11.840931;,
  1.155493;11.752890;-12.393093;,
  0.893125;13.897925;-12.316944;,
  -0.301795;16.177763;-11.544915;,
  -0.662465;21.175467;-12.534462;,
  -0.301792;21.172541;-11.544912;,
  1.764180;12.514757;-12.603074;,
  1.764179;13.691046;-12.603072;,
  0.949549;15.472101;-12.016546;,
  0.949550;19.114717;-12.016544;,
  0.602490;20.466886;-12.016546;,
  1.081332;5.870155;-11.198782;,
  0.448430;5.073534;-12.227102;,
  1.118587;5.729004;-11.911118;,
  0.737827;10.165888;-11.556973;,
  0.980131;10.221854;-11.096466;,
  1.292126;11.036455;-11.322318;,
  3.053890;10.185804;-11.205572;,
  2.226124;11.181238;-11.732524;,
  -0.166288;5.774244;-12.745184;,
  0.224250;4.157225;-12.222830;,
  0.507701;5.446867;-11.330101;,
  2.307574;4.754606;-11.398914;,
  2.380956;4.623375;-12.202909;,
  1.388712;6.597265;-12.085784;,
  1.830868;6.703436;-11.795045;,
  2.307574;4.754606;-11.398914;,
  2.006666;6.539019;-10.763677;,
  2.198587;8.504122;-10.763677;,
  2.077855;8.769560;-11.195603;,
  3.170974;9.933798;-10.763674;,
  -2.406274;5.870174;-10.328580;,
  -4.879332;2.956648;-10.446356;,
  -2.525290;5.374262;-10.454514;,
  -3.632518;4.754625;-10.128450;,
  -3.331607;6.539034;-10.763686;,
  -3.551062;11.181254;-11.732531;,
  -2.617064;11.036482;-11.322324;,
  -4.378831;10.185827;-11.205582;,
  -3.523530;8.504137;-10.763686;,
  -4.495914;9.933813;-10.763688;,
  -3.089114;12.514784;-12.603081;,
  -2.305072;10.221872;-11.096472;,
  -3.402795;8.769579;-11.195611;,
  -3.331607;6.539034;-10.763686;,
  -3.632514;4.754625;-11.398923;,
  -1.464973;60.233587;-10.072023;,
  -1.157641;61.354010;-9.865613;,
  -1.740149;61.311955;-10.072024;,
  -2.967685;62.871315;-10.071683;,
  -2.705270;62.664422;-10.071683;,
  -2.192729;63.050355;-10.072026;,
  -3.422885;64.835603;-10.071684;,
  -2.609763;64.582067;-10.072026;,
  -2.881755;65.505600;-10.071683;,
  -1.294625;56.274362;-10.071679;,
  -1.580103;55.797574;-10.071680;,
  -0.660496;56.196595;-10.072022;,
  -2.774625;57.774342;-10.071682;,
  -2.071843;57.882208;-10.072024;,
  -2.067536;60.125734;-10.071681;,
  -1.464973;60.233587;-10.072023;,
  -2.678483;61.204096;-10.071682;,
  -1.740149;61.311955;-10.072024;,
  -2.506038;61.495942;-10.071682;,
  0.746552;60.125734;-10.071676;,
  0.750850;57.882208;-10.072019;,
  1.453646;57.774342;-10.071675;,
  -0.026354;56.274362;-10.071678;,
  0.259124;55.797574;-10.071676;,
  0.259119;18.849909;-10.071671;,
  -1.580108;18.849909;-10.071674;,
  1.555989;65.517517;-10.071676;,
  1.288771;64.582067;-10.072019;,
  2.101906;64.835603;-10.071674;,
  0.871736;63.050355;-10.072021;,
  1.646706;62.871315;-10.071675;,
  1.384292;62.664422;-10.071676;,
  0.419155;61.311955;-10.072021;,
  1.185058;61.495942;-10.071676;,
  1.357505;61.204096;-10.071676;,
  0.143979;60.233587;-10.072022;,
  -1.648746;62.952627;-9.748541;,
  -1.740149;61.311955;-10.072024;,
  -1.157641;61.354010;-9.865613;,
  -1.580095;55.797574;-11.515963;,
