xof 0303txt 0032
template ColorRGBA {
 <35ff44e0-6c7c-11cf-8f52-0040333594a3>
 FLOAT red;
 FLOAT green;
 FLOAT blue;
 FLOAT alpha;
}

template ColorRGB {
 <d3e16e81-7835-11cf-8f52-0040333594a3>
 FLOAT red;
 FLOAT green;
 FLOAT blue;
}

template Material {
 <3d82ab4d-62da-11cf-ab39-0020af71e433>
 ColorRGBA faceColor;
 FLOAT power;
 ColorRGB specularColor;
 ColorRGB emissiveColor;
 [...]
}

template TextureFilename {
 <a42790e1-7810-11cf-8f52-0040333594a3>
 STRING filename;
}

template Frame {
 <3d82ab46-62da-11cf-ab39-0020af71e433>
 [...]
}

template Matrix4x4 {
 <f6f23f45-7686-11cf-8f52-0040333594a3>
 array FLOAT matrix[16];
}

template FrameTransformMatrix {
 <f6f23f41-7686-11cf-8f52-0040333594a3>
 Matrix4x4 frameMatrix;
}

template Vector {
 <3d82ab5e-62da-11cf-ab39-0020af71e433>
 FLOAT x;
 FLOAT y;
 FLOAT z;
}

template MeshFace {
 <3d82ab5f-62da-11cf-ab39-0020af71e433>
 DWORD nFaceVertexIndices;
 array DWORD faceVertexIndices[nFaceVertexIndices];
}

template Mesh {
 <3d82ab44-62da-11cf-ab39-0020af71e433>
 DWORD nVertices;
 array Vector vertices[nVertices];
 DWORD nFaces;
 array MeshFace faces[nFaces];
 [...]
}

template MeshNormals {
 <f6f23f43-7686-11cf-8f52-0040333594a3>
 DWORD nNormals;
 array Vector normals[nNormals];
 DWORD nFaceNormals;
 array MeshFace faceNormals[nFaceNormals];
}

template MeshMaterialList {
 <f6f23f42-7686-11cf-8f52-0040333594a3>
 DWORD nMaterials;
 DWORD nFaceIndexes;
 array DWORD faceIndexes[nFaceIndexes];
 [Material <3d82ab4d-62da-11cf-ab39-0020af71e433>]
}

template Coords2d {
 <f6f23f44-7686-11cf-8f52-0040333594a3>
 FLOAT u;
 FLOAT v;
}

template MeshTextureCoords {
 <f6f23f40-7686-11cf-8f52-0040333594a3>
 DWORD nTextureCoords;
 array Coords2d textureCoords[nTextureCoords];
}

template XSkinMeshHeader {
 <3cf169ce-ff7c-44ab-93c0-f78f62d172e2>
 WORD nMaxSkinWeightsPerVertex;
 WORD nMaxSkinWeightsPerFace;
 WORD nBones;
}

template SkinWeights {
 <6f0d123b-bad2-4167-a0d0-80224f25fabb>
 STRING transformNodeName;
 DWORD nWeights;
 array DWORD vertexIndices[nWeights];
 array FLOAT weights[nWeights];
 Matrix4x4 matrixOffset;
}

template AnimTicksPerSecond {
 <9e415a43-7ba6-4a73-8743-b73d47e88476>
 DWORD AnimTicksPerSecond;
}

template Animation {
 <3d82ab4f-62da-11cf-ab39-0020af71e433>
 [...]
}

template AnimationSet {
 <3d82ab50-62da-11cf-ab39-0020af71e433>
 [Animation <3d82ab4f-62da-11cf-ab39-0020af71e433>]
}

template FloatKeys {
 <10dd46a9-775b-11cf-8f52-0040333594a3>
 DWORD nValues;
 array FLOAT values[nValues];
}

template TimedFloatKeys {
 <f406b180-7b3b-11cf-8f52-0040333594a3>
 DWORD time;
 FloatKeys tfkeys;
}

template AnimationKey {
 <10dd46a8-775b-11cf-8f52-0040333594a3>
 DWORD keyType;
 DWORD nKeys;
 array TimedFloatKeys keys[nKeys];
}


Material Material__35 {
 1.000000;1.000000;1.000000;1.000000;;
 10.000000;
 0.000000;0.000000;0.000000;;
 0.000000;0.000000;0.000000;;

 TextureFilename {
  "Human_F_L00_Body_diff.dds";
 }
}

Frame Dummy_root {
 

 FrameTransformMatrix {
  1.000000,0.000000,0.000000,0.000000,0.000000,1.000000,0.000000,0.000000,0.000000,-0.000000,1.000000,0.000000,0.000000,23.000000,0.000000,1.000000;;
 }

 Frame FxBottom {
  

  FrameTransformMatrix {
   1.000000,0.000000,0.000000,0.000000,0.000000,1.000000,0.000000,0.000000,0.000000,-0.000000,1.000000,0.000000,0.000000,-23.000000,-0.000000,1.000000;;
  }
 }

 Frame Bip01 {
  

  FrameTransformMatrix {
   0.743149,0.076816,-0.664702,0.000000,-0.119785,0.992614,-0.019211,0.000000,0.658317,0.093898,0.746862,0.000000,-0.194762,0.659397,-0.000000,1.000000;;
  }

  Frame Bip01-Pelvis {
   

   FrameTransformMatrix {
    0.000360,0.999999,-0.001584,0.000000,0.003483,0.001582,0.999993,0.000000,0.999994,-0.000365,-0.003483,0.000000,0.000000,0.000000,0.000000,1.000000;;
   }

   Frame Bip01-Spine {
    

    FrameTransformMatrix {
     0.999999,0.001527,0.000425,0.000000,-0.001525,0.999993,-0.003479,0.000000,-0.000430,0.003479,0.999994,0.000000,2.358109,0.000005,-0.000990,1.000000;;
    }

    Frame Bip01-Spine1 {
     

     FrameTransformMatrix {
      0.999980,-0.005495,0.003042,0.000000,0.004836,0.982681,0.185243,0.000000,-0.004007,-0.185224,0.982688,0.000000,0.209326,0.000000,-0.002767,1.000000;;
     }

     Frame Bip01-Spine2 {
      

      FrameTransformMatrix {
       0.999212,0.028024,0.028117,0.000000,-0.031525,0.990613,0.133016,0.000000,-0.024125,-0.133797,0.990715,0.000000,3.478327,0.000001,-0.001152,1.000000;;
      }

      Frame Bip01-Spine3 {
       

       FrameTransformMatrix {
        0.980994,0.038372,-0.190205,0.000000,-0.032815,0.998940,0.032279,0.000000,0.191242,-0.025424,0.981214,0.000000,1.456825,-0.000000,-0.004309,1.000000;;
       }

       Frame Bip01-Neck {
        

        FrameTransformMatrix {
         0.917148,0.138020,0.373886,0.000000,0.024337,0.916975,-0.398201,0.000000,-0.397804,0.374308,0.837643,0.000000,5.539906,-0.000000,-0.690875,1.000000;;
        }

        Frame Bip01-Head {
         

         FrameTransformMatrix {
          0.976207,0.124348,0.177646,0.000000,-0.019787,0.866906,-0.498080,0.000000,-0.215938,0.482714,0.848739,0.000000,2.474251,0.000000,0.000000,1.000000;;
         }

         Frame Bip01-HeadNub {
          

          FrameTransformMatrix {
           1.000000,0.000000,0.000000,0.000000,-0.000000,1.000000,0.000000,0.000000,0.000000,0.000000,1.000000,0.000000,4.628929,0.000000,0.000000,1.000000;;
          }
         }

         Frame FxTop {
          

          FrameTransformMatrix {
           0.370706,0.154322,0.915839,0.000000,0.920058,0.073578,-0.384812,0.000000,-0.126771,0.985277,-0.114710,0.000000,4.500027,-0.000002,0.000000,1.000000;;
          }
         }
        }

        Frame Bip01-L-Clavicle {
         

         FrameTransformMatrix {
          0.128723,0.915306,0.381635,0.000000,0.918347,0.035214,-0.394207,0.000000,-0.374259,0.401217,-0.836035,0.000000,-0.753037,0.957158,0.028458,1.000000;;
         }

         Frame Bip01-L-UpperArm {
          

          FrameTransformMatrix {
           0.893179,-0.428111,-0.137669,0.000000,0.365585,0.869520,-0.332089,0.000000,0.261877,0.246285,0.933147,0.000000,2.305935,-0.000004,0.000001,1.000000;;
          }

          Frame Bip01-L-Forearm {
           

           FrameTransformMatrix {
            0.999414,0.000000,-0.034237,0.000000,0.000000,1.000000,0.000000,0.000000,0.034237,-0.000000,0.999414,0.000000,6.131232,0.000000,0.000001,1.000000;;
           }

           Frame Bip01-L-Hand {
            

            FrameTransformMatrix {
             0.982457,0.098835,0.158145,0.000000,-0.109517,-0.380608,0.918228,0.000000,0.150944,-0.919440,-0.363107,0.000000,6.144240,-0.000004,-0.000000,1.000000;;
            }

            Frame Bip01-L-Finger0 {
             

             FrameTransformMatrix {
              0.671256,-0.301159,0.677288,0.000000,0.578680,-0.358073,-0.732744,0.000000,0.463191,0.883792,-0.066084,0.000000,0.431653,-0.683445,0.267918,1.000000;;
             }

             Frame Bip01-L-Finger01 {
              

              FrameTransformMatrix {
               0.970493,-0.000000,0.241129,0.000000,-0.000000,1.000000,0.000000,0.000000,-0.241129,0.000000,0.970493,0.000000,1.065221,0.000000,-0.000001,1.000000;;
              }

              Frame Bip01-L-Finger02 {
               

               FrameTransformMatrix {
                0.949998,-0.000000,0.312255,0.000000,0.000000,1.000000,-0.000000,0.000000,-0.312255,0.000000,0.949999,0.000000,0.739166,0.000000,-0.000001,1.000000;;
               }

               Frame Bip01-L-Finger0Nub {
                

                FrameTransformMatrix {
                 1.000000,0.000000,-0.000000,0.000000,0.000000,1.000000,0.000000,0.000000,0.000000,-0.000000,1.000000,0.000000,0.862505,-0.000002,0.000000,1.000000;;
                }
               }
              }
             }
            }

            Frame Bip01-L-Finger1 {
             

             FrameTransformMatrix {
              0.653163,0.089182,0.751948,0.000000,0.055818,0.984668,-0.165267,0.000000,-0.755157,0.149919,0.638171,0.000000,2.096305,-0.862207,-0.077713,1.000000;;
             }

             Frame Bip01-L-Finger11 {
              

              FrameTransformMatrix {
               0.185394,-0.000000,0.982665,0.000000,0.000000,1.000000,-0.000000,0.000000,-0.982665,-0.000000,0.185394,0.000000,1.331192,-0.000000,-0.000002,1.000000;;
              }

              Frame Bip01-L-Finger12 {
               

               FrameTransformMatrix {
                0.782969,0.000000,0.622061,0.000000,-0.000000,1.000000,0.000000,0.000000,-0.622061,-0.000000,0.782969,0.000000,0.723099,0.000000,0.000002,1.000000;;
               }

               Frame Bip01-L-Finger1Nub {
                

                FrameTransformMatrix {
                 1.000000,-0.000000,0.000000,0.000000,0.000000,1.000000,0.000000,0.000000,0.000000,0.000000,1.000000,0.000000,0.679665,0.000000,0.000002,1.000000;;
                }
               }
              }
             }
            }

            Frame Bip01-L-Finger2 {
             

             FrameTransformMatrix {
              0.576645,-0.041121,0.815960,0.000000,0.061188,0.998102,0.007058,0.000000,-0.814700,0.045857,0.578066,0.000000,2.179714,-0.283319,-0.116974,1.000000;;
             }

             Frame Bip01-L-Finger21 {
              

              FrameTransformMatrix {
               0.149162,0.000000,0.988813,0.000000,0.000000,1.000000,0.000000,0.000000,-0.988813,0.000000,0.149162,0.000000,1.406769,0.000001,-0.000002,1.000000;;
              }

              Frame Bip01-L-Finger22 {
               

               FrameTransformMatrix {
                0.782728,-0.000000,0.622364,0.000000,-0.000000,1.000000,-0.000000,0.000000,-0.622364,0.000000,0.782728,0.000000,0.840511,0.000002,-0.000002,1.000000;;
               }

               Frame Bip01-L-Finger2Nub {
                

                FrameTransformMatrix {
                 1.000000,-0.000000,0.000000,0.000000,-0.000000,1.000000,0.000000,0.000000,0.000000,0.000000,1.000000,0.000000,0.664878,0.000000,0.000000,1.000000;;
                }
               }
              }
             }
            }

            Frame Bip01-L-Finger3 {
             

             FrameTransformMatrix {
              0.596636,-0.100627,0.796179,0.000000,0.026522,0.994038,0.105759,0.000000,-0.802074,-0.041983,0.595747,0.000000,2.073347,0.186410,-0.130489,1.000000;;
             }

             Frame Bip01-L-Finger31 {
              

              FrameTransformMatrix {
               0.127689,-0.000000,0.991814,0.000000,0.000000,1.000000,0.000000,0.000000,-0.991814,-0.000000,0.127689,0.000000,1.365458,0.000002,0.000000,1.000000;;
              }

              Frame Bip01-L-Finger32 {
               

               FrameTransformMatrix {
                0.836560,0.000000,0.547875,0.000000,-0.000000,1.000000,0.000000,0.000000,-0.547875,-0.000000,0.836560,0.000000,0.768667,0.000000,0.000002,1.000000;;
               }

               Frame Bip01-L-Finger3Nub {
                

                FrameTransformMatrix {
                 1.000000,-0.000000,0.000000,0.000000,-0.000000,1.000000,0.000000,0.000000,0.000000,0.000000,1.000000,0.000000,0.649355,0.000000,-0.000002,1.000000;;
                }
               }
              }
             }
            }

            Frame Bip01-L-Finger4 {
             

             FrameTransformMatrix {
              0.680320,-0.211799,0.701645,0.000000,0.013198,0.960720,0.277206,0.000000,-0.732796,-0.179328,0.656393,0.000000,1.882344,0.690609,0.070721,1.000000;;
             }

             Frame Bip01-L-Finger41 {
              

              FrameTransformMatrix {
               0.479562,-0.000000,0.877508,0.000000,0.000000,1.000000,0.000000,0.000000,-0.877508,0.000000,0.479562,0.000000,1.108315,0.000000,-0.000004,1.000000;;
              }

              Frame Bip01-L-Finger42 {
               

               FrameTransformMatrix {
                0.644536,0.000000,0.764574,0.000000,-0.000000,1.000000,-0.000000,0.000000,-0.764574,-0.000000,0.644536,0.000000,0.520344,0.000000,0.000000,1.000000;;
               }

               Frame Bip01-L-Finger4Nub {
                

                FrameTransformMatrix {
                 1.000000,0.000000,0.000000,0.000000,-0.000000,1.000000,0.000000,0.000000,0.000000,-0.000000,1.000000,0.000000,0.515339,0.000002,0.000000,1.000000;;
                }
               }
              }
             }
            }

            Frame FxHand00 {
             

             FrameTransformMatrix {
              0.982457,-0.109517,0.150944,0.000000,0.098835,-0.380608,-0.919440,0.000000,0.158145,0.918229,-0.363107,0.000000,1.500002,0.499999,2.000000,1.000000;;
             }
            }

            Frame L_Sword {
             

             FrameTransformMatrix {
              0.998475,-0.054365,0.009625,0.000000,-0.054842,-0.996732,0.059314,0.000000,0.006369,-0.059751,-0.998193,0.000000,0.000000,0.000000,0.000000,1.000000;;
             }
            }
           }

           Frame L_Elbow {
            

            FrameTransformMatrix {
             0.999854,0.000000,0.017090,0.000000,-0.000000,1.000000,0.000000,0.000000,-0.017090,-0.000000,0.999854,0.000000,0.000000,0.000000,0.000000,1.000000;;
            }
           }

           Frame L_Shield {
            

            FrameTransformMatrix {
             0.767017,0.101899,-0.633484,0.000000,0.148861,0.932108,0.330174,0.000000,0.624120,-0.347550,0.699773,0.000000,2.500004,2.499996,0.000000,1.000000;;
            }
           }

           Frame Bip01-L-ForeTwist {
            

            FrameTransformMatrix {
             1.000000,0.000000,0.000000,0.000000,0.000000,0.980758,0.195227,0.000000,0.000000,-0.195227,0.980758,0.000000,0.000000,0.000000,0.000000,1.000000;;
            }
           }
          }

          Frame L_Shoulder {
           

           FrameTransformMatrix {
            0.972931,0.185676,0.137587,0.000000,-0.221116,0.921026,0.320655,0.000000,-0.067183,-0.342398,0.937150,0.000000,0.000000,0.000000,0.000001,1.000000;;
           }
          }

          Frame L_Shoulder_Twist {
           

           FrameTransformMatrix {
            1.000000,0.000000,-0.000000,0.000000,-0.000000,0.972789,0.231691,0.000000,-0.000000,-0.231691,0.972789,0.000000,0.000000,0.000000,0.000000,1.000000;;
           }
          }
         }
        }

        Frame Bip01-R-Clavicle {
         

         FrameTransformMatrix {
          -0.206132,-0.926388,-0.315143,0.000000,-0.901601,0.054641,0.429104,0.000000,-0.380297,0.372585,-0.846496,0.000000,-0.753033,-0.957160,0.028462,1.000000;;
         }

         Frame Bip01-R-UpperArm {
          

          FrameTransformMatrix {
           0.180180,0.478475,0.859417,0.000000,-0.849532,0.516105,-0.109231,0.000000,-0.495814,-0.710420,0.499472,0.000000,2.305936,0.000004,0.000001,1.000000;;
          }

          Frame Bip01-R-Forearm {
           

           FrameTransformMatrix {
            0.027071,-0.000000,-0.999634,0.000000,0.000000,1.000000,0.000000,0.000000,0.999634,0.000000,0.027071,0.000000,6.131233,0.000000,0.000002,1.000000;;
           }

           Frame Bip01-R-Hand {
            

            FrameTransformMatrix {
             0.978375,-0.206826,-0.002294,0.000000,-0.033829,-0.149060,-0.988249,0.000000,0.204053,0.966956,-0.152833,0.000000,6.144241,-0.000002,-0.000003,1.000000;;
            }

            Frame Bip01-R-Finger0 {
             

             FrameTransformMatrix {
              0.675627,0.299025,0.673878,0.000000,-0.573702,-0.360827,0.735303,0.000000,0.463028,-0.883396,-0.072233,0.000000,0.431655,0.683447,0.267914,1.000000;;
             }

             Frame Bip01-R-Finger01 {
              

              FrameTransformMatrix {
               0.970046,-0.000000,0.242919,0.000000,0.000000,1.000000,-0.000000,0.000000,-0.242919,0.000000,0.970047,0.000000,1.065220,0.000000,-0.000002,1.000000;;
              }

              Frame Bip01-R-Finger02 {
               

               FrameTransformMatrix {
                0.952739,0.000000,0.303789,0.000000,-0.000000,1.000000,0.000000,0.000000,-0.303789,0.000000,0.952739,0.000000,0.739168,0.000002,-0.000002,1.000000;;
               }

               Frame Bip01-R-Finger0Nub {
                

                FrameTransformMatrix {
                 -1.000000,-0.000000,-0.000690,0.000000,0.000000,1.000000,0.000000,0.000000,0.000690,0.000000,-1.000000,0.000000,0.862503,0.000001,-0.000001,1.000000;;
                }
               }
              }
             }
            }

            Frame Bip01-R-Finger1 {
             

             FrameTransformMatrix {
              0.653163,-0.089182,0.751947,0.000000,-0.055818,0.984668,0.165267,0.000000,-0.755157,-0.149919,0.638171,0.000000,2.096306,0.862209,-0.077713,1.000000;;
             }

             Frame Bip01-R-Finger11 {
              

              FrameTransformMatrix {
               0.185394,0.000000,0.982665,0.000000,0.000000,1.000000,0.000000,0.000000,-0.982665,0.000000,0.185394,0.000000,1.331194,-0.000006,-0.000002,1.000000;;
              }

              Frame Bip01-R-Finger12 {
               

               FrameTransformMatrix {
                0.782969,0.000000,0.622060,0.000000,-0.000000,1.000000,-0.000000,0.000000,-0.622060,-0.000000,0.782969,0.000000,0.723100,0.000002,-0.000002,1.000000;;
               }

               Frame Bip01-R-Finger1Nub {
                

                FrameTransformMatrix {
                 -1.000000,0.000000,-0.000690,0.000000,0.000000,1.000000,0.000000,0.000000,0.000690,0.000000,-1.000000,0.000000,0.679667,0.000000,0.000000,1.000000;;
                }
               }
              }
             }
            }

            Frame Bip01-R-Finger2 {
             

             FrameTransformMatrix {
              0.619301,0.042455,0.784005,0.000000,-0.060790,0.998132,-0.006031,0.000000,-0.782797,-0.043925,0.620725,0.000000,2.179712,0.283316,-0.116976,1.000000;;
             }

             Frame Bip01-R-Finger21 {
              

              FrameTransformMatrix {
               0.148923,0.000000,0.988849,0.000000,0.000000,1.000000,-0.000000,0.000000,-0.988849,-0.000000,0.148923,0.000000,1.406761,-0.000002,-0.000000,1.000000;;
              }

              Frame Bip01-R-Finger22 {
               

               FrameTransformMatrix {
                0.790226,-0.000000,0.612815,0.000000,-0.000000,1.000000,-0.000000,0.000000,-0.612815,-0.000000,0.790226,0.000000,0.840507,0.000000,0.000000,1.000000;;
               }

               Frame Bip01-R-Finger2Nub {
                

                FrameTransformMatrix {
                 -1.000000,0.000000,0.000691,0.000000,0.000000,1.000000,0.000000,0.000000,-0.000691,0.000000,-1.000000,0.000000,0.664874,0.000000,0.000000,1.000000;;
                }
               }
              }
             }
            }

            Frame Bip01-R-Finger3 {
             

             FrameTransformMatrix {
              0.732886,0.089129,0.674488,0.000000,-0.025739,0.994304,-0.103423,0.000000,-0.679864,0.058437,0.731006,0.000000,2.073344,-0.186407,-0.130489,1.000000;;
             }

             Frame Bip01-R-Finger31 {
              

              FrameTransformMatrix {
               0.117907,0.000000,0.993025,0.000000,-0.000000,1.000000,-0.000000,0.000000,-0.993025,0.000000,0.117907,0.000000,1.365456,0.000002,0.000001,1.000000;;
              }

              Frame Bip01-R-Finger32 {
               

               FrameTransformMatrix {
                0.817321,-0.000000,0.576183,0.000000,-0.000000,1.000000,0.000000,0.000000,-0.576184,0.000000,0.817321,0.000000,0.768670,-0.000002,0.000000,1.000000;;
               }

               Frame Bip01-R-Finger3Nub {
                

                FrameTransformMatrix {
                 -1.000000,0.000000,0.000691,0.000000,-0.000000,1.000000,0.000000,0.000000,-0.000691,0.000000,-1.000000,0.000000,0.649357,-0.000002,0.000000,1.000000;;
                }
               }
              }
             }
            }

            Frame Bip01-R-Finger4 {
             

             FrameTransformMatrix {
              0.815765,0.169492,0.552992,0.000000,-0.014546,0.961809,-0.273336,0.000000,-0.578200,0.214934,0.787075,0.000000,1.882344,-0.690607,0.070717,1.000000;;
             }

             Frame Bip01-R-Finger41 {
              

              FrameTransformMatrix {
               0.328464,-0.000000,0.944516,0.000000,-0.000000,1.000000,-0.000000,0.000000,-0.944517,0.000000,0.328464,0.000000,1.108314,0.000002,-0.000003,1.000000;;
              }

              Frame Bip01-R-Finger42 {
               

               FrameTransformMatrix {
                0.702435,-0.000000,0.711748,0.000000,0.000000,1.000000,0.000000,0.000000,-0.711748,-0.000000,0.702435,0.000000,0.520342,-0.000004,0.000002,1.000000;;
               }

               Frame Bip01-R-Finger4Nub {
                

                FrameTransformMatrix {
                 -1.000000,0.000000,-0.000690,0.000000,-0.000000,1.000000,-0.000000,0.000000,0.000690,-0.000000,-1.000000,0.000000,0.515338,-0.000002,0.000002,1.000000;;
                }
               }
              }
             }
            }

            Frame FxHand01 {
             

             FrameTransformMatrix {
              0.978375,-0.033829,0.204053,0.000000,-0.206826,-0.149060,0.966956,0.000000,-0.002295,-0.988249,-0.152834,0.000000,1.500000,-0.499998,1.999998,1.000000;;
             }
            }

            Frame R_Sword {
             

             FrameTransformMatrix {
              0.972494,-0.088342,0.215526,0.000000,0.101996,0.993369,-0.053057,0.000000,-0.209409,0.073581,0.975055,0.000000,0.000000,0.000000,0.000000,1.000000;;
             }
            }
           }

           Frame R_Elbow {
            

            FrameTransformMatrix {
             0.716623,0.000000,0.697461,0.000000,0.000000,1.000000,0.000000,0.000000,-0.697461,0.000000,0.716623,0.000000,0.000000,0.000000,0.000000,1.000000;;
            }
           }

           Frame Bip01-R-ForeTwist {
            

            FrameTransformMatrix {
             1.000000,0.000000,0.000000,0.000000,0.000000,0.997200,-0.074779,0.000000,0.000000,0.074779,0.997200,0.000000,0.000000,0.000000,0.000000,1.000000;;
            }
           }
          }

          Frame R_Shoulder {
           

           FrameTransformMatrix {
            0.767937,-0.539726,-0.344918,0.000000,0.333906,0.796862,-0.503505,0.000000,0.546607,0.271490,0.792158,0.000000,0.000000,0.000000,0.000000,1.000000;;
           }
          }

          Frame R_Shoulder_Twist {
           

           FrameTransformMatrix {
            1.000000,-0.000000,0.000000,0.000000,0.000000,0.970181,-0.242382,0.000000,0.000000,0.242382,0.970181,0.000000,0.000000,0.000000,0.000000,1.000000;;
           }
          }
         }
        }
       }

       Frame R_Breast {
        

        FrameTransformMatrix {
         0.063632,0.329529,-0.941999,0.000000,-0.003105,0.943973,0.330010,0.000000,0.997969,-0.018075,0.061090,0.000000,1.272745,-1.451999,1.209910,1.000000;;
        }
       }

       Frame L_Breast {
        

        FrameTransformMatrix {
         -0.063516,0.329530,0.942006,0.000000,0.003085,0.943972,-0.330010,0.000000,-0.997976,-0.018055,-0.060974,0.000000,1.272760,1.451767,1.209908,1.000000;;
        }
       }

       Frame L_spine3 {
        

        FrameTransformMatrix {
         0.984222,0.053364,-0.168700,0.000000,0.055215,-0.998455,0.006296,0.000000,-0.168103,-0.015511,-0.985647,0.000000,2.104034,3.093147,-0.411918,1.000000;;
        }
       }

       Frame R_spine3 {
        

        FrameTransformMatrix {
         0.985000,-0.054720,-0.163650,0.000000,-0.050346,-0.998258,0.030763,0.000000,-0.165048,-0.022062,-0.986039,0.000000,2.104042,-3.093148,-0.411909,1.000000;;
        }
       }
      }

      Frame FxCenter {
       

       FrameTransformMatrix {
        -0.081312,0.861437,0.501313,0.000000,0.996200,0.085987,0.013825,0.000000,-0.031197,0.500533,-0.865156,0.000000,1.000002,-0.000002,0.000000,1.000000;;
       }
      }

      Frame Weapon_Back {
       

       FrameTransformMatrix {
        -0.999294,-0.001121,-0.037550,0.000000,0.001121,-1.000000,0.000020,0.000000,-0.037550,-0.000022,0.999295,0.000000,4.711456,-0.000006,-2.809571,1.000000;;
       }
      }
     }
    }

    Frame Bip01-L-Thigh {
     

     FrameTransformMatrix {
      -0.946926,0.125497,-0.295943,0.000000,-0.132527,-0.991172,0.003733,0.000000,-0.292862,0.042755,0.955198,0.000000,-2.355776,2.566188,0.104820,1.000000;;
     }

     Frame Bip01-L-Calf {
      

      FrameTransformMatrix {
       0.984139,0.000000,-0.177398,0.000000,-0.000000,1.000000,0.000000,0.000000,0.177398,0.000000,0.984139,0.000000,10.047706,-0.000001,0.000000,1.000000;;
      }

      Frame Bip01-L-Foot {
       

       FrameTransformMatrix {
        0.928973,0.140179,0.342578,0.000000,-0.284540,0.862391,0.418711,0.000000,-0.236742,-0.486448,0.841024,0.000000,10.474942,0.000000,0.000002,1.000000;;
       }

       Frame Bip01-L-Toe0 {
        

        FrameTransformMatrix {
         -0.008660,0.046873,0.998864,0.000000,-0.053693,0.997438,-0.047272,0.000000,-0.998520,-0.054041,-0.006121,0.000000,3.213932,-0.000001,1.930074,1.000000;;
        }

        Frame Bip01-L-Toe0Nub {
         

         FrameTransformMatrix {
          -1.000000,0.000000,0.000691,0.000000,-0.000000,1.000000,-0.000000,0.000000,-0.000691,-0.000000,-1.000000,0.000000,1.879583,0.000001,0.000000,1.000000;;
         }
        }
       }
      }

      Frame L_Knee {
       

       FrameTransformMatrix {
        0.996029,0.000000,0.089026,0.000000,-0.000000,1.000000,-0.000000,0.000000,-0.089026,-0.000000,0.996029,0.000000,0.000000,0.000000,0.000000,1.000000;;
       }
      }

      Frame Bip01-LCalfTwist {
       

       FrameTransformMatrix {
        1.000000,-0.000000,0.000000,0.000000,-0.000000,0.974568,0.224093,0.000000,0.000000,-0.224093,0.974568,0.000000,0.000000,0.000000,0.000000,1.000000;;
       }
      }
     }

     Frame L_Thigh {
      

      FrameTransformMatrix {
       0.984767,0.064143,0.161618,0.000000,-0.070089,0.997048,0.031355,0.000000,-0.159130,-0.042205,0.986355,0.000000,0.000000,0.000000,0.000000,1.000000;;
      }
     }
    }

    Frame Bip01-R-Thigh {
     

     FrameTransformMatrix {
      -0.895439,-0.272262,0.352227,0.000000,0.306506,-0.950841,0.044232,0.000000,0.322868,0.147567,0.934869,0.000000,-2.355774,-2.566190,0.104834,1.000000;;
     }

     Frame Bip01-R-Calf {
      

      FrameTransformMatrix {
       0.673709,-0.000000,-0.738997,0.000000,-0.000000,1.000000,0.000000,0.000000,0.738996,0.000000,0.673709,0.000000,10.047699,-0.000000,0.000000,1.000000;;
      }

      Frame Bip01-R-Foot {
       

       FrameTransformMatrix {
        0.947685,-0.104016,0.301786,0.000000,0.181021,0.953821,-0.239702,0.000000,-0.262917,0.281792,0.922751,0.000000,10.474938,-0.000000,0.000000,1.000000;;
       }

       Frame Bip01-R-Toe0 {
        

        FrameTransformMatrix {
         -0.050797,-0.008129,0.998676,0.000000,0.065694,0.997774,0.011463,0.000000,-0.996546,0.066189,-0.050150,0.000000,3.213933,0.000000,1.930074,1.000000;;
        }

        Frame Bip01-R-Toe0Nub {
         

         FrameTransformMatrix {
          1.000000,-0.000000,0.000000,0.000000,-0.000000,1.000000,-0.000000,0.000000,0.000000,-0.000000,1.000000,0.000000,1.879584,0.000000,0.000000,1.000000;;
         }
        }
       }
      }

      Frame R_Knee {
       

       FrameTransformMatrix {
        0.914801,-0.000000,0.403905,0.000000,-0.000000,1.000000,0.000000,0.000000,-0.403905,-0.000000,0.914801,0.000000,0.000000,0.000000,0.000000,1.000000;;
       }
      }

      Frame Bip01-RCalfTwist {
       

       FrameTransformMatrix {
        1.000000,-0.000000,0.000000,0.000000,0.000000,0.992437,-0.122757,0.000000,-0.000000,0.122757,0.992437,0.000000,0.000000,0.000000,0.000000,1.000000;;
       }
      }
     }

     Frame R_Thigh {
      

      FrameTransformMatrix {
       0.976555,-0.143886,-0.160117,0.000000,0.126873,0.985589,-0.111883,0.000000,0.173908,0.088945,0.980737,0.000000,0.000000,0.000000,0.000000,1.000000;;
      }
     }
    }

    Frame Skirt_Dummy {
     

     FrameTransformMatrix {
      -1.000000,0.000565,0.000797,0.000000,-0.000565,-1.000000,0.000000,0.000000,0.000797,-0.000000,1.000000,0.000000,-0.033834,-0.000002,-0.263520,1.000000;;
     }
    }
   }
  }
 }
}

Frame Human_F_L00_Body_Skel {
 

 FrameTransformMatrix {
  1.000000,0.000000,0.000000,0.000000,0.000000,1.000000,0.000000,0.000000,0.000000,0.000000,1.000000,0.000000,0.000000,0.000000,0.000000,1.000000;;
 }

 Mesh Human_F_L00_Body_Skel {
  2538;
  -0.433888;24.638842;-4.263266;,
  -0.536860;24.600878;-4.361429;,
  -0.379346;25.521907;-4.085922;,
  -3.168213;25.258731;2.354235;,
  -2.179000;26.228139;2.910582;,
  -2.834062;26.125694;2.161269;,
  -1.687711;27.212429;2.582747;,
  -2.227339;27.171498;1.850716;,
  -1.471872;27.939725;2.259596;,
  -1.776654;28.116218;1.509196;,
  -2.401907;25.353656;3.197208;,
  -1.361967;26.245192;3.569092;,
  -1.096487;27.123405;3.187329;,
  -0.941134;27.907734;2.895308;,
  -1.201656;29.036883;2.140646;,
  -1.555029;29.352314;1.381729;,
  -1.857812;28.457782;0.731627;,
  -1.732071;29.661814;0.704767;,
  -0.071615;27.980890;3.114384;,
  0.036744;28.768109;2.833197;,
  -0.791742;28.837158;2.611376;,
  -2.130024;31.140400;0.890739;,
  -1.669563;30.682531;1.607296;,
  -1.005564;30.025600;2.306655;,
  -0.571483;29.700643;2.644704;,
  0.217281;29.438586;2.748767;,
  1.003077;29.223446;2.608026;,
  0.875804;28.679366;2.711057;,
  0.851802;27.942890;3.053182;,
  -1.697924;29.772832;0.243861;,
  -2.170331;31.406810;0.248835;,
  -1.798705;28.805037;0.212907;,
  -1.592046;28.881526;-0.000000;,
  -1.471056;29.812557;-0.000000;,
  -2.035000;31.425088;-0.000000;,
  -2.618304;32.643722;0.417409;,
  -2.485073;32.256707;1.199342;,
  -2.569520;32.748307;-0.000000;,
  -2.394283;27.061904;0.717557;,
  -1.965973;28.005798;0.235478;,
  -1.806343;28.371712;-0.000000;,
  -2.276851;27.050294;0.653440;,
  -1.851174;27.994189;0.171473;,
  -1.704990;28.163187;-0.000000;,
  -3.643590;23.272678;1.998891;,
  -3.549653;22.646582;2.067116;,
  -3.661253;22.658192;2.139746;,
  -3.530262;23.261075;1.931520;,
  -3.586409;23.909050;1.808298;,
  -3.473654;23.897531;1.746523;,
  -3.371933;25.134618;1.519672;,
  -3.260612;25.123008;1.459499;,
  -2.955781;26.034611;1.175567;,
  -2.844260;26.023000;1.115408;,
  -3.349632;22.763920;2.863179;,
  -3.362510;23.464499;2.793469;,
  -3.334989;24.100994;2.689410;,
  -2.483584;24.306824;3.519599;,
  -2.509102;23.596731;3.678791;,
  -1.590640;23.727077;4.274898;,
  -1.556458;23.006792;4.369829;,
  -0.704878;23.164051;4.602509;,
  -0.662671;22.667714;4.635202;,
  -1.496355;22.333787;4.418580;,
  -0.620883;22.277099;4.647569;,
  -1.481592;25.449856;3.769597;,
  -1.540629;24.483315;4.066980;,
  -0.742294;23.832206;4.528249;,
  -0.510183;24.504088;4.285092;,
  -0.536860;24.600878;4.361429;,
  -0.718678;23.774050;4.440846;,
  -0.680824;23.164053;4.512189;,
  -0.630335;22.667918;4.545781;,
  -0.578602;22.277504;4.557330;,
  -1.471383;21.708286;4.415825;,
  -1.409288;21.709202;4.325180;,
  -0.433888;24.638842;4.263266;,
  -0.058527;23.974240;4.361177;,
  0.041087;24.016590;4.447175;,
  -0.407391;24.532222;4.200254;,
  -0.193570;27.148656;3.489475;,
  0.936336;27.119587;3.371571;,
  -0.337297;26.283701;3.876951;,
  0.898020;25.841243;3.876069;,
  -0.379346;25.521906;4.085922;,
  0.722641;24.666581;4.273427;,
  0.731962;23.762102;4.484007;,
  0.635252;23.719747;4.398090;,
  1.536963;23.375662;4.047819;,
  1.756023;25.708874;3.514010;,
  1.712189;24.547038;3.941040;,
  1.629972;23.418018;4.133696;,
  1.940443;23.104954;3.701047;,
  2.033350;23.147310;3.786943;,
  2.246503;22.569906;3.068406;,
  2.330810;22.640304;3.155192;,
  2.415299;22.084397;2.668715;,
  2.490926;22.182832;2.756405;,
  2.056686;24.211075;3.388819;,
  2.289036;23.830021;2.850694;,
  2.298531;26.115514;1.752747;,
  2.082851;25.369610;2.964208;,
  2.404050;25.011904;2.324237;,
  2.468227;25.846954;1.088820;,
  2.578244;24.687819;1.769857;,
  2.458831;23.465146;2.319966;,
  2.490727;22.233613;2.689916;,
  2.393899;22.125786;2.607842;,
  2.363143;23.366709;2.236066;,
  2.493551;24.589378;1.686013;,
  2.389416;25.822629;1.017051;,
  2.387603;26.655818;0.662772;,
  2.451418;26.754266;0.691727;,
  2.362183;28.711587;0.632433;,
  2.175093;28.871133;1.219474;,
  2.235495;27.948032;1.108953;,
  2.380670;27.722816;0.287703;,
  2.235356;26.980682;1.399776;,
  2.314361;27.624371;0.259165;,
  2.284267;28.224928;0.000000;,
  2.342416;28.554525;0.000000;,
  2.440321;29.341930;0.613096;,
  2.339093;29.730352;1.395122;,
  1.826746;29.158010;2.036193;,
  2.342184;30.317795;1.477193;,
  2.605109;29.984906;0.612957;,
  2.421035;29.440762;0.000000;,
  2.679176;30.137763;0.000000;,
  2.668302;30.582653;0.000000;,
  2.613172;30.454230;0.646956;,
  2.599066;30.994810;0.176760;,
  2.636341;30.702598;0.000000;,
  2.880473;31.644509;0.558185;,
  2.739513;31.213654;0.375544;,
  2.699538;31.295123;0.377694;,
  2.628722;30.893930;0.163339;,
  2.558269;30.882554;0.674866;,
  2.480055;30.830944;0.976186;,
  2.317197;30.803456;1.413533;,
  2.124340;30.723382;1.821393;,
  2.505673;31.067776;1.064418;,
  2.824020;31.403056;0.784583;,
  2.674640;31.244986;1.128341;,
  2.334426;30.998339;1.468504;,
  2.602236;31.124720;0.703475;,
  2.928165;31.581338;0.567096;,
  3.089348;31.879120;0.723316;,
  3.205408;32.087424;1.146765;,
  2.944280;31.563398;1.232772;,
  3.007354;31.719661;0.944869;,
  2.442711;31.133971;1.555292;,
  2.751055;31.386166;1.682181;,
  3.172846;31.956333;1.388190;,
  3.306461;32.504211;1.346036;,
  3.287563;32.871296;1.519565;,
  3.223570;32.974442;1.158383;,
  3.236773;33.060176;1.481751;,
  3.296426;32.682851;1.234656;,
  3.258566;32.492630;0.937435;,
  3.219861;32.212467;0.885465;,
  3.189875;32.927280;0.980770;,
  3.036253;33.308675;0.942435;,
  2.982631;33.277072;0.912466;,
  2.728294;33.601203;0.866547;,
  3.287666;32.771085;1.646129;,
  3.310318;32.395104;1.549221;,
  3.143084;33.059981;1.928423;,
  3.134845;33.226822;1.566339;,
  3.102446;33.293690;1.182727;,
  2.767151;33.651619;0.894020;,
  2.968596;33.515165;1.254619;,
  1.961934;34.405309;1.272988;,
  2.048310;34.210461;0.714434;,
  2.492848;33.977440;1.415906;,
  2.822765;33.669389;1.535640;,
  3.046327;33.366694;1.688560;,
  2.923992;33.402045;1.942815;,
  2.611195;33.768336;1.920579;,
  2.166682;34.118294;1.923023;,
  1.727029;34.437200;1.906447;,
  1.405699;34.785072;1.871464;,
  1.498523;34.807130;1.171729;,
  0.864627;35.410582;1.747824;,
  1.944317;33.937389;2.471565;,
  2.427372;33.637475;2.331613;,
  1.493948;34.220544;2.567705;,
  1.001017;34.597389;2.657728;,
  0.493571;35.349555;2.737186;,
  0.281302;35.972330;2.412500;,
  0.506831;35.866861;1.655324;,
  1.343736;33.856941;2.838371;,
  1.295745;31.481507;2.745141;,
  1.178684;32.113763;3.043626;,
  0.873668;32.127869;2.948158;,
  0.918891;32.850605;3.090986;,
  1.404064;32.892627;3.152090;,
  1.337515;33.426515;3.003581;,
  1.825867;33.335299;2.933466;,
  1.830070;33.692941;2.756937;,
  2.389533;33.390294;2.559146;,
  2.779112;33.230995;2.293167;,
  2.829778;33.342022;2.150942;,
  1.923969;32.987923;3.036768;,
  2.390978;33.068518;2.723033;,
  2.128235;32.543389;3.009261;,
  1.623646;32.244227;3.136554;,
  2.371055;32.145603;2.878694;,
  2.582566;32.749501;2.688752;,
  2.788284;33.102589;2.367460;,
  3.045676;32.702198;2.187773;,
  3.135862;32.302608;2.087493;,
  3.218038;32.679376;1.918010;,
  3.248611;32.325939;1.834420;,
  2.922286;31.818870;2.158086;,
  2.953301;32.356874;2.356068;,
  2.673638;31.878349;2.526720;,
  2.732978;32.521325;2.603920;,
  2.854185;32.940867;2.395552;,
  2.937504;32.798125;2.332309;,
  3.089492;31.849053;1.780485;,
  2.547128;31.315158;2.104847;,
  2.274064;31.391088;2.522357;,
  2.189975;31.134336;1.987796;,
  1.895564;31.740461;2.934212;,
  1.914537;31.156909;2.411538;,
  2.075881;30.993514;1.908565;,
  1.879291;29.996256;2.153948;,
  1.808789;30.742621;2.258858;,
  1.775250;31.026170;2.308763;,
  1.504502;31.598154;2.843970;,
  1.232313;31.022208;2.737160;,
  1.123422;30.101357;2.658212;,
  -0.897124;31.023808;2.669064;,
  -0.271046;30.731802;2.845831;,
  0.419062;30.470304;2.810929;,
  0.645791;31.404077;2.935635;,
  0.071541;32.377376;3.029470;,
  -0.069614;31.595578;2.944185;,
  -2.694365;33.964227;2.105119;,
  -2.973557;34.404099;0.816767;,
  -2.725979;33.341136;1.518407;,
  -2.135343;32.597366;2.232365;,
  -1.969835;31.688646;1.944545;,
  -1.641413;31.450310;2.228323;,
  -1.528693;32.210934;2.677436;,
  -0.848764;31.818902;2.917178;,
  -0.801084;32.750253;3.099540;,
  -1.495061;32.820374;2.940916;,
  -2.147380;33.278205;2.611782;,
  -2.825664;34.747504;1.651076;,
  -2.584056;34.448752;2.568985;,
  -2.163248;33.891315;3.001924;,
  -1.468175;33.589520;3.209629;,
  -0.810892;33.473245;3.261227;,
  -0.181738;33.566522;3.165657;,
  -0.846773;33.899891;3.313176;,
  -1.457454;33.866813;3.258892;,
  -2.157060;34.079123;3.236256;,
  -2.470603;34.751632;2.970349;,
  -2.569096;35.157997;2.782966;,
  -2.670312;35.038659;2.249136;,
  -2.566525;35.929866;2.531571;,
  -2.615935;35.823734;2.018493;,
  -2.376653;36.462470;1.930531;,
  -2.571953;36.254451;1.356049;,
  -2.799524;35.547546;1.433665;,
  -2.303667;36.457594;2.357662;,
  -1.987819;36.966691;1.794489;,
  -1.839715;36.902717;2.219342;,
  -2.309135;36.942390;1.221904;,
  -2.534404;36.768528;0.651524;,
  -2.787591;36.067088;0.740319;,
  -2.947087;35.223117;0.745145;,
  -2.083644;38.434685;-0.000000;,
  -2.043730;37.943686;0.488586;,
  -1.955915;38.382592;0.488586;,
  -2.178504;37.952189;-0.000000;,
  -2.195479;37.472413;0.524066;,
  -2.307312;37.482656;-0.000000;,
  -2.513600;36.758198;-0.000000;,
  -2.865879;35.855213;-0.000000;,
  -2.935874;35.129555;-0.000000;,
  -1.914719;37.510886;1.068322;,
  -1.733988;37.893043;0.986191;,
  -1.591210;38.253155;0.949489;,
  -1.198059;37.721200;1.285619;,
  -1.057671;38.026835;1.207665;,
  -0.739264;37.349002;1.148058;,
  -0.454752;37.614544;0.966201;,
  -1.320157;37.355430;1.634063;,
  -0.922251;37.114000;1.596885;,
  -1.314136;37.086413;2.175629;,
  -0.933619;36.983658;2.183362;,
  -0.592486;36.836099;2.173597;,
  -0.612691;36.786714;2.222941;,
  -0.941113;36.927696;2.232343;,
  -1.307454;37.027702;2.224898;,
  -1.813450;36.849773;2.266982;,
  -2.260117;36.421235;2.400149;,
  -2.514606;35.913171;2.567578;,
  0.401222;34.835168;3.081755;,
  0.434372;35.354474;2.765532;,
  0.230012;35.954048;2.452944;,
  -0.025443;36.472960;2.212845;,
  -0.066773;36.436029;2.260727;,
  -0.269172;36.680198;2.177956;,
  -0.301422;36.635542;2.227138;,
  0.198283;36.351354;1.614398;,
  -0.139541;36.540390;1.609381;,
  -0.438884;36.756870;1.597466;,
  0.233675;36.514570;0.919712;,
  -0.199498;36.836822;0.969392;,
  0.364800;36.518515;0.186996;,
  0.001221;37.097091;0.557915;,
  -0.046770;37.110438;0.503104;,
  0.388777;36.251552;0.079833;,
  0.525530;36.001318;0.014706;,
  0.497863;35.991040;0.000000;,
  0.426658;36.266147;0.101678;,
  0.332838;36.507408;0.153304;,
  1.019964;35.397094;1.057770;,
  0.706088;35.812899;0.974802;,
  0.552130;36.249501;0.920254;,
  0.581067;36.178650;0.300833;,
  0.684730;35.826317;0.163401;,
  1.072313;35.272294;0.336981;,
  1.521926;34.753728;0.507939;,
  2.048894;34.129386;0.697145;,
  1.551389;34.642838;0.502826;,
  1.126444;35.132966;0.341248;,
  0.671535;35.786384;0.151630;,
  -0.433888;24.638842;4.263266;,
  -0.379346;25.521906;4.085922;,
  -0.536860;24.600878;4.361429;,
  -2.049597;26.300749;-1.846661;,
  -1.210206;27.529126;-2.167021;,
  -1.729978;26.252330;-2.528620;,
  -2.554660;25.299630;-2.261890;,
  -2.777491;25.205672;-1.562170;,
  -1.909653;25.367771;-2.962761;,
  -1.034812;28.559712;-1.890612;,
  -1.493394;27.403606;-1.527229;,
  -1.336521;28.655709;-1.291849;,
  -1.028719;29.413488;-1.843485;,
