xof 0303txt 0032
template ColorRGBA {
 <35ff44e0-6c7c-11cf-8f52-0040333594a3>
 FLOAT red;
 FLOAT green;
 FLOAT blue;
 FLOAT alpha;
}

template ColorRGB {
 <d3e16e81-7835-11cf-8f52-0040333594a3>
 FLOAT red;
 FLOAT green;
 FLOAT blue;
}

template Material {
 <3d82ab4d-62da-11cf-ab39-0020af71e433>
 ColorRGBA faceColor;
 FLOAT power;
 ColorRGB specularColor;
 ColorRGB emissiveColor;
 [...]
}

template TextureFilename {
 <a42790e1-7810-11cf-8f52-0040333594a3>
 STRING filename;
}

template Frame {
 <3d82ab46-62da-11cf-ab39-0020af71e433>
 [...]
}

template Matrix4x4 {
 <f6f23f45-7686-11cf-8f52-0040333594a3>
 array FLOAT matrix[16];
}

template FrameTransformMatrix {
 <f6f23f41-7686-11cf-8f52-0040333594a3>
 Matrix4x4 frameMatrix;
}

template Vector {
 <3d82ab5e-62da-11cf-ab39-0020af71e433>
 FLOAT x;
 FLOAT y;
 FLOAT z;
}

template MeshFace {
 <3d82ab5f-62da-11cf-ab39-0020af71e433>
 DWORD nFaceVertexIndices;
 array DWORD faceVertexIndices[nFaceVertexIndices];
}

template Mesh {
 <3d82ab44-62da-11cf-ab39-0020af71e433>
 DWORD nVertices;
 array Vector vertices[nVertices];
 DWORD nFaces;
 array MeshFace faces[nFaces];
 [...]
}

template MeshNormals {
 <f6f23f43-7686-11cf-8f52-0040333594a3>
 DWORD nNormals;
 array Vector normals[nNormals];
 DWORD nFaceNormals;
 array MeshFace faceNormals[nFaceNormals];
}

template MeshMaterialList {
 <f6f23f42-7686-11cf-8f52-0040333594a3>
 DWORD nMaterials;
 DWORD nFaceIndexes;
 array DWORD faceIndexes[nFaceIndexes];
 [Material <3d82ab4d-62da-11cf-ab39-0020af71e433>]
}

template Coords2d {
 <f6f23f44-7686-11cf-8f52-0040333594a3>
 FLOAT u;
 FLOAT v;
}

template MeshTextureCoords {
 <f6f23f40-7686-11cf-8f52-0040333594a3>
 DWORD nTextureCoords;
 array Coords2d textureCoords[nTextureCoords];
}

template XSkinMeshHeader {
 <3cf169ce-ff7c-44ab-93c0-f78f62d172e2>
 WORD nMaxSkinWeightsPerVertex;
 WORD nMaxSkinWeightsPerFace;
 WORD nBones;
}

template SkinWeights {
 <6f0d123b-bad2-4167-a0d0-80224f25fabb>
 STRING transformNodeName;
 DWORD nWeights;
 array DWORD vertexIndices[nWeights];
 array FLOAT weights[nWeights];
 Matrix4x4 matrixOffset;
}

template AnimTicksPerSecond {
 <9e415a43-7ba6-4a73-8743-b73d47e88476>
 DWORD AnimTicksPerSecond;
}

template Animation {
 <3d82ab4f-62da-11cf-ab39-0020af71e433>
 [...]
}

template AnimationSet {
 <3d82ab50-62da-11cf-ab39-0020af71e433>
 [Animation <3d82ab4f-62da-11cf-ab39-0020af71e433>]
}

template FloatKeys {
 <10dd46a9-775b-11cf-8f52-0040333594a3>
 DWORD nValues;
 array FLOAT values[nValues];
}

template TimedFloatKeys {
 <f406b180-7b3b-11cf-8f52-0040333594a3>
 DWORD time;
 FloatKeys tfkeys;
}

template AnimationKey {
 <10dd46a8-775b-11cf-8f52-0040333594a3>
 DWORD keyType;
 DWORD nKeys;
 array TimedFloatKeys keys[nKeys];
}


Material Material__35 {
 1.000000;1.000000;1.000000;1.000000;;
 10.000000;
 0.000000;0.000000;0.000000;;
 0.000000;0.000000;0.000000;;

 TextureFilename {
  "Human_F_L00_Leg_diff.dds";
 }
}

Frame Dummy_root {
 

 FrameTransformMatrix {
  1.000000,0.000000,0.000000,0.000000,0.000000,1.000000,0.000000,0.000000,0.000000,-0.000000,1.000000,0.000000,0.000000,23.000000,0.000000,1.000000;;
 }

 Frame FxBottom {
  

  FrameTransformMatrix {
   1.000000,0.000000,0.000000,0.000000,0.000000,1.000000,0.000000,0.000000,0.000000,-0.000000,1.000000,0.000000,0.000000,-23.000000,-0.000000,1.000000;;
  }
 }

 Frame Bip01 {
  

  FrameTransformMatrix {
   0.743149,0.076816,-0.664702,0.000000,-0.119785,0.992614,-0.019211,0.000000,0.658317,0.093898,0.746862,0.000000,-0.194762,0.659397,-0.000000,1.000000;;
  }

  Frame Bip01-Pelvis {
   

   FrameTransformMatrix {
    0.000360,0.999999,-0.001584,0.000000,0.003483,0.001582,0.999993,0.000000,0.999994,-0.000365,-0.003483,0.000000,0.000000,0.000000,0.000000,1.000000;;
   }

   Frame Bip01-Spine {
    

    FrameTransformMatrix {
     0.999999,0.001527,0.000425,0.000000,-0.001525,0.999993,-0.003479,0.000000,-0.000430,0.003479,0.999994,0.000000,2.358109,0.000005,-0.000990,1.000000;;
    }

    Frame Bip01-Spine1 {
     

     FrameTransformMatrix {
      0.999980,-0.005495,0.003042,0.000000,0.004836,0.982681,0.185243,0.000000,-0.004007,-0.185224,0.982688,0.000000,0.209326,0.000000,-0.002767,1.000000;;
     }

     Frame Bip01-Spine2 {
      

      FrameTransformMatrix {
       0.999212,0.028024,0.028117,0.000000,-0.031525,0.990613,0.133016,0.000000,-0.024125,-0.133797,0.990715,0.000000,3.478327,0.000001,-0.001152,1.000000;;
      }

      Frame Bip01-Spine3 {
       

       FrameTransformMatrix {
        0.980994,0.038372,-0.190205,0.000000,-0.032815,0.998940,0.032279,0.000000,0.191242,-0.025424,0.981214,0.000000,1.456825,-0.000000,-0.004310,1.000000;;
       }

       Frame Bip01-Neck {
        

        FrameTransformMatrix {
         0.917148,0.138020,0.373886,0.000000,0.024337,0.916975,-0.398201,0.000000,-0.397804,0.374308,0.837643,0.000000,5.539906,-0.000000,-0.690875,1.000000;;
        }

        Frame Bip01-Head {
         

         FrameTransformMatrix {
          0.976207,0.124348,0.177646,0.000000,-0.019787,0.866906,-0.498080,0.000000,-0.215938,0.482714,0.848739,0.000000,2.474251,-0.000000,0.000000,1.000000;;
         }

         Frame Bip01-HeadNub {
          

          FrameTransformMatrix {
           1.000000,0.000000,0.000000,0.000000,-0.000000,1.000000,0.000000,0.000000,0.000000,0.000000,1.000000,0.000000,4.628929,0.000001,-0.000002,1.000000;;
          }
         }

         Frame FxTop {
          

          FrameTransformMatrix {
           0.370706,0.154322,0.915839,0.000000,0.920058,0.073578,-0.384812,0.000000,-0.126771,0.985277,-0.114710,0.000000,4.500027,-0.000002,0.000000,1.000000;;
          }
         }
        }

        Frame Bip01-L-Clavicle {
         

         FrameTransformMatrix {
          0.128723,0.915306,0.381635,0.000000,0.918347,0.035214,-0.394207,0.000000,-0.374259,0.401217,-0.836035,0.000000,-0.753037,0.957158,0.028458,1.000000;;
         }

         Frame Bip01-L-UpperArm {
          

          FrameTransformMatrix {
           0.893179,-0.428111,-0.137669,0.000000,0.365585,0.869520,-0.332089,0.000000,0.261877,0.246285,0.933147,0.000000,2.305935,-0.000004,0.000000,1.000000;;
          }

          Frame Bip01-L-Forearm {
           

           FrameTransformMatrix {
            0.999414,0.000000,-0.034237,0.000000,0.000000,1.000000,0.000000,0.000000,0.034237,-0.000000,0.999414,0.000000,6.131232,0.000004,0.000000,1.000000;;
           }

           Frame Bip01-L-Hand {
            

            FrameTransformMatrix {
             0.982457,0.098835,0.158145,0.000000,-0.109517,-0.380608,0.918228,0.000000,0.150944,-0.919440,-0.363107,0.000000,6.144240,0.000000,-0.000000,1.000000;;
            }

            Frame Bip01-L-Finger0 {
             

             FrameTransformMatrix {
              0.671256,-0.301159,0.677288,0.000000,0.578680,-0.358073,-0.732744,0.000000,0.463191,0.883792,-0.066084,0.000000,0.431653,-0.683446,0.267918,1.000000;;
             }

             Frame Bip01-L-Finger01 {
              

              FrameTransformMatrix {
               0.970493,-0.000000,0.241129,0.000000,-0.000000,1.000000,0.000000,0.000000,-0.241129,0.000000,0.970493,0.000000,1.065222,0.000004,-0.000000,1.000000;;
              }

              Frame Bip01-L-Finger02 {
               

               FrameTransformMatrix {
                0.949998,-0.000000,0.312255,0.000000,0.000000,1.000000,-0.000000,0.000000,-0.312255,0.000000,0.949999,0.000000,0.739170,-0.000002,-0.000001,1.000000;;
               }

               Frame Bip01-L-Finger0Nub {
                

                FrameTransformMatrix {
                 1.000000,0.000000,-0.000000,0.000000,0.000000,1.000000,0.000000,0.000000,0.000000,-0.000000,1.000000,0.000000,0.862501,0.000000,0.000001,1.000000;;
                }
               }
              }
             }
            }

            Frame Bip01-L-Finger1 {
             

             FrameTransformMatrix {
              0.653163,0.089182,0.751948,0.000000,0.055818,0.984668,-0.165267,0.000000,-0.755157,0.149919,0.638171,0.000000,2.096304,-0.862207,-0.077713,1.000000;;
             }

             Frame Bip01-L-Finger11 {
              

              FrameTransformMatrix {
               0.185394,-0.000000,0.982665,0.000000,0.000000,1.000000,-0.000000,0.000000,-0.982665,-0.000000,0.185394,0.000000,1.331194,-0.000000,0.000000,1.000000;;
              }

              Frame Bip01-L-Finger12 {
               

               FrameTransformMatrix {
                0.782969,0.000000,0.622061,0.000000,-0.000000,1.000000,0.000000,0.000000,-0.622061,-0.000000,0.782969,0.000000,0.723099,0.000000,0.000003,1.000000;;
               }

               Frame Bip01-L-Finger1Nub {
                

                FrameTransformMatrix {
                 1.000000,-0.000000,0.000000,0.000000,0.000000,1.000000,0.000000,0.000000,0.000000,0.000000,1.000000,0.000000,0.679664,0.000000,0.000002,1.000000;;
                }
               }
              }
             }
            }

            Frame Bip01-L-Finger2 {
             

             FrameTransformMatrix {
              0.576645,-0.041121,0.815960,0.000000,0.061188,0.998102,0.007058,0.000000,-0.814700,0.045857,0.578066,0.000000,2.179714,-0.283319,-0.116974,1.000000;;
             }

             Frame Bip01-L-Finger21 {
              

              FrameTransformMatrix {
               0.149162,0.000000,0.988813,0.000000,0.000000,1.000000,0.000000,0.000000,-0.988813,0.000000,0.149162,0.000000,1.406761,0.000000,0.000004,1.000000;;
              }

              Frame Bip01-L-Finger22 {
               

               FrameTransformMatrix {
                0.782728,-0.000000,0.622364,0.000000,-0.000000,1.000000,-0.000000,0.000000,-0.622364,0.000000,0.782728,0.000000,0.840513,0.000000,0.000000,1.000000;;
               }

               Frame Bip01-L-Finger2Nub {
                

                FrameTransformMatrix {
                 1.000000,-0.000000,0.000000,0.000000,-0.000000,1.000000,0.000000,0.000000,0.000000,0.000000,1.000000,0.000000,0.664878,0.000000,0.000000,1.000000;;
                }
               }
              }
             }
            }

            Frame Bip01-L-Finger3 {
             

             FrameTransformMatrix {
              0.596636,-0.100627,0.796179,0.000000,0.026522,0.994038,0.105759,0.000000,-0.802074,-0.041983,0.595747,0.000000,2.073347,0.186407,-0.130489,1.000000;;
             }

             Frame Bip01-L-Finger31 {
              

              FrameTransformMatrix {
               0.127689,-0.000000,0.991814,0.000000,0.000000,1.000000,0.000000,0.000000,-0.991814,-0.000000,0.127689,0.000000,1.365458,0.000000,0.000004,1.000000;;
              }

              Frame Bip01-L-Finger32 {
               

               FrameTransformMatrix {
                0.836560,0.000000,0.547875,0.000000,-0.000000,1.000000,0.000000,0.000000,-0.547875,-0.000000,0.836560,0.000000,0.768669,0.000000,0.000000,1.000000;;
               }

               Frame Bip01-L-Finger3Nub {
                

                FrameTransformMatrix {
                 1.000000,-0.000000,0.000000,0.000000,-0.000000,1.000000,0.000000,0.000000,0.000000,0.000000,1.000000,0.000000,0.649355,0.000000,0.000000,1.000000;;
                }
               }
              }
             }
            }

            Frame Bip01-L-Finger4 {
             

             FrameTransformMatrix {
              0.680320,-0.211799,0.701645,0.000000,0.013198,0.960720,0.277206,0.000000,-0.732796,-0.179328,0.656393,0.000000,1.882344,0.690608,0.070721,1.000000;;
             }

             Frame Bip01-L-Finger41 {
              

              FrameTransformMatrix {
               0.479562,-0.000000,0.877508,0.000000,0.000000,1.000000,0.000000,0.000000,-0.877508,0.000000,0.479562,0.000000,1.108314,-0.000002,-0.000004,1.000000;;
              }

              Frame Bip01-L-Finger42 {
               

               FrameTransformMatrix {
                0.644536,0.000000,0.764574,0.000000,-0.000000,1.000000,-0.000000,0.000000,-0.764574,-0.000000,0.644536,0.000000,0.520340,0.000002,0.000002,1.000000;;
               }

               Frame Bip01-L-Finger4Nub {
                

                FrameTransformMatrix {
                 1.000000,0.000000,0.000000,0.000000,-0.000000,1.000000,0.000000,0.000000,0.000000,-0.000000,1.000000,0.000000,0.515339,0.000002,0.000000,1.000000;;
                }
               }
              }
             }
            }

            Frame FxHand00 {
             

             FrameTransformMatrix {
              0.982457,-0.109517,0.150944,0.000000,0.098835,-0.380608,-0.919440,0.000000,0.158145,0.918229,-0.363107,0.000000,1.500002,0.499999,2.000000,1.000000;;
             }
            }

            Frame L_Sword {
             

             FrameTransformMatrix {
              0.998475,-0.054365,0.009625,0.000000,-0.054842,-0.996732,0.059314,0.000000,0.006369,-0.059751,-0.998193,0.000000,0.000000,0.000000,0.000000,1.000000;;
             }
            }
           }

           Frame L_Elbow {
            

            FrameTransformMatrix {
             0.999854,0.000000,0.017090,0.000000,-0.000000,1.000000,0.000000,0.000000,-0.017090,-0.000000,0.999854,0.000000,0.000000,0.000000,0.000000,1.000000;;
            }
           }

           Frame L_Shield {
            

            FrameTransformMatrix {
             0.767017,0.101899,-0.633484,0.000000,0.148861,0.932108,0.330174,0.000000,0.624120,-0.347550,0.699773,0.000000,2.500003,2.500000,0.000000,1.000000;;
            }
           }

           Frame Bip01-L-ForeTwist {
            

            FrameTransformMatrix {
             1.000000,0.000000,0.000000,0.000000,0.000000,0.980758,0.195227,0.000000,0.000000,-0.195227,0.980758,0.000000,0.000000,0.000000,0.000000,1.000000;;
            }
           }
          }

          Frame L_Shoulder {
           

           FrameTransformMatrix {
            0.972931,0.185676,0.137587,0.000000,-0.221116,0.921026,0.320655,0.000000,-0.067183,-0.342398,0.937150,0.000000,0.000000,0.000000,0.000000,1.000000;;
           }
          }

          Frame L_Shoulder_Twist {
           

           FrameTransformMatrix {
            1.000000,0.000000,-0.000000,0.000000,-0.000000,0.972789,0.231691,0.000000,-0.000000,-0.231691,0.972789,0.000000,0.000000,0.000004,0.000000,1.000000;;
           }
          }
         }
        }

        Frame Bip01-R-Clavicle {
         

         FrameTransformMatrix {
          -0.206132,-0.926388,-0.315143,0.000000,-0.901601,0.054641,0.429104,0.000000,-0.380297,0.372585,-0.846496,0.000000,-0.753033,-0.957160,0.028462,1.000000;;
         }

         Frame Bip01-R-UpperArm {
          

          FrameTransformMatrix {
           0.180180,0.478475,0.859417,0.000000,-0.849532,0.516105,-0.109231,0.000000,-0.495814,-0.710420,0.499472,0.000000,2.305936,0.000004,0.000000,1.000000;;
          }

          Frame Bip01-R-Forearm {
           

           FrameTransformMatrix {
            0.027071,-0.000000,-0.999634,0.000000,0.000000,1.000000,0.000000,0.000000,0.999634,0.000000,0.027071,0.000000,6.131233,0.000000,0.000002,1.000000;;
           }

           Frame Bip01-R-Hand {
            

            FrameTransformMatrix {
             0.978375,-0.206826,-0.002294,0.000000,-0.033829,-0.149060,-0.988249,0.000000,0.204053,0.966956,-0.152833,0.000000,6.144241,-0.000002,-0.000003,1.000000;;
            }

            Frame Bip01-R-Finger0 {
             

             FrameTransformMatrix {
              0.675627,0.299025,0.673878,0.000000,-0.573702,-0.360827,0.735303,0.000000,0.463028,-0.883396,-0.072233,0.000000,0.431656,0.683445,0.267914,1.000000;;
             }

             Frame Bip01-R-Finger01 {
              

              FrameTransformMatrix {
               0.970046,-0.000000,0.242919,0.000000,0.000000,1.000000,-0.000000,0.000000,-0.242919,0.000000,0.970047,0.000000,1.065219,-0.000001,-0.000004,1.000000;;
              }

              Frame Bip01-R-Finger02 {
               

               FrameTransformMatrix {
                0.952739,0.000000,0.303789,0.000000,-0.000000,1.000000,0.000000,0.000000,-0.303789,0.000000,0.952739,0.000000,0.739166,0.000003,0.000000,1.000000;;
               }

               Frame Bip01-R-Finger0Nub {
                

                FrameTransformMatrix {
                 -1.000000,-0.000000,-0.000690,0.000000,0.000000,1.000000,0.000000,0.000000,0.000690,0.000000,-1.000000,0.000000,0.862503,0.000002,0.000002,1.000000;;
                }
               }
              }
             }
            }

            Frame Bip01-R-Finger1 {
             

             FrameTransformMatrix {
              0.653163,-0.089182,0.751947,0.000000,-0.055818,0.984668,0.165267,0.000000,-0.755157,-0.149919,0.638171,0.000000,2.096305,0.862207,-0.077711,1.000000;;
             }

             Frame Bip01-R-Finger11 {
              

              FrameTransformMatrix {
               0.185394,0.000000,0.982665,0.000000,0.000000,1.000000,0.000000,0.000000,-0.982665,0.000000,0.185394,0.000000,1.331196,0.000000,-0.000001,1.000000;;
              }

              Frame Bip01-R-Finger12 {
               

               FrameTransformMatrix {
                0.782969,0.000000,0.622060,0.000000,-0.000000,1.000000,-0.000000,0.000000,-0.622060,-0.000000,0.782969,0.000000,0.723099,0.000000,0.000000,1.000000;;
               }

               Frame Bip01-R-Finger1Nub {
                

                FrameTransformMatrix {
                 -1.000000,0.000000,-0.000690,0.000000,0.000000,1.000000,0.000000,0.000000,0.000690,0.000000,-1.000000,0.000000,0.679667,0.000000,0.000000,1.000000;;
                }
               }
              }
             }
            }

            Frame Bip01-R-Finger2 {
             

             FrameTransformMatrix {
              0.619301,0.042455,0.784005,0.000000,-0.060790,0.998132,-0.006031,0.000000,-0.782797,-0.043925,0.620725,0.000000,2.179713,0.283318,-0.116978,1.000000;;
             }

             Frame Bip01-R-Finger21 {
              

              FrameTransformMatrix {
               0.148923,0.000000,0.988849,0.000000,0.000000,1.000000,-0.000000,0.000000,-0.988849,-0.000000,0.148923,0.000000,1.406763,0.000000,0.000000,1.000000;;
              }

              Frame Bip01-R-Finger22 {
               

               FrameTransformMatrix {
                0.790226,-0.000000,0.612815,0.000000,-0.000000,1.000000,-0.000000,0.000000,-0.612815,-0.000000,0.790226,0.000000,0.840506,0.000000,0.000000,1.000000;;
               }

               Frame Bip01-R-Finger2Nub {
                

                FrameTransformMatrix {
                 -1.000000,0.000000,0.000691,0.000000,0.000000,1.000000,0.000000,0.000000,-0.000691,0.000000,-1.000000,0.000000,0.664876,0.000002,0.000000,1.000000;;
                }
               }
              }
             }
            }

            Frame Bip01-R-Finger3 {
             

             FrameTransformMatrix {
              0.732886,0.089129,0.674488,0.000000,-0.025739,0.994304,-0.103423,0.000000,-0.679864,0.058437,0.731006,0.000000,2.073344,-0.186405,-0.130487,1.000000;;
             }

             Frame Bip01-R-Finger31 {
              

              FrameTransformMatrix {
               0.117907,0.000000,0.993025,0.000000,-0.000000,1.000000,-0.000000,0.000000,-0.993025,0.000000,0.117907,0.000000,1.365458,0.000004,0.000002,1.000000;;
              }

              Frame Bip01-R-Finger32 {
               

               FrameTransformMatrix {
                0.817321,-0.000000,0.576183,0.000000,-0.000000,1.000000,0.000000,0.000000,-0.576184,0.000000,0.817321,0.000000,0.768669,0.000000,-0.000002,1.000000;;
               }

               Frame Bip01-R-Finger3Nub {
                

                FrameTransformMatrix {
                 -1.000000,0.000000,0.000691,0.000000,-0.000000,1.000000,0.000000,0.000000,-0.000691,0.000000,-1.000000,0.000000,0.649357,-0.000002,0.000004,1.000000;;
                }
               }
              }
             }
            }

            Frame Bip01-R-Finger4 {
             

             FrameTransformMatrix {
              0.815765,0.169492,0.552992,0.000000,-0.014546,0.961809,-0.273336,0.000000,-0.578200,0.214934,0.787075,0.000000,1.882345,-0.690607,0.070719,1.000000;;
             }

             Frame Bip01-R-Finger41 {
              

              FrameTransformMatrix {
               0.328464,-0.000000,0.944516,0.000000,-0.000000,1.000000,-0.000000,0.000000,-0.944517,0.000000,0.328464,0.000000,1.108315,0.000002,-0.000003,1.000000;;
              }

              Frame Bip01-R-Finger42 {
               

               FrameTransformMatrix {
                0.702435,-0.000000,0.711748,0.000000,0.000000,1.000000,0.000000,0.000000,-0.711748,-0.000000,0.702435,0.000000,0.520342,-0.000004,0.000001,1.000000;;
               }

               Frame Bip01-R-Finger4Nub {
                

                FrameTransformMatrix {
                 -1.000000,0.000000,-0.000690,0.000000,-0.000000,1.000000,-0.000000,0.000000,0.000690,-0.000000,-1.000000,0.000000,0.515339,-0.000002,0.000000,1.000000;;
                }
               }
              }
             }
            }

            Frame FxHand01 {
             

             FrameTransformMatrix {
              0.978375,-0.033829,0.204053,0.000000,-0.206826,-0.149060,0.966956,0.000000,-0.002295,-0.988249,-0.152834,0.000000,1.500000,-0.499996,1.999998,1.000000;;
             }
            }

            Frame R_Sword {
             

             FrameTransformMatrix {
              0.972494,-0.088342,0.215526,0.000000,0.101996,0.993369,-0.053057,0.000000,-0.209409,0.073581,0.975055,0.000000,0.000000,0.000000,0.000000,1.000000;;
             }
            }
           }

           Frame R_Elbow {
            

            FrameTransformMatrix {
             0.716623,0.000000,0.697461,0.000000,0.000000,1.000000,0.000000,0.000000,-0.697461,0.000000,0.716623,0.000000,0.000000,0.000000,0.000000,1.000000;;
            }
           }

           Frame Bip01-R-ForeTwist {
            

            FrameTransformMatrix {
             1.000000,0.000000,0.000000,0.000000,0.000000,0.997200,-0.074779,0.000000,0.000000,0.074779,0.997200,0.000000,0.000000,0.000000,0.000000,1.000000;;
            }
           }
          }

          Frame R_Shoulder {
           

           FrameTransformMatrix {
            0.767937,-0.539726,-0.344918,0.000000,0.333906,0.796862,-0.503505,0.000000,0.546607,0.271490,0.792158,0.000000,0.000000,0.000000,0.000000,1.000000;;
           }
          }

          Frame R_Shoulder_Twist {
           

           FrameTransformMatrix {
            1.000000,-0.000000,0.000000,0.000000,0.000000,0.970181,-0.242382,0.000000,0.000000,0.242382,0.970181,0.000000,0.000002,0.000000,0.000002,1.000000;;
           }
          }
         }
        }
       }

       Frame R_Breast {
        

        FrameTransformMatrix {
         0.063632,0.329529,-0.941999,0.000000,-0.003105,0.943973,0.330010,0.000000,0.997969,-0.018075,0.061090,0.000000,1.272753,-1.452000,1.209910,1.000000;;
        }
       }

       Frame L_Breast {
        

        FrameTransformMatrix {
         -0.063516,0.329530,0.942006,0.000000,0.003085,0.943972,-0.330010,0.000000,-0.997976,-0.018055,-0.060974,0.000000,1.272757,1.451767,1.209906,1.000000;;
        }
       }

       Frame L_spine3 {
        

        FrameTransformMatrix {
         0.984222,0.053364,-0.168700,0.000000,0.055215,-0.998455,0.006296,0.000000,-0.168103,-0.015511,-0.985647,0.000000,2.104034,3.093147,-0.411918,1.000000;;
        }
       }

       Frame R_spine3 {
        

        FrameTransformMatrix {
         0.985000,-0.054720,-0.163650,0.000000,-0.050346,-0.998258,0.030763,0.000000,-0.165048,-0.022062,-0.986039,0.000000,2.104042,-3.093148,-0.411909,1.000000;;
        }
       }
      }

      Frame FxCenter {
       

       FrameTransformMatrix {
        -0.081312,0.861437,0.501313,0.000000,0.996200,0.085987,0.013825,0.000000,-0.031197,0.500533,-0.865156,0.000000,1.000002,-0.000002,0.000000,1.000000;;
       }
      }

      Frame Weapon_Back {
       

       FrameTransformMatrix {
        -0.999294,-0.001121,-0.037550,0.000000,0.001121,-1.000000,0.000020,0.000000,-0.037550,-0.000022,0.999295,0.000000,4.711456,-0.000006,-2.809571,1.000000;;
       }
      }
     }
    }

    Frame Bip01-L-Thigh {
     

     FrameTransformMatrix {
      -0.946926,0.125497,-0.295943,0.000000,-0.132527,-0.991172,0.003733,0.000000,-0.292862,0.042755,0.955198,0.000000,-2.355776,2.566188,0.104820,1.000000;;
     }

     Frame Bip01-L-Calf {
      

      FrameTransformMatrix {
       0.984139,0.000000,-0.177398,0.000000,-0.000000,1.000000,0.000000,0.000000,0.177398,0.000000,0.984139,0.000000,10.047706,-0.000001,0.000000,1.000000;;
      }

      Frame Bip01-L-Foot {
       

       FrameTransformMatrix {
        0.928973,0.140179,0.342578,0.000000,-0.284540,0.862391,0.418711,0.000000,-0.236742,-0.486448,0.841024,0.000000,10.474942,0.000000,0.000002,1.000000;;
       }

       Frame Bip01-L-Toe0 {
        

        FrameTransformMatrix {
         -0.008660,0.046873,0.998864,0.000000,-0.053693,0.997438,-0.047272,0.000000,-0.998520,-0.054041,-0.006121,0.000000,3.213932,-0.000001,1.930074,1.000000;;
        }

        Frame Bip01-L-Toe0Nub {
         

         FrameTransformMatrix {
          -1.000000,0.000000,0.000691,0.000000,-0.000000,1.000000,-0.000000,0.000000,-0.000691,-0.000000,-1.000000,0.000000,1.879583,0.000001,0.000000,1.000000;;
         }
        }
       }
      }

      Frame L_Knee {
       

       FrameTransformMatrix {
        0.996029,0.000000,0.089026,0.000000,-0.000000,1.000000,-0.000000,0.000000,-0.089026,-0.000000,0.996029,0.000000,0.000000,0.000000,0.000000,1.000000;;
       }
      }

      Frame Bip01-LCalfTwist {
       

       FrameTransformMatrix {
        1.000000,-0.000000,0.000000,0.000000,-0.000000,0.974568,0.224093,0.000000,0.000000,-0.224093,0.974568,0.000000,0.000000,0.000000,0.000000,1.000000;;
       }
      }
     }

     Frame L_Thigh {
      

      FrameTransformMatrix {
       0.984767,0.064143,0.161618,0.000000,-0.070089,0.997048,0.031355,0.000000,-0.159130,-0.042205,0.986355,0.000000,0.000000,0.000000,0.000000,1.000000;;
      }
     }
    }

    Frame Bip01-R-Thigh {
     

     FrameTransformMatrix {
      -0.895439,-0.272262,0.352227,0.000000,0.306506,-0.950841,0.044232,0.000000,0.322868,0.147567,0.934869,0.000000,-2.355776,-2.566190,0.104834,1.000000;;
     }

     Frame Bip01-R-Calf {
      

      FrameTransformMatrix {
       0.673709,-0.000000,-0.738997,0.000000,-0.000000,1.000000,0.000000,0.000000,0.738996,0.000000,0.673709,0.000000,10.047700,-0.000000,0.000001,1.000000;;
      }

      Frame Bip01-R-Foot {
       

       FrameTransformMatrix {
        0.947685,-0.104016,0.301786,0.000000,0.181021,0.953821,-0.239702,0.000000,-0.262917,0.281792,0.922751,0.000000,10.474939,-0.000001,-0.000000,1.000000;;
       }

       Frame Bip01-R-Toe0 {
        

        FrameTransformMatrix {
         -0.050797,-0.008129,0.998676,0.000000,0.065694,0.997774,0.011463,0.000000,-0.996546,0.066189,-0.050150,0.000000,3.213933,0.000000,1.930074,1.000000;;
        }

        Frame Bip01-R-Toe0Nub {
         

         FrameTransformMatrix {
          1.000000,-0.000000,0.000000,0.000000,-0.000000,1.000000,-0.000000,0.000000,0.000000,-0.000000,1.000000,0.000000,1.879583,0.000000,0.000000,1.000000;;
         }
        }
       }
      }

      Frame R_Knee {
       

       FrameTransformMatrix {
        0.914801,-0.000000,0.403905,0.000000,-0.000000,1.000000,0.000000,0.000000,-0.403905,-0.000000,0.914801,0.000000,0.000002,0.000000,0.000000,1.000000;;
       }
      }

      Frame Bip01-RCalfTwist {
       

       FrameTransformMatrix {
        1.000000,-0.000000,0.000000,0.000000,0.000000,0.992437,-0.122757,0.000000,-0.000000,0.122757,0.992437,0.000000,0.000000,0.000000,0.000000,1.000000;;
       }
      }
     }

     Frame R_Thigh {
      

      FrameTransformMatrix {
       0.976555,-0.143886,-0.160117,0.000000,0.126873,0.985589,-0.111883,0.000000,0.173908,0.088945,0.980737,0.000000,0.000000,0.000000,0.000000,1.000000;;
      }
     }
    }

    Frame Skirt_Dummy {
     

     FrameTransformMatrix {
      -1.000000,0.000565,0.000797,0.000000,-0.000565,-1.000000,0.000000,0.000000,0.000797,-0.000000,1.000000,0.000000,-0.033834,-0.000002,-0.263520,1.000000;;
     }
    }
   }
  }
 }
}

Frame Human_F_L00_Leg_Skel {
 

 FrameTransformMatrix {
  1.000000,0.000000,0.000000,0.000000,0.000000,1.000000,0.000000,0.000000,0.000000,0.000000,1.000000,0.000000,0.000000,0.000000,0.000000,1.000000;;
 }

 Mesh Human_F_L00_Leg_Skel {
  434;
  -1.232531;2.240760;1.704336;,
  -0.929823;1.429429;2.072253;,
  -1.515498;1.877702;1.890181;,
  -0.124578;2.425425;1.892111;,
  -0.642690;1.648354;1.889601;,
  -0.185956;1.175223;1.919542;,
  -0.320929;0.730676;2.023164;,
  0.088604;0.316544;1.879401;,
  0.336336;0.899495;1.850168;,
  0.898861;0.602527;1.775450;,
  0.699353;1.488081;2.066662;,
  -0.043851;1.918549;1.885862;,
  0.774050;0.112070;1.761627;,
  1.942729;0.059504;1.930453;,
  1.329032;1.081673;2.209861;,
  1.895650;0.365376;1.974224;,
  2.686618;0.495907;2.493350;,
  2.869350;0.200284;2.520395;,
  2.857331;0.200104;3.143258;,
  2.647075;0.492638;3.120449;,
  2.034491;0.658047;2.396634;,
  1.967146;0.609283;3.151891;,
  1.376671;1.121270;2.469496;,
  1.879148;0.113496;3.721778;,
  -0.248417;3.242427;1.815612;,
  0.095698;3.782806;2.213187;,
  0.183134;3.265608;2.194520;,
  0.372950;2.500343;2.177768;,
  0.998738;1.613011;2.561906;,
  0.612028;2.489080;2.608508;,
  0.359124;3.251034;2.616979;,
  0.176024;3.711241;2.651155;,
  1.325853;1.028685;3.253552;,
  0.793345;1.455063;3.303297;,
  0.396270;2.435728;3.195394;,
  0.136284;3.215159;3.077915;,
  0.029165;3.713349;3.018183;,
  0.113584;4.633788;2.674679;,
  1.873687;0.397038;3.630778;,
  0.839036;0.663536;3.821424;,
  -0.008892;1.331993;3.721788;,
  -0.758224;2.351777;3.494494;,
  -0.507866;3.062625;3.424539;,
  -1.038269;3.035877;3.473940;,
  -0.955712;3.431705;3.524652;,
  -0.498613;3.437935;3.417031;,
  -0.516403;3.848494;3.381116;,
  -1.393452;2.665025;3.461916;,
  -1.332178;2.028726;3.459208;,
  -0.644236;1.249517;3.767920;,
  -0.112370;0.727929;4.005817;,
  0.299556;0.428575;4.116356;,
  0.881786;0.209063;4.056800;,
  -1.975867;4.040942;2.352365;,
  -1.761312;3.631896;1.955073;,
  -2.102129;3.800138;2.359260;,
  -1.878840;4.039274;2.707357;,
  -1.990734;3.779306;2.770771;,
  -1.536365;3.702224;3.147769;,
  -2.213849;3.196017;3.019566;,
  -1.947164;3.039076;3.174957;,
  -2.369817;2.598671;3.164267;,
  -1.780403;2.286167;3.391180;,
  -2.696209;2.707770;2.455250;,
  -1.485678;3.287424;3.303266;,
  -1.418357;3.961060;3.179880;,
  -1.067204;4.589456;3.362791;,
  -1.528323;4.574996;3.044315;,
  -0.977096;3.901137;3.430782;,
  -0.529597;4.591047;3.355079;,
  -0.568263;6.078479;3.519644;,
  -1.157126;6.071166;3.557762;,
  -0.612606;7.545450;3.856950;,
  -1.288274;7.586188;3.908743;,
  -1.759749;6.042538;3.209964;,
  -1.987377;7.714134;3.530356;,
  -0.644940;8.474381;4.077543;,
  0.154988;8.547066;3.651022;,
  0.039784;7.581484;3.469486;,
  -0.105435;6.061049;3.237653;,
  -0.067702;4.610570;3.045159;,
  0.089342;6.058014;2.776225;,
  0.348958;7.628013;2.872556;,
  0.334498;8.250228;3.219376;,
  0.030006;8.797842;3.536069;,
  -0.656336;8.781231;3.935304;,
  0.487890;8.226084;2.883066;,
  0.349570;8.344128;2.484602;,
  0.147869;7.670756;2.143966;,
  -0.098498;6.093376;2.260713;,
  -0.055520;4.676862;2.209732;,
  0.317979;8.639466;2.100132;,
  -0.378605;7.735269;1.727568;,
  -0.493492;6.128066;1.864083;,
  -0.440703;4.702073;1.845716;,
  -0.317969;3.859489;1.790745;,
  -0.774410;3.144872;1.650883;,
  0.170234;8.875059;2.194171;,
  -0.278773;8.679881;1.621014;,
  -0.342593;8.931402;1.794373;,
  -1.344715;8.701701;1.300886;,
  -1.301413;7.770970;1.476186;,
  -1.070394;6.173765;1.716971;,
  -0.825097;4.696148;1.758701;,
  -0.729022;3.899876;1.650732;,
  -1.257665;8.990846;1.520293;,
  -1.344715;8.701703;-1.300885;,
  -0.342593;8.931403;-1.794373;,
  -1.257665;8.990846;-1.520293;,
  -0.774410;3.144872;-1.650883;,
  -0.317969;3.859490;-1.790745;,
  -0.729022;3.899876;-1.650732;,
  -0.825097;4.696149;-1.758700;,
  -0.440703;4.702074;-1.845716;,
  -1.070394;6.173767;-1.716970;,
  -0.493492;6.128068;-1.864083;,
  -1.301413;7.770971;-1.476186;,
  -0.378605;7.735270;-1.727568;,
  -0.278773;8.679883;-1.621014;,
  0.372950;2.500343;-2.177768;,
  -0.248417;3.242427;-1.815612;,
  -0.124578;2.425425;-1.892112;,
  0.095698;3.782807;-2.213187;,
  -0.055520;4.676864;-2.209732;,
  -0.098497;6.093378;-2.260713;,
  0.147869;7.670758;-2.143966;,
  0.089342;6.058015;-2.776225;,
  0.348958;7.628014;-2.872556;,
  0.113584;4.633789;-2.674679;,
  0.317979;8.639467;-2.100132;,
  0.349570;8.344129;-2.484602;,
  0.487890;8.226085;-2.883066;,
  0.334498;8.250229;-3.219376;,
  0.039784;7.581486;-3.469486;,
  0.154989;8.547066;-3.651022;,
  -0.612606;7.545452;-3.856949;,
  -0.644939;8.474382;-4.077543;,
  0.170234;8.875060;-2.194170;,
  0.200887;8.563414;-2.533752;,
  0.317890;8.458460;-2.879073;,
  0.187075;8.482556;-3.162933;,
  0.030006;8.797843;-3.536069;,
  -0.656336;8.781232;-3.935303;,
  -1.380080;8.822669;-3.963766;,
  -1.431993;8.495298;-4.166820;,
  -1.856618;8.869728;-3.636191;,
  -2.118834;8.573918;-3.741338;,
  -2.152358;8.932949;-2.762451;,
  -2.530052;8.646314;-2.724815;,
  -1.929277;9.017517;-1.818233;,
  -2.152092;8.745854;-1.658992;,
  -1.288274;7.586190;-3.908742;,
  -1.987376;7.714134;-3.530356;,
  -2.288385;7.767092;-2.686323;,
  -1.913788;7.800402;-1.701950;,
  -2.012729;6.067857;-2.564623;,
  -1.552160;6.120696;-1.901638;,
  -1.759749;6.042539;-3.209964;,
  -1.157126;6.071167;-3.557762;,
  -0.568263;6.078481;-3.519643;,
  -0.105435;6.061051;-3.237653;,
  -1.542476;4.603770;-2.070732;,
  -1.859195;4.575148;-2.417167;,
  -1.769250;4.571144;-2.757709;,
  -1.528323;4.574998;-3.044315;,
  -1.067204;4.589457;-3.362791;,
  -0.529597;4.591048;-3.355078;,
  -0.067701;4.610572;-3.045159;,
  -1.418357;3.961062;-3.179880;,
  -0.977096;3.901138;-3.430782;,
  -0.516403;3.848496;-3.381116;,
  0.029165;3.713350;-3.018182;,
  0.176024;3.711242;-2.651155;,
  0.183134;3.265608;-2.194520;,
  -1.536365;3.702225;-3.147769;,
  -1.878840;4.039275;-2.707357;,
  -0.955712;3.431706;-3.524652;,
  -0.498613;3.437936;-3.417031;,
  0.136284;3.215159;-3.077915;,
  0.359124;3.251034;-2.616980;,
  0.612028;2.489080;-2.608508;,
  0.396270;2.435728;-3.195394;,
  0.793345;1.455063;-3.303297;,
  -0.008892;1.331993;-3.721788;,
  0.839036;0.663537;-3.821423;,
  -0.758224;2.351777;-3.494494;,
  -1.485678;3.287424;-3.303266;,
  -1.038269;3.035877;-3.473940;,
  -0.507866;3.062626;-3.424539;,
  -1.393452;2.665025;-3.461916;,
  -1.947163;3.039076;-3.174957;,
  -1.761312;3.631896;-1.955073;,
  -1.070646;3.953997;-1.817892;,
  -1.587683;4.006290;-2.118244;,
  -1.975867;4.040943;-2.352365;,
  -2.102129;3.800138;-2.359260;,
  -1.990734;3.779306;-2.770771;,
  -2.213849;3.196017;-3.019566;,
  -2.369816;2.598671;-3.164267;,
  -2.696209;2.707770;-2.455250;,
  -2.469210;3.317502;-2.386717;,
  -2.203223;3.052994;-1.829723;,
  -0.774410;3.144872;-1.650883;,
  -1.704738;2.611622;-1.663172;,
  -1.232530;2.240760;-1.704336;,
  -1.201812;3.317561;-1.780919;,
  -1.955082;2.174714;-1.730787;,
  -2.410296;2.532637;-1.800451;,
  -1.515497;1.877702;-1.890181;,
  -0.825097;4.696149;-1.758700;,
  -0.729022;3.899876;-1.650732;,
  -1.257665;8.990846;-1.520293;,
  -1.344715;8.701703;-1.300885;,
  -1.301413;7.770971;-1.476186;,
  -1.070394;6.173767;-1.716970;,
  -1.178631;4.676355;-1.822300;,
  -1.895786;-0.026900;-2.836851;,
  -2.116179;-0.026292;-2.607463;,
  -2.058169;-0.026431;-2.776467;,
  -1.785440;-0.027366;-2.527434;,
  -1.785224;-0.027078;-2.797624;,
  -1.931630;-0.026951;-2.447218;,
  -2.069319;-0.026564;-2.501115;,
  1.942729;0.059504;-1.930453;,
  2.686618;0.495907;-2.493350;,
  1.895651;0.365376;-1.974224;,
  2.869350;0.200284;-2.520395;,
  2.857331;0.200104;-3.143258;,
  1.879149;0.113496;-3.721778;,
  2.647075;0.492638;-3.120450;,
  2.034491;0.658047;-2.396635;,
  1.329032;1.081673;-2.209861;,
  0.898862;0.602527;-1.775450;,
  0.774050;0.112071;-1.761627;,
  0.088604;0.316544;-1.879401;,
  0.336336;0.899495;-1.850169;,
  0.699353;1.488082;-2.066662;,
  -0.043851;1.918549;-1.885863;,
  -0.185956;1.175223;-1.919542;,
  -0.642690;1.648354;-1.889601;,
  -1.232530;2.240760;-1.704336;,
  -0.320929;0.730676;-2.023164;,
  -0.929823;1.429429;-2.072253;,
  -1.515497;1.877702;-1.890181;,
  1.873687;0.397038;-3.630778;,
  1.967146;0.609283;-3.151892;,
  1.376671;1.121270;-2.469496;,
  0.998738;1.613011;-2.561906;,
  1.325854;1.028685;-3.253552;,
  -1.780402;2.286167;-3.391180;,
  -1.332178;2.028726;-3.459208;,
  -0.644236;1.249517;-3.767920;,
  -0.112370;0.727930;-4.005817;,
  0.299556;0.428575;-4.116356;,
  0.881786;0.209063;-4.056800;,
  -2.058169;-0.026431;-2.776467;,
  -1.891367;0.831812;-2.855135;,
  -1.895786;-0.026900;-2.836851;,
  -1.939655;2.109340;-3.260140;,
  -2.163231;1.279783;-2.832851;,
  -2.431997;2.242639;-3.080036;,
  -1.904759;1.278122;-2.937018;,
  -1.439235;1.861600;-3.126119;,
  -1.655537;1.278460;-2.910127;,
  -1.719331;0.827474;-2.830735;,
  -1.785224;-0.027078;-2.797624;,
  -2.116179;-0.026292;-2.607463;,
  -2.075738;0.836633;-2.782094;,
  -2.141618;0.838169;-2.577613;,
  -2.242116;1.279529;-2.553560;,
  -2.087346;0.835593;-2.446405;,
  -2.177157;1.265969;-2.348584;,
  -1.929331;0.831521;-2.380552;,
  -1.954987;1.274822;-2.267436;,
  -1.760957;0.826982;-2.479043;,
  -1.726796;1.280050;-2.405419;,
  -2.069319;-0.026564;-2.501115;,
  -1.931630;-0.026951;-2.447218;,
  -1.785440;-0.027366;-2.527434;,
  -1.785224;-0.027078;-2.797624;,
  -1.719331;0.827474;-2.830735;,
  -1.655537;1.278460;-2.910127;,
  -1.566861;1.853530;-2.230516;,
  -2.002625;2.118688;-1.899765;,
  -2.404763;2.187392;-1.949262;,
  -2.560013;2.333591;-2.505345;,
  -1.439235;1.861600;-3.126119;,
  -1.859195;4.575146;2.417167;,
  -1.769250;4.571143;2.757709;,
  -2.012729;6.067854;2.564623;,
  -1.542476;4.603768;2.070732;,
  -1.552160;6.120695;1.901638;,
  -1.913788;7.800401;1.701949;,
  -1.178632;4.676354;1.822300;,
  -1.587683;4.006288;2.118244;,
  -2.152092;8.745854;1.658992;,
  -1.344715;8.701701;1.300886;,
  -1.301413;7.770970;1.476186;,
  -1.070394;6.173765;1.716971;,
  -0.825097;4.696148;1.758701;,
  -1.070646;3.953996;1.817892;,
  -1.201813;3.317561;1.780919;,
  -1.704738;2.611622;1.663172;,
  -2.203223;3.052994;1.829723;,
  -0.774410;3.144872;1.650883;,
  -0.729022;3.899876;1.650732;,
  -1.232531;2.240760;1.704336;,
  -1.955082;2.174714;1.730787;,
  -1.515498;1.877702;1.890181;,
  -2.410296;2.532637;1.800451;,
  -2.469210;3.317502;2.386717;,
  -0.834595;1.239086;-3.407879;,
  -1.566861;1.853530;-2.230516;,
  -1.439235;1.861600;-3.126119;,
  -0.915011;1.348733;-2.470705;,
  -0.035090;0.458516;-3.747166;,
  -0.132128;0.498344;-2.361072;,
  0.851733;0.088700;-3.620038;,
  0.799622;0.093998;-2.265785;,
  1.901371;0.033705;-3.371396;,
  1.892980;0.009301;-2.360902;,
  2.730581;0.106546;-2.732528;,
  2.731020;0.113397;-2.985607;,
  -0.929823;1.429429;-2.072253;,
  -0.320929;0.730676;-2.023164;,
  0.088604;0.316544;-1.879401;,
  0.774050;0.112071;-1.761627;,
  1.942729;0.059504;-1.930453;,
  2.869350;0.200284;-2.520395;,
  2.857331;0.200104;-3.143258;,
  1.879149;0.113496;-3.721778;,
  0.881786;0.209063;-4.056800;,
  0.299556;0.428575;-4.116356;,
  -0.112370;0.727930;-4.005817;,
  -0.644236;1.249517;-3.767920;,
  -1.332178;2.028726;-3.459208;,
  -1.780402;2.286167;-3.391180;,
  -1.939655;2.109340;-3.260140;,
  -2.369816;2.598671;-3.164267;,
  -2.431997;2.242639;-3.080036;,
  -2.560013;2.333591;-2.505345;,
  -2.696209;2.707770;-2.455250;,
  -2.410296;2.532637;-1.800451;,
  -2.404763;2.187392;-1.949262;,
  -1.955082;2.174714;-1.730787;,
  -2.002625;2.118688;-1.899765;,
  -1.515497;1.877702;-1.890181;,
