xof 0303txt 0032
template ColorRGBA {
 <35ff44e0-6c7c-11cf-8f52-0040333594a3>
 FLOAT red;
 FLOAT green;
 FLOAT blue;
 FLOAT alpha;
}

template ColorRGB {
 <d3e16e81-7835-11cf-8f52-0040333594a3>
 FLOAT red;
 FLOAT green;
 FLOAT blue;
}

template Material {
 <3d82ab4d-62da-11cf-ab39-0020af71e433>
 ColorRGBA faceColor;
 FLOAT power;
 ColorRGB specularColor;
 ColorRGB emissiveColor;
 [...]
}

template TextureFilename {
 <a42790e1-7810-11cf-8f52-0040333594a3>
 STRING filename;
}

template Frame {
 <3d82ab46-62da-11cf-ab39-0020af71e433>
 [...]
}

template Matrix4x4 {
 <f6f23f45-7686-11cf-8f52-0040333594a3>
 array FLOAT matrix[16];
}

template FrameTransformMatrix {
 <f6f23f41-7686-11cf-8f52-0040333594a3>
 Matrix4x4 frameMatrix;
}

template Vector {
 <3d82ab5e-62da-11cf-ab39-0020af71e433>
 FLOAT x;
 FLOAT y;
 FLOAT z;
}

template MeshFace {
 <3d82ab5f-62da-11cf-ab39-0020af71e433>
 DWORD nFaceVertexIndices;
 array DWORD faceVertexIndices[nFaceVertexIndices];
}

template Mesh {
 <3d82ab44-62da-11cf-ab39-0020af71e433>
 DWORD nVertices;
 array Vector vertices[nVertices];
 DWORD nFaces;
 array MeshFace faces[nFaces];
 [...]
}

template MeshNormals {
 <f6f23f43-7686-11cf-8f52-0040333594a3>
 DWORD nNormals;
 array Vector normals[nNormals];
 DWORD nFaceNormals;
 array MeshFace faceNormals[nFaceNormals];
}

template MeshMaterialList {
 <f6f23f42-7686-11cf-8f52-0040333594a3>
 DWORD nMaterials;
 DWORD nFaceIndexes;
 array DWORD faceIndexes[nFaceIndexes];
 [Material <3d82ab4d-62da-11cf-ab39-0020af71e433>]
}

template Coords2d {
 <f6f23f44-7686-11cf-8f52-0040333594a3>
 FLOAT u;
 FLOAT v;
}

template MeshTextureCoords {
 <f6f23f40-7686-11cf-8f52-0040333594a3>
 DWORD nTextureCoords;
 array Coords2d textureCoords[nTextureCoords];
}

template XSkinMeshHeader {
 <3cf169ce-ff7c-44ab-93c0-f78f62d172e2>
 WORD nMaxSkinWeightsPerVertex;
 WORD nMaxSkinWeightsPerFace;
 WORD nBones;
}

template SkinWeights {
 <6f0d123b-bad2-4167-a0d0-80224f25fabb>
 STRING transformNodeName;
 DWORD nWeights;
 array DWORD vertexIndices[nWeights];
 array FLOAT weights[nWeights];
 Matrix4x4 matrixOffset;
}


Material Material__35 {
 1.000000;1.000000;1.000000;1.000000;;
 10.000000;
 0.000000;0.000000;0.000000;;
 0.000000;0.000000;0.000000;;

 TextureFilename {
  "Human_F_L08_Body_diff.dds";
 }
}

Frame Dummy_root {
 

 FrameTransformMatrix {
  1.000000,0.000000,0.000000,0.000000,0.000000,1.000000,0.000000,0.000000,0.000000,0.000000,1.000000,0.000000,0.000000,23.000000,0.000000,1.000000;;
 }

 Frame FxBottom {
  

  FrameTransformMatrix {
   1.000000,0.000000,0.000000,0.000000,0.000000,1.000000,0.000000,0.000000,-0.000000,0.000000,1.000000,0.000000,0.000000,-23.000000,-0.000000,1.000000;;
  }
 }

 Frame Bip01 {
  

  FrameTransformMatrix {
   1.000000,0.000000,0.000001,0.000000,0.000000,1.000000,0.000000,0.000000,-0.000001,0.000000,1.000000,0.000000,-0.194762,0.659397,0.000000,1.000000;;
  }

  Frame Bip01-Pelvis {
   

   FrameTransformMatrix {
    0.000001,1.000000,-0.000001,0.000000,-0.000001,0.000001,1.000000,0.000000,1.000000,-0.000001,0.000001,0.000000,0.000000,0.000000,0.000000,1.000000;;
   }

   Frame Bip01-Spine {
    

    FrameTransformMatrix {
     0.999030,0.000001,0.044033,0.000000,-0.000001,1.000000,0.000004,0.000000,-0.044033,-0.000004,0.999030,0.000000,2.358109,0.000003,-0.000993,1.000000;;
    }

    Frame Bip01-Spine1 {
     

     FrameTransformMatrix {
      0.998814,0.000000,0.048692,0.000000,-0.000000,1.000000,0.000001,0.000000,-0.048692,-0.000001,0.998814,0.000000,0.209322,0.000000,-0.002767,1.000000;;
     }

     Frame Bip01-Spine2 {
      

      FrameTransformMatrix {
       0.993206,-0.000000,-0.116369,0.000000,0.000000,1.000000,-0.000002,0.000000,0.116369,0.000002,0.993206,0.000000,3.478325,0.000000,-0.001152,1.000000;;
      }

      Frame Bip01-Spine3 {
       

       FrameTransformMatrix {
        0.996891,-0.000000,-0.078796,0.000000,0.000000,1.000000,0.000001,0.000000,0.078797,-0.000001,0.996891,0.000000,1.456833,0.000000,-0.004309,1.000000;;
       }

       Frame Bip01-Neck {
        

        FrameTransformMatrix {
         0.976813,0.000001,0.214095,0.000000,-0.000001,1.000000,-0.000000,0.000000,-0.214095,-0.000000,0.976813,0.000000,5.539904,0.000000,-0.690872,1.000000;;
        }

        Frame Bip01-Head {
         

         FrameTransformMatrix {
          0.999958,-0.000000,-0.009206,0.000000,0.000000,1.000000,0.000000,0.000000,0.009206,-0.000000,0.999958,0.000000,2.474255,-0.000000,0.000000,1.000000;;
         }

         Frame Bip01-HeadNub {
          

          FrameTransformMatrix {
           1.000000,0.000000,-0.000000,0.000000,0.000000,1.000000,-0.000000,0.000000,-0.000000,-0.000000,1.000000,0.000000,4.628922,0.000000,-0.000000,1.000000;;
          }
         }

         Frame FxTop {
          

          FrameTransformMatrix {
           0.103621,0.000001,0.994617,0.000000,0.994617,-0.000000,-0.103621,0.000000,0.000000,1.000000,-0.000002,0.000000,4.500019,-0.000003,-0.000001,1.000000;;
          }
         }
        }

        Frame Bip01-L-Clavicle {
         

         FrameTransformMatrix {
          -0.249952,0.966695,0.054990,0.000000,0.944116,0.255930,-0.207716,0.000000,-0.214872,-0.000003,-0.976642,0.000000,-0.753025,0.957158,0.028459,1.000000;;
         }

         Frame Bip01-L-UpperArm {
          

          FrameTransformMatrix {
           0.798872,-0.594050,0.094384,0.000000,0.578815,0.801906,0.148056,0.000000,-0.163640,-0.063647,0.984465,0.000000,2.305937,-0.000008,0.000001,1.000000;;
          }

          Frame Bip01-L-Forearm {
           

           FrameTransformMatrix {
            0.930629,-0.000001,-0.365965,0.000000,0.000000,1.000000,-0.000000,0.000000,0.365966,-0.000000,0.930628,0.000000,6.131237,-0.000004,-0.000001,1.000000;;
           }

           Frame Bip01-L-Hand {
            

            FrameTransformMatrix {
             0.989065,-0.040579,0.141787,0.000000,-0.144471,-0.073386,0.986784,0.000000,-0.029638,-0.996478,-0.078446,0.000000,6.144240,0.000004,-0.000001,1.000000;;
            }

            Frame Bip01-L-Finger0 {
             

             FrameTransformMatrix {
              0.722825,-0.531683,0.441402,0.000000,0.371542,-0.239557,-0.896978,0.000000,0.582649,0.812358,0.024385,0.000000,0.431653,-0.683446,0.267918,1.000000;;
             }

             Frame Bip01-L-Finger01 {
              

              FrameTransformMatrix {
               0.985852,0.000000,0.167616,0.000000,-0.000000,1.000000,0.000000,0.000000,-0.167616,-0.000000,0.985852,0.000000,1.065219,0.000002,-0.000002,1.000000;;
              }

              Frame Bip01-L-Finger02 {
               

               FrameTransformMatrix {
                0.950837,-0.000000,0.309691,0.000000,0.000000,1.000000,-0.000000,0.000000,-0.309692,0.000000,0.950837,0.000000,0.739171,0.000000,0.000000,1.000000;;
               }

               Frame Bip01-L-Finger0Nub {
                

                FrameTransformMatrix {
                 1.000000,0.000000,0.000000,0.000000,-0.000000,1.000000,-0.000000,0.000000,0.000000,0.000000,1.000000,0.000000,0.862501,-0.000004,0.000002,1.000000;;
                }
               }
              }
             }
            }

            Frame Bip01-L-Finger1 {
             

             FrameTransformMatrix {
              0.890676,0.007232,0.454582,0.000000,0.005919,0.999604,-0.027500,0.000000,-0.454601,0.027185,0.890280,0.000000,2.096306,-0.862208,-0.077709,1.000000;;
             }

             Frame Bip01-L-Finger11 {
              

              FrameTransformMatrix {
               0.877627,-0.000000,0.479344,0.000000,0.000000,1.000000,-0.000000,0.000000,-0.479344,0.000000,0.877627,0.000000,1.331192,0.000000,0.000002,1.000000;;
              }

              Frame Bip01-L-Finger12 {
               

               FrameTransformMatrix {
                0.932920,-0.000000,0.360082,0.000000,-0.000000,1.000000,0.000001,0.000000,-0.360082,-0.000001,0.932920,0.000000,0.723103,0.000000,0.000000,1.000000;;
               }

               Frame Bip01-L-Finger1Nub {
                

                FrameTransformMatrix {
                 1.000000,0.000000,-0.000000,0.000000,-0.000000,1.000000,-0.000001,0.000000,0.000001,0.000001,1.000001,0.000000,0.679663,0.000000,0.000002,1.000000;;
                }
               }
              }
             }
            }

            Frame Bip01-L-Finger2 {
             

             FrameTransformMatrix {
              0.882745,0.035112,0.468539,0.000000,-0.013270,0.998669,-0.049837,0.000000,-0.469666,0.037776,0.882036,0.000000,2.179712,-0.283319,-0.116974,1.000000;;
             }

             Frame Bip01-L-Finger21 {
              

              FrameTransformMatrix {
               0.795542,0.000000,0.605899,0.000000,-0.000000,1.000000,0.000000,0.000000,-0.605899,-0.000000,0.795542,0.000000,1.406761,-0.000002,0.000002,1.000000;;
              }

              Frame Bip01-L-Finger22 {
               

               FrameTransformMatrix {
                0.981120,0.000000,0.193399,0.000000,0.000000,1.000000,0.000000,0.000000,-0.193399,-0.000000,0.981120,0.000000,0.840515,0.000002,-0.000003,1.000000;;
               }

               Frame Bip01-L-Finger2Nub {
                

                FrameTransformMatrix {
                 1.000000,0.000000,0.000000,0.000000,-0.000000,1.000000,-0.000001,0.000000,-0.000000,0.000001,1.000000,0.000000,0.664877,0.000003,0.000002,1.000000;;
                }
               }
              }
             }
            }

            Frame Bip01-L-Finger3 {
             

             FrameTransformMatrix {
              0.896787,0.157211,0.413592,0.000000,-0.134986,0.987396,-0.082633,0.000000,-0.421370,0.018276,0.906705,0.000000,2.073350,0.186408,-0.130486,1.000000;;
             }

             Frame Bip01-L-Finger31 {
              

              FrameTransformMatrix {
               0.760569,-0.000000,0.649258,0.000000,0.000000,1.000000,0.000000,0.000000,-0.649258,-0.000000,0.760569,0.000000,1.365456,-0.000000,-0.000002,1.000000;;
              }

              Frame Bip01-L-Finger32 {
               

               FrameTransformMatrix {
                0.978941,0.000000,0.204143,0.000000,-0.000000,1.000000,-0.000000,0.000000,-0.204143,0.000000,0.978941,0.000000,0.768667,0.000001,0.000004,1.000000;;
               }

               Frame Bip01-L-Finger3Nub {
                

                FrameTransformMatrix {
                 1.000000,0.000000,0.000000,0.000000,0.000000,1.000000,0.000000,0.000000,0.000000,0.000000,1.000000,0.000000,0.649357,-0.000001,0.000001,1.000000;;
                }
               }
              }
             }
            }

            Frame Bip01-L-Finger4 {
             

             FrameTransformMatrix {
              0.885085,0.251359,0.391718,0.000000,-0.224522,0.967811,-0.113722,0.000000,-0.407694,0.012704,0.913030,0.000000,1.882344,0.690610,0.070721,1.000000;;
             }

             Frame Bip01-L-Finger41 {
              

              FrameTransformMatrix {
               0.785957,0.000000,0.618281,0.000000,0.000000,1.000000,-0.000001,0.000000,-0.618281,0.000001,0.785957,0.000000,1.108313,-0.000000,0.000000,1.000000;;
              }

              Frame Bip01-L-Finger42 {
               

               FrameTransformMatrix {
                0.944871,-0.000000,0.327444,0.000000,0.000000,1.000000,0.000000,0.000000,-0.327444,-0.000000,0.944871,0.000000,0.520340,0.000000,-0.000001,1.000000;;
               }

               Frame Bip01-L-Finger4Nub {
                

                FrameTransformMatrix {
                 1.000000,0.000000,0.000000,0.000000,0.000000,1.000000,-0.000000,0.000000,-0.000000,-0.000000,1.000000,0.000000,0.515339,-0.000000,0.000000,1.000000;;
                }
               }
              }
             }
            }

            Frame FxHand00 {
             

             FrameTransformMatrix {
              0.220347,-0.936490,0.272824,0.000000,-0.759401,-0.340240,-0.554568,0.000000,0.612174,-0.084985,-0.786143,0.000000,1.500002,0.499998,2.000002,1.000000;;
             }
            }

            Frame L_Sword {
             

             FrameTransformMatrix {
              0.976767,0.039081,-0.210712,0.000000,0.070766,-0.986898,0.145000,0.000000,-0.202285,-0.156542,-0.966734,0.000000,0.000000,0.000000,0.000000,1.000000;;
             }
            }
           }

           Frame L_Elbow {
            

            FrameTransformMatrix {
             0.982504,0.000000,0.186241,0.000000,-0.000000,1.000000,-0.000000,0.000000,-0.186241,-0.000000,0.982504,0.000000,-0.000002,-0.000002,-0.000001,1.000000;;
            }
           }

           Frame L_Shield {
            

            FrameTransformMatrix {
             1.000000,0.000000,0.000000,0.000000,0.000000,1.000000,-0.000000,0.000000,-0.000000,-0.000000,1.000000,0.000000,2.500000,2.500002,-0.000001,1.000000;;
            }
           }

           Frame Bip01-L-ForeTwist {
            

            FrameTransformMatrix {
             1.000000,0.000000,-0.000000,0.000000,0.000000,0.999311,0.037108,0.000000,0.000000,-0.037108,0.999311,0.000000,-0.000002,-0.000002,-0.000001,1.000000;;
            }
           }
          }

          Frame L_Shoulder {
           

           FrameTransformMatrix {
            0.948343,0.307755,-0.077029,0.000000,-0.311668,0.949122,-0.045064,0.000000,0.059241,0.066743,0.996010,0.000000,0.000000,-0.000002,0.000000,1.000000;;
           }
          }

          Frame L_Shoulder_Twist {
           

           FrameTransformMatrix {
            1.000000,-0.000000,-0.000000,0.000000,-0.000000,1.000000,-0.000000,0.000000,0.000000,0.000000,1.000000,0.000000,0.000000,-0.000002,-0.000000,1.000000;;
           }
          }
         }
        }

        Frame Bip01-R-Clavicle {
         

         FrameTransformMatrix {
          -0.249953,-0.966695,0.054995,0.000000,-0.944116,0.255931,0.207715,0.000000,-0.214872,-0.000003,-0.976642,0.000000,-0.753025,-0.957160,0.028464,1.000000;;
         }

         Frame Bip01-R-UpperArm {
          

          FrameTransformMatrix {
           0.798872,0.594050,0.094384,0.000000,-0.578814,0.801906,-0.148056,0.000000,-0.163640,0.063647,0.984465,0.000000,2.305936,0.000008,0.000002,1.000000;;
          }

          Frame Bip01-R-Forearm {
           

           FrameTransformMatrix {
            0.930628,0.000000,-0.365965,0.000000,-0.000000,1.000000,0.000000,0.000000,0.365965,-0.000000,0.930628,0.000000,6.131237,0.000004,-0.000002,1.000000;;
           }

           Frame Bip01-R-Hand {
            

            FrameTransformMatrix {
             0.989066,0.040580,0.141786,0.000000,0.144470,-0.073387,-0.986784,0.000000,-0.029639,0.996478,-0.078447,0.000000,6.144236,0.000000,-0.000005,1.000000;;
            }

            Frame Bip01-R-Finger0 {
             

             FrameTransformMatrix {
              0.722825,0.531683,0.441403,0.000000,-0.371541,-0.239557,0.896978,0.000000,0.582649,-0.812358,0.024384,0.000000,0.431656,0.683445,0.267914,1.000000;;
             }

             Frame Bip01-R-Finger01 {
              

              FrameTransformMatrix {
               0.985852,-0.000000,0.167616,0.000000,0.000000,1.000001,-0.000000,0.000000,-0.167616,0.000000,0.985852,0.000000,1.065221,0.000000,0.000000,1.000000;;
              }

              Frame Bip01-R-Finger02 {
               

               FrameTransformMatrix {
                0.950838,0.000000,0.309691,0.000000,0.000000,1.000000,-0.000000,0.000000,-0.309691,0.000000,0.950837,0.000000,0.739167,-0.000002,-0.000003,1.000000;;
               }

               Frame Bip01-R-Finger0Nub {
                

                FrameTransformMatrix {
                 -1.000000,0.000000,0.000001,0.000000,0.000000,1.000000,-0.000000,0.000000,-0.000001,-0.000000,-1.000000,0.000000,0.862501,0.000004,0.000002,1.000000;;
                }
               }
              }
             }
            }

            Frame Bip01-R-Finger1 {
             

             FrameTransformMatrix {
              0.890676,-0.007232,0.454582,0.000000,-0.005919,0.999605,0.027500,0.000000,-0.454601,-0.027184,0.890281,0.000000,2.096302,0.862207,-0.077711,1.000000;;
             }

             Frame Bip01-R-Finger11 {
              

              FrameTransformMatrix {
               0.877627,0.000000,0.479344,0.000000,0.000000,1.000000,-0.000000,0.000000,-0.479344,-0.000000,0.877627,0.000000,1.331188,0.000002,-0.000002,1.000000;;
              }

              Frame Bip01-R-Finger12 {
               

               FrameTransformMatrix {
                0.932921,-0.000000,0.360082,0.000000,0.000000,1.000000,0.000000,0.000000,-0.360082,0.000000,0.932921,0.000000,0.723097,0.000001,-0.000002,1.000000;;
               }

               Frame Bip01-R-Finger1Nub {
                

                FrameTransformMatrix {
                 -1.000000,-0.000000,0.000000,0.000000,-0.000000,1.000000,-0.000001,0.000000,-0.000000,-0.000001,-1.000000,0.000000,0.679668,-0.000002,0.000002,1.000000;;
                }
               }
              }
             }
            }

            Frame Bip01-R-Finger2 {
             

             FrameTransformMatrix {
              0.882745,-0.035112,0.468539,0.000000,0.013271,0.998669,0.049837,0.000000,-0.469666,-0.037775,0.882036,0.000000,2.179712,0.283315,-0.116974,1.000000;;
             }

             Frame Bip01-R-Finger21 {
              

              FrameTransformMatrix {
               0.795542,-0.000001,0.605898,0.000000,0.000000,1.000000,0.000000,0.000000,-0.605899,-0.000000,0.795542,0.000000,1.406761,0.000001,-0.000001,1.000000;;
              }

              Frame Bip01-R-Finger22 {
               

               FrameTransformMatrix {
                0.981121,0.000000,0.193398,0.000000,-0.000000,1.000000,-0.000000,0.000000,-0.193399,0.000000,0.981120,0.000000,0.840506,-0.000001,-0.000001,1.000000;;
               }

               Frame Bip01-R-Finger2Nub {
                

                FrameTransformMatrix {
                 -1.000000,0.000000,-0.000000,0.000000,0.000000,1.000000,0.000000,0.000000,-0.000000,0.000000,-1.000000,0.000000,0.664877,0.000001,-0.000001,1.000000;;
                }
               }
              }
             }
            }

            Frame Bip01-R-Finger3 {
             

             FrameTransformMatrix {
              0.896787,-0.157212,0.413591,0.000000,0.134986,0.987396,0.082633,0.000000,-0.421369,-0.018275,0.906705,0.000000,2.073345,-0.186409,-0.130489,1.000000;;
             }

             Frame Bip01-R-Finger31 {
              

              FrameTransformMatrix {
               0.760569,-0.000000,0.649257,0.000000,0.000000,1.000000,0.000000,0.000000,-0.649258,-0.000000,0.760569,0.000000,1.365458,0.000001,0.000002,1.000000;;
              }

              Frame Bip01-R-Finger32 {
               

               FrameTransformMatrix {
                0.978941,-0.000000,0.204143,0.000000,0.000000,1.000000,-0.000000,0.000000,-0.204143,0.000000,0.978941,0.000000,0.768673,0.000000,0.000000,1.000000;;
               }

               Frame Bip01-R-Finger3Nub {
                

                FrameTransformMatrix {
                 -1.000000,-0.000001,0.000000,0.000000,-0.000000,1.000000,0.000000,0.000000,-0.000000,0.000000,-1.000000,0.000000,0.649351,0.000000,0.000002,1.000000;;
                }
               }
              }
             }
            }

            Frame Bip01-R-Finger4 {
             

             FrameTransformMatrix {
              0.885085,-0.251359,0.391718,0.000000,0.224522,0.967810,0.113722,0.000000,-0.407694,-0.012705,0.913031,0.000000,1.882344,-0.690610,0.070721,1.000000;;
             }

             Frame Bip01-R-Finger41 {
              

              FrameTransformMatrix {
               0.785957,0.000000,0.618281,0.000000,0.000000,1.000000,-0.000000,0.000000,-0.618281,0.000000,0.785957,0.000000,1.108315,0.000001,-0.000004,1.000000;;
              }

              Frame Bip01-R-Finger42 {
               

               FrameTransformMatrix {
                0.944871,0.000000,0.327444,0.000000,-0.000000,1.000000,-0.000000,0.000000,-0.327444,0.000000,0.944871,0.000000,0.520342,0.000001,0.000002,1.000000;;
               }

               Frame Bip01-R-Finger4Nub {
                

                FrameTransformMatrix {
                 -1.000001,0.000000,0.000000,0.000000,0.000000,1.000000,0.000000,0.000000,-0.000000,0.000000,-1.000000,0.000000,0.515343,-0.000001,0.000004,1.000000;;
                }
               }
              }
             }
            }

            Frame FxHand01 {
             

             FrameTransformMatrix {
              0.220350,0.936491,0.272822,0.000000,-0.759401,0.340241,-0.554569,0.000000,-0.612173,-0.084982,0.786144,0.000000,1.500002,-0.499999,2.000000,1.000000;;
             }
            }

            Frame R_Sword {
             

             FrameTransformMatrix {
              0.976767,-0.039081,-0.210713,0.000000,0.070767,0.986898,0.145001,0.000000,0.202285,-0.156543,0.966735,0.000000,0.000000,-0.000002,0.000000,1.000000;;
             }
            }
           }

           Frame R_Elbow {
            

            FrameTransformMatrix {
             0.982504,0.000000,0.186241,0.000000,-0.000000,1.000000,-0.000000,0.000000,-0.186241,0.000000,0.982504,0.000000,-0.000002,0.000000,-0.000002,1.000000;;
            }
           }

           Frame Bip01-R-ForeTwist {
            

            FrameTransformMatrix {
             1.000000,0.000000,-0.000000,0.000000,-0.000000,0.999312,-0.037108,0.000000,0.000000,0.037108,0.999311,0.000000,-0.000002,0.000000,-0.000002,1.000000;;
            }
           }
          }

          Frame R_Shoulder {
           

           FrameTransformMatrix {
            0.948342,-0.307756,-0.077029,0.000000,0.311669,0.949121,0.045064,0.000000,0.059241,-0.066743,0.996010,0.000000,0.000002,0.000000,-0.000000,1.000000;;
           }
          }

          Frame R_Shoulder_Twist {
           

           FrameTransformMatrix {
            1.000000,-0.000000,-0.000000,0.000000,-0.000000,1.000000,0.000000,0.000000,0.000000,-0.000000,1.000000,0.000000,0.000002,0.000000,0.000000,1.000000;;
           }
          }
         }
        }
       }

       Frame R_Breast {
        

        FrameTransformMatrix {
         0.063560,0.329543,-0.941999,0.000000,-0.003088,0.943968,0.330024,0.000000,0.997973,-0.018067,0.061016,0.000000,1.272749,-1.452000,1.209911,1.000000;;
        }
       }

       Frame L_Breast {
        

        FrameTransformMatrix {
         -0.063561,0.329545,0.941998,0.000000,0.003087,0.943967,-0.330025,0.000000,-0.997973,-0.018069,-0.061017,0.000000,1.272757,1.451767,1.209908,1.000000;;
        }
       }

       Frame L_spine3 {
        

        FrameTransformMatrix {
         0.980445,0.043404,-0.191946,0.000000,0.044220,-0.999022,-0.000032,0.000000,-0.191760,-0.008456,-0.981405,0.000000,2.104033,3.093147,-0.411915,1.000000;;
        }
       }

       Frame R_spine3 {
        

        FrameTransformMatrix {
         0.980446,-0.043406,-0.191942,0.000000,-0.044220,-0.999022,0.000038,0.000000,-0.191756,0.008450,-0.981406,0.000000,2.104040,-3.093147,-0.411908,1.000000;;
        }
       }
      }

      Frame FxCenter {
       

       FrameTransformMatrix {
        -0.023870,0.000000,0.999715,0.000000,0.999715,-0.000000,0.023870,0.000000,0.000000,1.000000,-0.000000,0.000000,1.000006,-0.000002,0.000000,1.000000;;
       }
      }

      Frame Weapon_Back {
       

       FrameTransformMatrix {
        -0.999294,-0.000000,-0.037550,0.000000,0.000000,-1.000000,0.000000,0.000000,-0.037550,0.000000,0.999295,0.000000,4.711468,-0.000002,-2.809570,1.000000;;
       }
      }
     }
    }

    Frame Bip01-L-Thigh {
     

     FrameTransformMatrix {
      -0.997343,0.010238,0.072129,0.000000,-0.003067,-0.995100,0.098825,0.000000,0.072788,0.098342,0.992487,0.000000,-2.355776,2.566188,0.104821,1.000000;;
     }

     Frame Bip01-L-Calf {
      

      FrameTransformMatrix {
       0.989801,0.000000,-0.142458,0.000000,0.000000,1.000000,0.000002,0.000000,0.142458,-0.000002,0.989801,0.000000,10.047705,-0.000001,0.000000,1.000000;;
      }

      Frame Bip01-L-Foot {
       

       FrameTransformMatrix {
        0.993368,0.006533,0.114794,0.000000,-0.007677,0.999925,0.009526,0.000000,-0.114723,-0.010344,0.993344,0.000000,10.474948,0.000001,0.000001,1.000000;;
       }

       Frame Bip01-L-Toe0 {
        

        FrameTransformMatrix {
         0.005122,-0.000012,0.999987,0.000000,0.000000,1.000000,0.000012,0.000000,-0.999987,0.000000,0.005122,0.000000,3.213932,-0.000023,1.930074,1.000000;;
        }

        Frame Bip01-L-Toe0Nub {
         

         FrameTransformMatrix {
          -1.000000,-0.000000,0.000000,0.000000,-0.000000,1.000000,0.000000,0.000000,-0.000000,0.000000,-1.000000,0.000000,1.879583,0.000000,-0.000000,1.000000;;
         }
        }
       }
      }

      Frame L_Knee {
       

       FrameTransformMatrix {
        0.997447,0.000000,0.071411,0.000000,-0.000000,1.000000,0.000001,0.000000,-0.071411,-0.000001,0.997447,0.000000,0.000001,0.000000,0.000000,1.000000;;
       }
      }

      Frame Bip01-LCalfTwist {
       

       FrameTransformMatrix {
        1.000000,0.000000,-0.000000,0.000000,-0.000000,0.999989,0.004770,0.000000,0.000000,-0.004769,0.999989,0.000000,0.000001,0.000000,0.000000,1.000000;;
       }
      }
     }

     Frame L_Thigh {
      

      FrameTransformMatrix {
       1.000000,0.000000,0.000000,0.000000,-0.000000,1.000000,0.000000,0.000000,-0.000000,-0.000000,1.000000,0.000000,0.000000,-0.000000,0.000000,1.000000;;
      }
     }
    }

    Frame Bip01-R-Thigh {
     

     FrameTransformMatrix {
      -0.997343,-0.010238,0.072130,0.000000,0.003068,-0.995101,-0.098819,0.000000,0.072788,-0.098335,0.992488,0.000000,-2.355778,-2.566190,0.104834,1.000000;;
     }

     Frame Bip01-R-Calf {
      

      FrameTransformMatrix {
       0.989801,-0.000001,-0.142458,0.000000,0.000000,1.000000,-0.000003,0.000000,0.142458,0.000003,0.989801,0.000000,10.047706,-0.000001,-0.000001,1.000000;;
      }

      Frame Bip01-R-Foot {
       

       FrameTransformMatrix {
        0.993368,-0.006533,0.114795,0.000000,0.007676,0.999926,-0.009520,0.000000,-0.114724,0.010338,0.993344,0.000000,10.474942,0.000000,0.000001,1.000000;;
       }

       Frame Bip01-R-Toe0 {
        

        FrameTransformMatrix {
         0.005122,0.000019,0.999987,0.000000,-0.000000,1.000000,-0.000019,0.000000,-0.999987,-0.000000,0.005122,0.000000,3.213933,0.000037,1.930074,1.000000;;
        }

        Frame Bip01-R-Toe0Nub {
         

         FrameTransformMatrix {
          1.000000,0.000000,-0.000000,0.000000,0.000000,1.000000,0.000000,0.000000,0.000000,0.000000,1.000000,0.000000,1.879583,-0.000001,0.000000,1.000000;;
         }
        }
       }
      }

      Frame R_Knee {
       

       FrameTransformMatrix {
        0.997447,0.000000,0.071411,0.000000,-0.000000,1.000001,-0.000001,0.000000,-0.071411,0.000001,0.997447,0.000000,0.000000,0.000000,-0.000000,1.000000;;
       }
      }

      Frame Bip01-RCalfTwist {
       

       FrameTransformMatrix {
        1.000000,-0.000000,0.000000,0.000000,0.000000,0.999989,-0.004770,0.000000,-0.000000,0.004770,0.999989,0.000000,-0.000001,-0.000000,-0.000000,1.000000;;
       }
      }
     }

     Frame R_Thigh {
      

      FrameTransformMatrix {
       1.000000,-0.000000,-0.000000,0.000000,0.000000,1.000000,-0.000003,0.000000,0.000000,0.000003,1.000000,0.000000,0.000000,-0.000001,0.000000,1.000000;;
      }
     }
    }

    Frame Skirt_Dummy {
     

     FrameTransformMatrix {
      -1.000000,0.000001,0.000796,0.000000,-0.000001,-1.000000,0.000002,0.000000,0.000796,0.000002,1.000000,0.000000,-0.033834,-0.000002,-0.263520,1.000000;;
     }
    }
   }
  }
 }
}

Frame Human_F_L08_Body_Skel {
 

 FrameTransformMatrix {
  1.000000,0.000000,0.000000,0.000000,0.000000,1.000000,0.000000,0.000000,0.000000,0.000000,1.000000,0.000000,0.000000,0.000000,0.000000,1.000000;;
 }

 Mesh Human_F_L08_Body_Skel {
  3075;
  1.018147;35.407661;0.593736;,
  0.954700;35.339120;1.057384;,
  0.954700;35.339120;1.057384;,
  2.118977;24.273874;2.629291;,
  1.377599;25.278360;3.839517;,
  2.096263;25.666168;2.636539;,
  1.552288;23.940312;3.819014;,
  0.276968;25.007917;4.455075;,
  0.524007;23.638733;4.504472;,
  -0.359104;24.857414;4.741438;,
  -0.522318;23.784392;4.883377;,
  -0.691242;24.362083;4.874025;,
  -0.128967;23.484571;4.758960;,
  2.096263;25.666168;2.636539;,
  2.489218;25.835243;1.457021;,
  2.284596;25.948429;1.431825;,
  2.294820;25.564024;2.741740;,
  1.545638;25.182477;4.039996;,
  1.377599;25.278360;3.839517;,
  0.385629;24.888075;4.708925;,
  0.276968;25.007917;4.455075;,
  -0.252647;24.724029;5.004179;,
  -0.359104;24.857414;4.741438;,
  -0.691242;24.362083;4.874025;,
  -0.492252;24.391483;5.103662;,
  -0.522318;23.784392;4.883377;,
  0.007883;23.572715;4.988681;,
  0.641136;23.719870;4.719499;,
  1.707079;24.044117;3.993899;,
  2.292282;24.374579;2.752234;,
  2.438945;24.608318;1.515496;,
  2.577751;26.114710;-0.016458;,
  2.373220;26.221685;0.000991;,
  2.105741;25.480158;-1.949291;,
  2.061211;26.682987;-2.659593;,
  2.323704;26.442402;-1.654318;,
  2.472651;26.259840;-0.810004;,
  2.380352;25.134760;-1.014765;,
  2.488786;24.801293;-0.016802;,
  2.252226;24.518608;1.461554;,
  2.118977;24.273874;2.629291;,
  1.552288;23.940312;3.819014;,
  2.271860;26.369890;-0.768108;,
  2.122102;26.548515;-1.598902;,
  1.879033;26.765000;-2.558056;,
  1.296500;26.847037;-3.362903;,
  1.161645;26.923642;-3.166343;,
  0.066423;26.875283;-3.538260;,
  1.197526;25.873534;-3.684584;,
  2.071594;25.629736;-2.909551;,
  2.047229;24.530221;-2.047103;,
  2.214139;24.205357;-1.033143;,
  2.350741;23.987288;0.000000;,
  2.154238;23.113056;0.608272;,
  2.223850;23.106978;0.000000;,
  2.225683;23.923922;0.804832;,
  2.269046;24.213158;1.069238;,
  2.089262;23.264678;1.315957;,
  1.892135;22.433371;0.513184;,
  1.934525;22.372456;0.000000;,
  1.912084;22.432234;-0.510707;,
  1.378540;22.058646;-0.447135;,
  2.020987;22.687349;-1.261639;,
  2.128530;23.329861;2.035499;,
  2.073839;23.748920;1.665603;,
  2.068323;23.538701;-2.189379;,
  2.077547;23.208973;-1.299324;,
  2.200573;23.113056;-0.608271;,
  1.976764;24.277099;-3.088165;,
  2.073050;23.196611;-3.201077;,
  1.141078;23.330402;-4.195256;,
  1.111345;24.522536;-4.027906;,
  1.133397;25.304541;-3.845970;,
  -0.134905;25.866627;-3.859500;,
  1.243769;25.812594;-3.793430;,
  2.012411;25.028429;-2.955505;,
  -0.204858;25.356621;-4.051766;,
  -1.180167;25.758885;-3.553350;,
  -0.125289;25.926880;-3.757232;,
  -1.032517;26.770491;-3.274318;,
  -1.931371;26.588678;-2.668403;,
  -2.049229;25.604939;-3.027997;,
  -2.425047;26.419910;-1.938822;,
  -2.652594;25.439634;-2.196718;,
  -2.707005;26.238603;-1.105319;,
  -2.592391;26.118424;-0.293628;,
  -2.496462;26.276710;-1.071974;,
  -2.230485;26.452914;-1.863078;,
  -1.772378;26.617219;-2.528083;,
  -0.959096;26.811531;-3.071314;,
  0.058030;26.921626;-3.295550;,
  -3.054164;25.062542;-0.670885;,
  -2.807280;26.076088;-0.307568;,
  -2.897532;23.823923;-0.000000;,
  -3.175196;23.433544;-0.489956;,
  -2.840885;23.460997;-0.000000;,
  -3.167117;23.897253;-0.445963;,
  -2.940049;24.352571;-0.004374;,
  -3.121842;24.373373;-0.415728;,
  -2.979362;24.925888;-0.008419;,
  -2.811392;26.033363;-0.036799;,
  -3.125393;24.805630;0.516336;,
  -2.825208;25.889803;0.872928;,
  -2.610201;25.939266;0.872418;,
  -2.596462;26.077469;-0.027097;,
  -2.438452;25.760939;2.097712;,
  -2.103417;25.562000;2.935822;,
  -1.948243;25.620781;2.788678;,
  -2.636789;25.701211;2.195690;,
  -3.122583;24.359646;0.401366;,
  -3.168015;24.696384;1.002274;,
  -2.993036;24.441549;2.464963;,
  -2.276858;24.298512;3.249330;,
  -1.168415;25.425451;3.599088;,
  -1.067007;25.494541;3.410500;,
  -3.167117;23.897251;0.445963;,
  -1.238821;24.145824;3.907540;,
  -0.017018;23.960026;4.063350;,
  -0.018157;24.084766;4.241827;,
  -1.179624;24.014901;3.746224;,
  -2.178635;24.159214;3.114338;,
  -2.847448;24.302450;2.385388;,
  -3.058472;24.433669;1.686682;,
  -3.186550;24.418018;0.924805;,
  -3.193904;24.033381;1.793017;,
  -3.247072;23.964533;1.013536;,
  -3.243481;23.476842;1.115509;,
  -3.180534;23.441638;0.491462;,
  -3.121500;22.974547;0.543889;,
  -2.785622;23.106931;-0.000000;,
  -3.208966;23.544189;1.924702;,
  -3.194883;22.971378;1.220740;,
  -3.146240;23.099762;2.044521;,
  -3.025960;22.665720;2.164363;,
  -2.202558;22.588814;-0.000000;,
  -2.645340;22.770899;-0.091333;,
  -2.530799;22.496523;-0.165907;,
  -2.428837;22.789893;-0.000000;,
  -2.649525;22.780922;0.088608;,
  -2.918242;22.617258;0.619094;,
  -3.030422;22.590589;1.294803;,
  -2.785544;22.103440;1.567773;,
  -2.530799;22.496523;0.165907;,
  -2.595442;22.253672;0.602983;,
  -2.244742;21.745461;0.935914;,
  -2.057308;21.970322;0.439714;,
  -1.167052;21.863474;0.464250;,
  -0.996881;22.006714;0.239654;,
  -1.452868;22.216974;-0.000000;,
  -2.057308;22.004005;-0.404848;,
  -1.006414;19.523610;0.676637;,
  0.275688;17.985843;0.814973;,
  -0.994090;18.029064;0.902333;,
  0.273224;19.497307;0.547644;,
  -1.106657;21.259669;0.566518;,
  0.272876;21.160309;0.368951;,
  0.284763;21.884360;0.322535;,
  0.271230;21.932830;0.184484;,
  -0.935996;22.086586;-0.000000;,
  -2.270354;19.861634;3.130461;,
  -2.059243;18.142237;1.916772;,
  -2.004236;18.234195;3.135549;,
  -2.320789;19.764150;1.835562;,
  -1.765406;18.119483;1.277781;,
  -1.880431;19.643507;1.127318;,
  -1.970040;21.187166;1.001938;,
  -1.597015;17.291643;3.524348;,
  -1.682015;18.257195;3.613926;,
  -1.868074;17.278163;3.056304;,
  -1.898465;17.188581;1.843432;,
  -1.737539;17.172918;1.423523;,
  -1.085056;17.072597;0.994114;,
  0.034394;17.022566;0.934556;,
  -1.115225;18.286373;4.021923;,
  -1.085634;17.309126;3.929852;,
  -0.837609;17.301192;4.054702;,
  -1.657125;19.953520;3.845320;,
  -2.849332;22.249640;2.391321;,
  -2.584578;21.611811;2.417438;,
  -2.493872;21.793469;2.952527;,
  -2.447061;21.230526;3.019597;,
  -2.435359;22.200350;3.366915;,
  -2.088419;21.401786;3.610416;,
  -2.455522;21.190158;2.458410;,
  -2.466416;21.138187;1.735886;,
  -2.451697;21.629994;1.710547;,
  1.324686;25.480397;3.824561;,
  1.104751;24.221699;4.015443;,
  0.021741;25.378048;3.974570;,
  0.022218;25.456974;3.763462;,
  1.187209;25.570158;3.623206;,
  2.088939;25.666168;2.636539;,
  2.111652;24.273874;2.629291;,
  1.110774;24.103355;3.885597;,
  1.134180;29.367123;2.389148;,
  1.017039;29.299552;2.447581;,
  1.140151;29.319146;2.385832;,
  1.011076;29.347514;2.450904;,
  0.604024;30.459715;2.628882;,
  0.473829;30.392963;2.646064;,
  0.609603;30.412003;2.622480;,
  0.468255;30.440666;2.652473;,
  -2.129392;31.439056;-0.050828;,
  -2.172695;31.368086;0.782694;,
  -2.167819;31.789293;0.029348;,
  -2.073865;31.016874;0.721027;,
  -1.896731;31.116339;1.328063;,
  -1.765566;30.688147;1.418776;,
  -1.484190;30.805981;1.981869;,
  -1.498693;30.455469;1.909470;,
  -0.961196;30.286742;2.266845;,
  -0.927388;30.651424;2.316941;,
  -0.439641;30.226707;2.414411;,
  -0.363950;30.577338;2.442476;,
  0.184706;30.259290;2.519876;,
  0.229651;30.587872;2.549019;,
  0.901836;30.327709;2.492609;,
  0.927543;30.648938;2.533211;,
  1.573846;30.470931;2.149326;,
  1.531283;30.791418;2.197612;,
  1.968040;30.966621;1.534263;,
  2.010602;30.646134;1.485977;,
  -2.832193;24.998494;-0.317932;,
  -2.691714;24.970453;-0.121941;,
  -2.470088;25.445917;-0.187067;,
  -2.910535;25.085832;-0.776194;,
  -1.807838;27.149232;-0.000000;,
  -2.189871;26.354341;-0.511536;,
  -2.214270;26.376938;-0.000000;,
  -2.361974;25.868525;-0.314898;,
  -2.391452;25.808931;-0.000000;,
  -2.450033;25.410248;-0.000000;,
  -2.541570;24.954659;-0.066441;,
  -2.826773;24.358338;-0.059866;,
  -3.096994;24.371822;-0.375775;,
  -2.510725;24.941200;-0.000000;,
  -2.516701;24.373150;-0.000000;,
  -2.049598;26.300750;-1.846661;,
  -2.777491;25.205666;-1.562170;,
  -2.199492;26.210102;-1.194510;,
  -2.378966;25.848888;-0.505789;,
  -1.790708;27.174880;-0.311287;,
  -1.716979;27.245293;-0.879877;,
  -1.493394;27.403606;-1.527229;,
  -1.210206;27.529126;-2.167021;,
  -1.729978;26.252330;-2.528620;,
  -0.680344;27.392234;-2.801506;,
  -0.879485;26.112478;-3.192617;,
  -1.909653;25.367770;-2.962761;,
  -1.048631;25.157565;-3.456531;,
  -2.031534;24.749976;-3.216368;,
  -2.098282;24.308533;-3.353487;,
  -1.034812;28.559712;-1.890612;,
  -1.336521;28.655709;-1.291849;,
  -0.484542;28.387408;-2.483707;,
  -0.557320;29.431590;-2.216961;,
  -1.028719;29.413488;-1.843485;,
  -1.360353;29.615155;-1.357403;,
  -1.455307;28.711709;-0.586825;,
  -1.563803;29.666541;-0.583901;,
  -1.479214;28.677123;-0.202095;,
  -1.490299;31.382803;-2.172449;,
  -0.789278;30.859677;-2.342434;,
  -1.490600;30.197722;-1.483275;,
  -2.074655;31.161789;-0.716471;,
  -1.572133;29.647306;-0.206389;,
  -1.478061;28.658954;-0.000000;,
  -1.574743;29.636790;-0.000000;,
  -2.061304;31.289296;-0.324617;,
  -2.376493;32.338214;-1.045389;,
  -2.529576;33.407578;-1.326098;,
  -1.654921;32.349098;-2.439404;,
  -2.623485;33.939706;-1.911844;,
  -2.050244;31.394928;-0.000000;,
  -2.393653;32.548826;-0.489733;,
  -2.408777;32.734445;-0.000000;,
  -2.556990;33.570838;-0.663048;,
  -2.584404;33.734099;-0.000000;,
  -2.086629;36.887299;-1.150744;,
  -2.258382;36.323034;-2.023924;,
  -2.519670;36.191174;-1.282311;,
  -2.599723;35.524864;-2.168005;,
  -2.730163;35.294464;-1.410824;,
  -2.425762;34.380896;-2.605875;,
  -1.832098;33.184326;-2.646812;,
  -1.296502;32.935027;-2.741377;,
  -2.041525;33.694483;-2.813581;,
  -2.386837;34.666342;-3.049060;,
  -2.037539;34.225171;-3.212677;,
  -1.290197;33.560928;-3.042513;,
  -0.854436;32.792035;-2.801064;,
  -0.916064;31.927930;-2.594744;,
  -0.903126;33.839590;-2.804319;,
  -1.286878;33.995782;-3.193887;,
  -0.954611;34.079680;-3.229086;,
  -1.257150;37.540150;-1.206770;,
  -1.710605;38.043866;-0.860491;,
  -1.167019;38.030038;-1.093653;,
  -1.375822;37.242438;-1.481573;,
  -1.895593;37.451392;-1.006354;,
  -1.546332;36.933014;-2.086109;,
  -2.158006;36.290221;-2.721592;,
  -2.443427;35.548554;-2.855158;,
  -1.529832;36.718736;-2.753798;,
  -1.571279;38.640915;-0.808922;,
  -1.123324;38.572541;-1.045326;,
  -1.814715;38.630048;-0.373242;,
  -1.912055;38.070899;-0.360750;,
  -2.096163;37.413296;-0.406584;,
  -2.297546;36.716154;-0.538952;,
  -1.545049;38.983197;-0.778809;,
  -1.157175;38.986384;-1.067444;,
  -1.830541;38.972410;-0.386967;,
  -1.891149;38.968630;-0.000000;,
  -1.874868;38.592144;-0.000000;,
  -2.008195;38.066829;-0.000000;,
  -2.200471;37.423437;-0.000000;,
  -2.330925;36.709402;-0.183046;,
  -2.348092;36.705920;-0.000000;,
  0.272876;21.160309;0.368951;,
  0.985345;19.500379;0.745937;,
  0.273224;19.497307;0.547644;,
  0.284763;21.884360;0.322535;,
  1.223168;21.155245;0.605513;,
  1.724522;19.562890;1.232221;,
  1.962348;21.285256;1.238166;,
  2.123631;19.694736;2.117341;,
  1.307327;21.906086;0.539018;,
  0.271230;21.932830;0.184484;,
  1.378540;22.055890;0.451143;,
  0.277675;21.894106;0.000000;,
  1.421020;21.969397;0.000000;,
  2.069757;22.252768;1.284079;,
  2.280370;21.583082;2.298618;,
  2.052519;19.871686;3.154441;,
  2.036245;22.676486;1.282208;,
  2.168318;21.535942;3.176570;,
  2.183753;22.878715;2.363134;,
  0.275688;17.985843;0.814973;,
  1.218132;17.917608;1.188231;,
  1.741053;17.930578;1.973776;,
  1.826791;17.987925;3.028450;,
  1.033114;18.126030;3.949015;,
  1.713852;19.932205;3.615882;,
  0.925531;16.963760;1.158859;,
  0.034394;17.022566;0.934556;,
  1.492171;16.962411;1.881863;,
  1.680457;17.012862;2.904249;,
  0.885086;17.126005;3.711160;,
  0.519432;17.174083;3.921834;,
  2.376245;26.183234;0.000000;,
  2.005712;27.600026;-0.752123;,
  2.129577;27.601904;0.000000;,
  2.320781;26.163686;-0.583366;,
  2.203858;24.177355;-1.003971;,
  2.472967;24.818906;0.000000;,
  2.278810;23.972584;0.000000;,
