xof 0303txt 0032
template ColorRGBA {
 <35ff44e0-6c7c-11cf-8f52-0040333594a3>
 FLOAT red;
 FLOAT green;
 FLOAT blue;
 FLOAT alpha;
}

template ColorRGB {
 <d3e16e81-7835-11cf-8f52-0040333594a3>
 FLOAT red;
 FLOAT green;
 FLOAT blue;
}

template Material {
 <3d82ab4d-62da-11cf-ab39-0020af71e433>
 ColorRGBA faceColor;
 FLOAT power;
 ColorRGB specularColor;
 ColorRGB emissiveColor;
 [...]
}

template TextureFilename {
 <a42790e1-7810-11cf-8f52-0040333594a3>
 STRING filename;
}

template Frame {
 <3d82ab46-62da-11cf-ab39-0020af71e433>
 [...]
}

template Matrix4x4 {
 <f6f23f45-7686-11cf-8f52-0040333594a3>
 array FLOAT matrix[16];
}

template FrameTransformMatrix {
 <f6f23f41-7686-11cf-8f52-0040333594a3>
 Matrix4x4 frameMatrix;
}

template Vector {
 <3d82ab5e-62da-11cf-ab39-0020af71e433>
 FLOAT x;
 FLOAT y;
 FLOAT z;
}

template MeshFace {
 <3d82ab5f-62da-11cf-ab39-0020af71e433>
 DWORD nFaceVertexIndices;
 array DWORD faceVertexIndices[nFaceVertexIndices];
}

template Mesh {
 <3d82ab44-62da-11cf-ab39-0020af71e433>
 DWORD nVertices;
 array Vector vertices[nVertices];
 DWORD nFaces;
 array MeshFace faces[nFaces];
 [...]
}

template MeshNormals {
 <f6f23f43-7686-11cf-8f52-0040333594a3>
 DWORD nNormals;
 array Vector normals[nNormals];
 DWORD nFaceNormals;
 array MeshFace faceNormals[nFaceNormals];
}

template MeshMaterialList {
 <f6f23f42-7686-11cf-8f52-0040333594a3>
 DWORD nMaterials;
 DWORD nFaceIndexes;
 array DWORD faceIndexes[nFaceIndexes];
 [Material <3d82ab4d-62da-11cf-ab39-0020af71e433>]
}

template Coords2d {
 <f6f23f44-7686-11cf-8f52-0040333594a3>
 FLOAT u;
 FLOAT v;
}

template MeshTextureCoords {
 <f6f23f40-7686-11cf-8f52-0040333594a3>
 DWORD nTextureCoords;
 array Coords2d textureCoords[nTextureCoords];
}

template XSkinMeshHeader {
 <3cf169ce-ff7c-44ab-93c0-f78f62d172e2>
 WORD nMaxSkinWeightsPerVertex;
 WORD nMaxSkinWeightsPerFace;
 WORD nBones;
}

template SkinWeights {
 <6f0d123b-bad2-4167-a0d0-80224f25fabb>
 STRING transformNodeName;
 DWORD nWeights;
 array DWORD vertexIndices[nWeights];
 array FLOAT weights[nWeights];
 Matrix4x4 matrixOffset;
}


Material Material__35 {
 1.000000;1.000000;1.000000;1.000000;;
 10.000000;
 0.000000;0.000000;0.000000;;
 0.000000;0.000000;0.000000;;

 TextureFilename {
  "Human_F_L09_Body_diff.dds";
 }
}

Frame Dummy_root {
 

 FrameTransformMatrix {
  1.000000,0.000000,0.000000,0.000000,0.000000,1.000000,0.000000,0.000000,0.000000,0.000000,1.000000,0.000000,0.000000,23.000000,0.000000,1.000000;;
 }

 Frame FxBottom {
  

  FrameTransformMatrix {
   1.000000,0.000000,0.000000,0.000000,0.000000,1.000000,0.000000,0.000000,-0.000000,0.000000,1.000000,0.000000,0.000000,-23.000000,-0.000000,1.000000;;
  }
 }

 Frame Bip01 {
  

  FrameTransformMatrix {
   1.000000,0.000000,0.000001,0.000000,0.000000,1.000000,0.000000,0.000000,-0.000001,0.000000,1.000000,0.000000,-0.194762,0.659397,0.000000,1.000000;;
  }

  Frame Bip01-Pelvis {
   

   FrameTransformMatrix {
    0.000001,1.000000,-0.000001,0.000000,-0.000001,0.000001,1.000000,0.000000,1.000000,-0.000001,0.000001,0.000000,0.000000,0.000000,0.000000,1.000000;;
   }

   Frame Bip01-Spine {
    

    FrameTransformMatrix {
     0.999030,0.000001,0.044033,0.000000,-0.000001,1.000000,0.000003,0.000000,-0.044033,-0.000003,0.999030,0.000000,2.358109,0.000003,-0.000993,1.000000;;
    }

    Frame Bip01-Spine1 {
     

     FrameTransformMatrix {
      0.998814,0.000000,0.048692,0.000000,-0.000000,1.000000,0.000001,0.000000,-0.048693,-0.000002,0.998814,0.000000,0.209326,-0.000000,-0.002766,1.000000;;
     }

     Frame Bip01-Spine2 {
      

      FrameTransformMatrix {
       0.993206,-0.000000,-0.116369,0.000000,0.000000,1.000000,0.000001,0.000000,0.116369,-0.000001,0.993206,0.000000,3.478325,0.000000,-0.001152,1.000000;;
      }

      Frame Bip01-Spine3 {
       

       FrameTransformMatrix {
        0.996891,-0.000001,-0.078797,0.000000,0.000000,1.000000,-0.000001,0.000000,0.078797,0.000001,0.996891,0.000000,1.456829,-0.000000,-0.004309,1.000000;;
       }

       Frame Bip01-Neck {
        

        FrameTransformMatrix {
         0.976813,0.000001,0.214094,0.000000,-0.000001,1.000000,-0.000000,0.000000,-0.214094,0.000000,0.976813,0.000000,5.539909,0.000000,-0.690872,1.000000;;
        }

        Frame Bip01-Head {
         

         FrameTransformMatrix {
          0.999958,-0.000000,-0.009206,0.000000,0.000000,1.000000,-0.000000,0.000000,0.009206,0.000000,0.999958,0.000000,2.474251,-0.000000,0.000001,1.000000;;
         }

         Frame Bip01-HeadNub {
          

          FrameTransformMatrix {
           1.000000,-0.000000,0.000000,0.000000,0.000000,1.000000,0.000001,0.000000,0.000000,-0.000001,1.000000,0.000000,4.628929,-0.000000,-0.000001,1.000000;;
          }
         }

         Frame FxTop {
          

          FrameTransformMatrix {
           0.103621,0.000001,0.994617,0.000000,0.994617,-0.000000,-0.103621,0.000000,0.000000,1.000000,-0.000001,0.000000,4.500027,-0.000004,-0.000000,1.000000;;
          }
         }
        }

        Frame Bip01-L-Clavicle {
         

         FrameTransformMatrix {
          -0.249953,0.966696,0.054990,0.000000,0.944116,0.255930,-0.207716,0.000000,-0.214872,-0.000002,-0.976642,0.000000,-0.753037,0.957158,0.028458,1.000000;;
         }

         Frame Bip01-L-UpperArm {
          

          FrameTransformMatrix {
           0.798871,-0.594050,0.094384,0.000000,0.578814,0.801906,0.148056,0.000000,-0.163640,-0.063647,0.984465,0.000000,2.305935,-0.000004,0.000001,1.000000;;
          }

          Frame Bip01-L-Forearm {
           

           FrameTransformMatrix {
            0.930629,0.000000,-0.365965,0.000000,0.000000,1.000000,-0.000000,0.000000,0.365965,0.000000,0.930629,0.000000,6.131239,0.000000,0.000000,1.000000;;
           }

           Frame Bip01-L-Hand {
            

            FrameTransformMatrix {
             0.989065,-0.040580,0.141786,0.000000,-0.144470,-0.073387,0.986784,0.000000,-0.029638,-0.996478,-0.078447,0.000000,6.144234,0.000002,-0.000002,1.000000;;
            }

            Frame Bip01-L-Finger0 {
             

             FrameTransformMatrix {
              0.722826,-0.531683,0.441403,0.000000,0.371542,-0.239557,-0.896978,0.000000,0.582649,0.812358,0.024384,0.000000,0.431654,-0.683447,0.267918,1.000000;;
             }

             Frame Bip01-L-Finger01 {
              

              FrameTransformMatrix {
               0.985852,0.000000,0.167616,0.000000,-0.000000,1.000000,-0.000001,0.000000,-0.167616,0.000000,0.985852,0.000000,1.065222,0.000006,0.000000,1.000000;;
              }

              Frame Bip01-L-Finger02 {
               

               FrameTransformMatrix {
                0.950837,-0.000000,0.309691,0.000000,0.000000,1.000000,0.000000,0.000000,-0.309691,-0.000000,0.950837,0.000000,0.739172,-0.000004,0.000000,1.000000;;
               }

               Frame Bip01-L-Finger0Nub {
                

                FrameTransformMatrix {
                 1.000000,0.000000,-0.000000,0.000000,-0.000000,1.000000,-0.000000,0.000000,0.000000,0.000000,1.000000,0.000000,0.862501,-0.000002,-0.000001,1.000000;;
                }
               }
              }
             }
            }

            Frame Bip01-L-Finger1 {
             

             FrameTransformMatrix {
              0.890676,0.007232,0.454582,0.000000,0.005919,0.999604,-0.027500,0.000000,-0.454601,0.027185,0.890280,0.000000,2.096303,-0.862210,-0.077713,1.000000;;
             }

             Frame Bip01-L-Finger11 {
              

              FrameTransformMatrix {
               0.877627,-0.000000,0.479344,0.000000,0.000000,1.000000,-0.000000,0.000000,-0.479344,0.000000,0.877627,0.000000,1.331196,0.000002,0.000001,1.000000;;
              }

              Frame Bip01-L-Finger12 {
               

               FrameTransformMatrix {
                0.932920,-0.000000,0.360082,0.000000,0.000000,1.000000,0.000000,0.000000,-0.360082,-0.000000,0.932921,0.000000,0.723097,-0.000002,-0.000000,1.000000;;
               }

               Frame Bip01-L-Finger1Nub {
                

                FrameTransformMatrix {
                 1.000000,-0.000000,-0.000000,0.000000,-0.000000,1.000000,0.000000,0.000000,-0.000000,-0.000000,1.000000,0.000000,0.679667,0.000002,0.000001,1.000000;;
                }
               }
              }
             }
            }

            Frame Bip01-L-Finger2 {
             

             FrameTransformMatrix {
              0.882745,0.035112,0.468540,0.000000,-0.013270,0.998669,-0.049838,0.000000,-0.469666,0.037777,0.882035,0.000000,2.179714,-0.283319,-0.116974,1.000000;;
             }

             Frame Bip01-L-Finger21 {
              

              FrameTransformMatrix {
               0.795542,-0.000000,0.605899,0.000000,0.000000,1.000000,0.000000,0.000000,-0.605899,-0.000000,0.795542,0.000000,1.406771,0.000000,-0.000003,1.000000;;
              }

              Frame Bip01-L-Finger22 {
               

               FrameTransformMatrix {
                0.981120,0.000000,0.193399,0.000000,-0.000000,1.000000,0.000000,0.000000,-0.193399,-0.000000,0.981120,0.000000,0.840509,0.000001,0.000002,1.000000;;
               }

               Frame Bip01-L-Finger2Nub {
                

                FrameTransformMatrix {
                 1.000000,0.000000,0.000000,0.000000,-0.000000,1.000000,-0.000000,0.000000,0.000000,0.000000,1.000001,0.000000,0.664879,-0.000001,0.000000,1.000000;;
                }
               }
              }
             }
            }

            Frame Bip01-L-Finger3 {
             

             FrameTransformMatrix {
              0.896787,0.157212,0.413591,0.000000,-0.134986,0.987396,-0.082634,0.000000,-0.421369,0.018276,0.906705,0.000000,2.073352,0.186407,-0.130489,1.000000;;
             }

             Frame Bip01-L-Finger31 {
              

              FrameTransformMatrix {
               0.760569,0.000000,0.649258,0.000000,0.000001,1.000000,-0.000001,0.000000,-0.649258,0.000001,0.760569,0.000000,1.365459,0.000000,0.000004,1.000000;;
              }

              Frame Bip01-L-Finger32 {
               

               FrameTransformMatrix {
                0.978941,-0.000000,0.204143,0.000000,0.000000,1.000000,0.000000,0.000000,-0.204143,-0.000000,0.978941,0.000000,0.768663,0.000001,0.000001,1.000000;;
               }

               Frame Bip01-L-Finger3Nub {
                

                FrameTransformMatrix {
                 1.000000,0.000000,-0.000000,0.000000,-0.000000,1.000000,0.000000,0.000000,0.000000,0.000000,1.000000,0.000000,0.649355,-0.000001,0.000002,1.000000;;
                }
               }
              }
             }
            }

            Frame Bip01-L-Finger4 {
             

             FrameTransformMatrix {
              0.885086,0.251358,0.391718,0.000000,-0.224521,0.967811,-0.113722,0.000000,-0.407693,0.012705,0.913030,0.000000,1.882343,0.690607,0.070721,1.000000;;
             }

             Frame Bip01-L-Finger41 {
              

              FrameTransformMatrix {
               0.785957,-0.000000,0.618281,0.000000,0.000000,1.000000,-0.000000,0.000000,-0.618281,0.000000,0.785957,0.000000,1.108320,0.000000,-0.000002,1.000000;;
              }

              Frame Bip01-L-Finger42 {
               

               FrameTransformMatrix {
                0.944870,-0.000000,0.327444,0.000000,0.000000,1.000000,0.000000,0.000000,-0.327444,-0.000000,0.944871,0.000000,0.520336,-0.000000,0.000001,1.000000;;
               }

               Frame Bip01-L-Finger4Nub {
                

                FrameTransformMatrix {
                 1.000000,-0.000000,0.000000,0.000000,-0.000000,1.000000,0.000000,0.000000,-0.000000,0.000000,1.000000,0.000000,0.515341,0.000000,-0.000003,1.000000;;
                }
               }
              }
             }
            }

            Frame FxHand00 {
             

             FrameTransformMatrix {
              0.220347,-0.936490,0.272824,0.000000,-0.759402,-0.340240,-0.554568,0.000000,0.612174,-0.084986,-0.786143,0.000000,1.500003,0.499999,2.000000,1.000000;;
             }
            }

            Frame L_Sword {
             

             FrameTransformMatrix {
              0.976767,0.039081,-0.210713,0.000000,0.070766,-0.986897,0.145000,0.000000,-0.202285,-0.156543,-0.966734,0.000000,0.000001,-0.000001,0.000000,1.000000;;
             }
            }
           }

           Frame L_Elbow {
            

            FrameTransformMatrix {
             0.982504,-0.000000,0.186241,0.000000,-0.000000,1.000000,0.000000,0.000000,-0.186241,-0.000000,0.982504,0.000000,-0.000006,0.000000,0.000001,1.000000;;
            }
           }

           Frame L_Shield {
            

            FrameTransformMatrix {
             1.000000,-0.000001,0.000000,0.000000,0.000000,1.000000,0.000000,0.000000,0.000000,-0.000000,1.000000,0.000000,2.499998,2.500004,-0.000001,1.000000;;
            }
           }

           Frame Bip01-L-ForeTwist {
            

            FrameTransformMatrix {
             1.000000,0.000000,-0.000000,0.000000,-0.000000,0.999311,0.037108,0.000000,0.000000,-0.037108,0.999311,0.000000,-0.000006,0.000000,0.000001,1.000000;;
            }
           }
          }

          Frame L_Shoulder {
           

           FrameTransformMatrix {
            0.948343,0.307755,-0.077028,0.000000,-0.311669,0.949122,-0.045063,0.000000,0.059241,0.066743,0.996010,0.000000,0.000000,0.000000,0.000000,1.000000;;
           }
          }

          Frame L_Shoulder_Twist {
           

           FrameTransformMatrix {
            1.000000,0.000000,0.000000,0.000000,-0.000000,1.000000,-0.000000,0.000000,-0.000000,0.000000,1.000000,0.000000,0.000000,0.000000,-0.000000,1.000000;;
           }
          }
         }
        }

        Frame Bip01-R-Clavicle {
         

         FrameTransformMatrix {
          -0.249952,-0.966695,0.054995,0.000000,-0.944116,0.255931,0.207715,0.000000,-0.214872,-0.000003,-0.976642,0.000000,-0.753037,-0.957160,0.028462,1.000000;;
         }

         Frame Bip01-R-UpperArm {
          

          FrameTransformMatrix {
           0.798872,0.594050,0.094384,0.000000,-0.578815,0.801906,-0.148056,0.000000,-0.163639,0.063647,0.984465,0.000000,2.305938,0.000004,0.000001,1.000000;;
          }

          Frame Bip01-R-Forearm {
           

           FrameTransformMatrix {
            0.930629,-0.000000,-0.365965,0.000000,0.000000,1.000000,-0.000000,0.000000,0.365965,-0.000000,0.930629,0.000000,6.131231,0.000002,0.000003,1.000000;;
           }

           Frame Bip01-R-Hand {
            

            FrameTransformMatrix {
             0.989065,0.040580,0.141786,0.000000,0.144470,-0.073387,-0.986784,0.000000,-0.029639,0.996478,-0.078447,0.000000,6.144242,0.000002,-0.000001,1.000000;;
            }

            Frame Bip01-R-Finger0 {
             

             FrameTransformMatrix {
              0.722826,0.531684,0.441402,0.000000,-0.371541,-0.239557,0.896978,0.000000,0.582649,-0.812358,0.024385,0.000000,0.431653,0.683446,0.267916,1.000000;;
             }

             Frame Bip01-R-Finger01 {
              

              FrameTransformMatrix {
               0.985852,0.000000,0.167616,0.000000,-0.000000,1.000000,-0.000000,0.000000,-0.167616,-0.000000,0.985852,0.000000,1.065222,-0.000004,0.000000,1.000000;;
              }

              Frame Bip01-R-Finger02 {
               

               FrameTransformMatrix {
                0.950837,0.000000,0.309691,0.000000,0.000000,1.000000,-0.000000,0.000000,-0.309691,0.000001,0.950837,0.000000,0.739165,0.000004,-0.000001,1.000000;;
               }

               Frame Bip01-R-Finger0Nub {
                

                FrameTransformMatrix {
                 -1.000000,0.000000,0.000000,0.000000,0.000000,1.000000,-0.000000,0.000000,-0.000000,-0.000000,-1.000000,0.000000,0.862505,-0.000002,0.000000,1.000000;;
                }
               }
              }
             }
            }

            Frame Bip01-R-Finger1 {
             

             FrameTransformMatrix {
              0.890676,-0.007232,0.454582,0.000000,-0.005918,0.999604,0.027500,0.000000,-0.454601,-0.027184,0.890281,0.000000,2.096302,0.862207,-0.077709,1.000000;;
             }

             Frame Bip01-R-Finger11 {
              

              FrameTransformMatrix {
               0.877627,0.000000,0.479344,0.000000,-0.000000,1.000000,-0.000000,0.000000,-0.479344,-0.000000,0.877627,0.000000,1.331190,0.000002,-0.000006,1.000000;;
              }

              Frame Bip01-R-Finger12 {
               

               FrameTransformMatrix {
                0.932920,-0.000000,0.360082,0.000000,0.000000,1.000000,-0.000000,0.000000,-0.360082,0.000000,0.932920,0.000000,0.723101,0.000000,0.000003,1.000000;;
               }

               Frame Bip01-R-Finger1Nub {
                

                FrameTransformMatrix {
                 -1.000000,-0.000000,0.000000,0.000000,-0.000000,1.000000,-0.000001,0.000000,-0.000000,-0.000001,-1.000000,0.000000,0.679665,0.000000,0.000002,1.000000;;
                }
               }
              }
             }
            }

            Frame Bip01-R-Finger2 {
             

             FrameTransformMatrix {
              0.882745,-0.035112,0.468540,0.000000,0.013271,0.998670,0.049837,0.000000,-0.469666,-0.037775,0.882036,0.000000,2.179710,0.283315,-0.116970,1.000000;;
             }

             Frame Bip01-R-Finger21 {
              

              FrameTransformMatrix {
               0.795542,-0.000000,0.605898,0.000000,0.000000,1.000000,-0.000000,0.000000,-0.605898,0.000000,0.795542,0.000000,1.406755,0.000001,-0.000002,1.000000;;
              }

              Frame Bip01-R-Finger22 {
               

               FrameTransformMatrix {
                0.981120,-0.000000,0.193399,0.000000,0.000000,1.000000,0.000000,0.000000,-0.193399,0.000000,0.981120,0.000000,0.840508,-0.000001,-0.000003,1.000000;;
               }

               Frame Bip01-R-Finger2Nub {
                

                FrameTransformMatrix {
                 -1.000000,0.000000,-0.000000,0.000000,0.000000,1.000000,0.000000,0.000000,0.000000,0.000000,-1.000001,0.000000,0.664875,0.000001,-0.000001,1.000000;;
                }
               }
              }
             }
            }

            Frame Bip01-R-Finger3 {
             

             FrameTransformMatrix {
              0.896787,-0.157212,0.413592,0.000000,0.134986,0.987396,0.082633,0.000000,-0.421369,-0.018275,0.906705,0.000000,2.073341,-0.186412,-0.130487,1.000000;;
             }

             Frame Bip01-R-Finger31 {
              

              FrameTransformMatrix {
               0.760568,0.000000,0.649258,0.000000,-0.000000,1.000000,-0.000000,0.000000,-0.649257,0.000000,0.760569,0.000000,1.365456,0.000001,-0.000002,1.000000;;
              }

              Frame Bip01-R-Finger32 {
               

               FrameTransformMatrix {
                0.978941,-0.000000,0.204143,0.000000,0.000000,1.000000,-0.000000,0.000000,-0.204143,0.000000,0.978942,0.000000,0.768673,-0.000002,-0.000001,1.000000;;
               }

               Frame Bip01-R-Finger3Nub {
                

                FrameTransformMatrix {
                 -1.000000,-0.000000,0.000000,0.000000,-0.000000,1.000000,-0.000000,0.000000,-0.000000,-0.000000,-1.000000,0.000000,0.649355,0.000000,-0.000002,1.000000;;
                }
               }
              }
             }
            }

            Frame Bip01-R-Finger4 {
             

             FrameTransformMatrix {
              0.885086,-0.251359,0.391717,0.000000,0.224522,0.967811,0.113722,0.000000,-0.407693,-0.012704,0.913031,0.000000,1.882343,-0.690610,0.070721,1.000000;;
             }

             Frame Bip01-R-Finger41 {
              

              FrameTransformMatrix {
               0.785957,-0.000000,0.618281,0.000000,0.000000,1.000000,0.000000,0.000000,-0.618281,-0.000000,0.785957,0.000000,1.108318,0.000000,-0.000002,1.000000;;
              }

              Frame Bip01-R-Finger42 {
               

               FrameTransformMatrix {
                0.944871,0.000000,0.327444,0.000000,-0.000000,1.000000,-0.000000,0.000000,-0.327444,0.000000,0.944870,0.000000,0.520340,0.000000,0.000002,1.000000;;
               }

               Frame Bip01-R-Finger4Nub {
                

                FrameTransformMatrix {
                 -1.000000,0.000000,-0.000000,0.000000,0.000000,1.000001,0.000000,0.000000,0.000000,0.000000,-1.000001,0.000000,0.515337,0.000000,0.000002,1.000000;;
                }
               }
              }
             }
            }

            Frame FxHand01 {
             

             FrameTransformMatrix {
              0.220350,0.936490,0.272822,0.000000,-0.759401,0.340241,-0.554569,0.000000,-0.612173,-0.084982,0.786144,0.000000,1.499996,-0.499998,2.000002,1.000000;;
             }
            }

            Frame R_Sword {
             

             FrameTransformMatrix {
              0.976767,-0.039081,-0.210713,0.000000,0.070767,0.986898,0.145000,0.000000,0.202286,-0.156542,0.966735,0.000000,-0.000002,-0.000002,0.000000,1.000000;;
             }
            }
           }

           Frame R_Elbow {
            

            FrameTransformMatrix {
             0.982504,0.000000,0.186241,0.000000,-0.000000,1.000000,-0.000000,0.000000,-0.186241,0.000000,0.982504,0.000000,0.000002,0.000002,0.000001,1.000000;;
            }
           }

           Frame Bip01-R-ForeTwist {
            

            FrameTransformMatrix {
             1.000000,0.000000,-0.000000,0.000000,0.000000,0.999311,-0.037108,0.000000,0.000000,0.037108,0.999311,0.000000,0.000002,0.000002,0.000001,1.000000;;
            }
           }
          }

          Frame R_Shoulder {
           

           FrameTransformMatrix {
            0.948342,-0.307756,-0.077028,0.000000,0.311669,0.949121,0.045063,0.000000,0.059241,-0.066743,0.996010,0.000000,-0.000002,0.000002,0.000000,1.000000;;
           }
          }

          Frame R_Shoulder_Twist {
           

           FrameTransformMatrix {
            1.000000,0.000000,0.000000,0.000000,0.000000,1.000000,-0.000000,0.000000,-0.000000,0.000000,1.000000,0.000000,0.000000,0.000000,0.000000,1.000000;;
           }
          }
         }
        }
       }

       Frame R_Breast {
        

        FrameTransformMatrix {
         0.063560,0.329543,-0.941999,0.000000,-0.003088,0.943968,0.330023,0.000000,0.997973,-0.018067,0.061016,0.000000,1.272751,-1.452000,1.209911,1.000000;;
        }
       }

       Frame L_Breast {
        

        FrameTransformMatrix {
         -0.063560,0.329545,0.941998,0.000000,0.003087,0.943967,-0.330025,0.000000,-0.997973,-0.018068,-0.061016,0.000000,1.272759,1.451767,1.209907,1.000000;;
        }
       }

       Frame L_spine3 {
        

        FrameTransformMatrix {
         0.980445,0.043405,-0.191946,0.000000,0.044221,-0.999022,-0.000032,0.000000,-0.191760,-0.008456,-0.981405,0.000000,2.104034,3.093147,-0.411916,1.000000;;
        }
       }

       Frame R_spine3 {
        

        FrameTransformMatrix {
         0.980446,-0.043405,-0.191942,0.000000,-0.044220,-0.999022,0.000038,0.000000,-0.191756,0.008450,-0.981406,0.000000,2.104042,-3.093147,-0.411908,1.000000;;
        }
       }

       Frame Acc_LA_Neck {
        

        FrameTransformMatrix {
         0.919453,-0.000000,-0.393199,0.000000,-0.000000,1.000000,-0.000001,0.000000,0.393199,0.000001,0.919454,0.000000,5.885692,0.000002,-1.489706,1.000000;;
        }
       }
      }

      Frame FxCenter {
       

       FrameTransformMatrix {
        -0.023870,0.000003,0.999715,0.000000,0.999715,-0.000000,0.023870,0.000000,0.000000,1.000000,-0.000002,0.000000,1.000004,-0.000002,0.000000,1.000000;;
       }
      }

      Frame Weapon_Back {
       

       FrameTransformMatrix {
        -0.999295,-0.000000,-0.037550,0.000000,0.000000,-1.000000,-0.000002,0.000000,-0.037550,-0.000002,0.999295,0.000000,4.711458,-0.000010,-2.809571,1.000000;;
       }
      }
     }
    }

    Frame Bip01-L-Thigh {
     

     FrameTransformMatrix {
      -0.997343,0.010238,0.072129,0.000000,-0.003068,-0.995100,0.098825,0.000000,0.072788,0.098341,0.992488,0.000000,-2.355772,2.566189,0.104822,1.000000;;
     }

     Frame Bip01-L-Calf {
      

      FrameTransformMatrix {
       0.989801,0.000000,-0.142458,0.000000,0.000000,1.000000,0.000002,0.000000,0.142458,-0.000002,0.989801,0.000000,10.047710,0.000001,0.000001,1.000000;;
      }

      Frame Bip01-L-Foot {
       

       FrameTransformMatrix {
        0.993368,0.006533,0.114794,0.000000,-0.007677,0.999925,0.009526,0.000000,-0.114723,-0.010344,0.993344,0.000000,10.474948,0.000000,0.000001,1.000000;;
       }

       Frame Bip01-L-Toe0 {
        

        FrameTransformMatrix {
         0.005122,-0.000012,0.999987,0.000000,0.000000,1.000000,0.000012,0.000000,-0.999987,-0.000000,0.005122,0.000000,3.213931,-0.000023,1.930074,1.000000;;
        }

        Frame Bip01-L-Toe0Nub {
         

         FrameTransformMatrix {
          -1.000000,-0.000000,0.000000,0.000000,-0.000000,1.000000,0.000000,0.000000,-0.000000,0.000000,-1.000000,0.000000,1.879583,0.000000,0.000000,1.000000;;
         }
        }
       }
      }

      Frame L_Knee {
       

       FrameTransformMatrix {
        0.997447,0.000000,0.071411,0.000000,-0.000000,1.000000,0.000001,0.000000,-0.071411,-0.000001,0.997447,0.000000,-0.000001,0.000000,-0.000000,1.000000;;
       }
      }

      Frame Bip01-LCalfTwist {
       

       FrameTransformMatrix {
        1.000000,-0.000000,-0.000000,0.000000,-0.000000,0.999989,0.004769,0.000000,0.000000,-0.004769,0.999989,0.000000,-0.000001,0.000000,-0.000000,1.000000;;
       }
      }
     }

     Frame L_Thigh {
      

      FrameTransformMatrix {
       1.000000,0.000000,0.000000,0.000000,-0.000000,1.000000,0.000000,0.000000,-0.000000,-0.000000,1.000000,0.000000,0.000002,0.000000,-0.000000,1.000000;;
      }
     }
    }

    Frame Bip01-R-Thigh {
     

     FrameTransformMatrix {
      -0.997343,-0.010238,0.072129,0.000000,0.003068,-0.995101,-0.098822,0.000000,0.072788,-0.098338,0.992488,0.000000,-2.355774,-2.566190,0.104832,1.000000;;
     }

     Frame Bip01-R-Calf {
      

      FrameTransformMatrix {
       0.989801,-0.000000,-0.142458,0.000000,0.000000,1.000000,-0.000001,0.000000,0.142458,0.000001,0.989801,0.000000,10.047706,-0.000001,-0.000000,1.000000;;
      }

      Frame Bip01-R-Foot {
       

       FrameTransformMatrix {
        0.993368,-0.006533,0.114794,0.000000,0.007676,0.999925,-0.009520,0.000000,-0.114724,0.010338,0.993344,0.000000,10.474942,-0.000001,0.000002,1.000000;;
       }

       Frame Bip01-R-Toe0 {
        

        FrameTransformMatrix {
         0.005122,0.000019,0.999987,0.000000,-0.000000,1.000000,-0.000019,0.000000,-0.999987,-0.000000,0.005122,0.000000,3.213934,0.000037,1.930075,1.000000;;
        }

        Frame Bip01-R-Toe0Nub {
         

         FrameTransformMatrix {
          1.000000,0.000000,-0.000000,0.000000,-0.000000,1.000000,-0.000000,0.000000,0.000000,0.000000,1.000000,0.000000,1.879583,0.000000,0.000000,1.000000;;
         }
        }
       }
      }

      Frame R_Knee {
       

       FrameTransformMatrix {
        0.997447,0.000000,0.071411,0.000000,-0.000000,1.000000,-0.000001,0.000000,-0.071411,0.000001,0.997447,0.000000,0.000001,-0.000000,0.000000,1.000000;;
       }
      }

      Frame Bip01-RCalfTwist {
       

       FrameTransformMatrix {
        1.000000,-0.000000,0.000000,0.000000,0.000000,0.999989,-0.004770,0.000000,-0.000000,0.004770,0.999989,0.000000,0.000000,0.000000,0.000000,1.000000;;
       }
      }
     }

     Frame R_Thigh {
      

      FrameTransformMatrix {
       1.000000,-0.000000,-0.000000,0.000000,0.000000,1.000000,-0.000000,0.000000,0.000000,0.000000,1.000000,0.000000,0.000002,0.000000,-0.000000,1.000000;;
      }
     }
    }

    Frame Skirt_Dummy {
     

     FrameTransformMatrix {
      -1.000000,0.000002,0.000796,0.000000,-0.000002,-1.000000,-0.000002,0.000000,0.000796,-0.000002,1.000000,0.000000,-0.033831,-0.000001,-0.263520,1.000000;;
     }
    }
   }
  }
 }
}

Frame Human_F_L09_Body_Skel {
 

 FrameTransformMatrix {
  1.000000,0.000000,0.000000,0.000000,0.000000,1.000000,0.000000,0.000000,0.000000,0.000000,1.000000,0.000000,0.000000,0.000000,0.000000,1.000000;;
 }

 Mesh Human_F_L09_Body_Skel {
  2241;
  2.415250;30.935872;-0.648290;,
  2.499128;30.918230;-0.636595;,
  2.290764;30.294525;-1.037223;,
  2.023210;30.925094;-2.093187;,
  1.152747;30.472765;-2.508621;,
  1.229797;31.078237;-2.627023;,
  1.923220;30.405520;-1.951730;,
  1.013288;29.820832;-2.390219;,
  1.718199;29.675469;-1.992631;,
  2.330524;30.967731;-1.435182;,
  2.505774;31.177485;-0.824189;,
  2.499952;31.557389;-0.203114;,
  2.364936;31.033622;-0.051537;,
  2.299620;30.529437;-0.444751;,
  2.407892;31.071910;-0.017513;,
  2.551178;31.599174;-0.176531;,
  2.738796;32.120826;-0.497539;,
  2.749569;31.515238;-1.019103;,
  2.520561;31.308243;-1.670881;,
  2.802515;32.156454;-0.495681;,
  2.279314;32.039552;-2.875284;,
  2.488801;31.618973;-2.425696;,
  2.085841;31.616682;-2.755034;,
  2.250268;31.296797;-2.255657;,
  2.769070;31.648758;-1.831628;,
  2.903880;31.852998;-1.139066;,
  1.220608;31.510026;-2.834790;,
  1.512420;32.234854;-3.077521;,
  2.220277;32.482557;-2.974380;,
  2.658755;32.572272;-2.641316;,
  2.537856;32.970589;-2.651818;,
  2.915655;33.094950;-2.209279;,
  2.977960;32.829776;-1.527772;,
  2.877542;33.196275;-1.578270;,
  2.961133;32.649120;-2.166771;,
  2.692105;32.120637;-2.525104;,
  2.957477;32.153133;-2.014212;,
  3.033467;32.299091;-1.368687;,
  2.692262;33.500682;-1.624249;,
  2.777879;33.317581;-1.104327;,
  2.851582;32.983878;-0.955588;,
  2.845247;32.557664;-0.710522;,
  2.908834;32.559853;-0.773609;,
  2.947590;32.598061;-0.747303;,
  2.920353;32.976611;-1.110849;,
  2.851778;33.273814;-1.328686;,
  2.650403;33.571328;-1.202500;,
  2.424737;33.884400;-1.300673;,
  2.714744;33.565680;-1.565662;,
  2.159303;34.021670;-2.011373;,
  2.959109;33.014822;-1.084543;,
  2.889945;33.301706;-1.303552;,
  2.761954;33.597520;-1.541357;,
  2.181916;34.079232;-1.997762;,
  1.384636;34.850022;-2.612601;,
  1.409964;34.911056;-2.600027;,
  1.005473;35.344288;-2.236679;,
  1.250164;34.744486;-1.618384;,
  1.853343;34.305133;-1.530817;,
  2.399396;33.865440;-1.609373;,
  2.256381;33.839610;-2.104006;,
  2.637247;33.435126;-2.169549;,
  2.069585;33.757146;-2.422035;,
  1.589633;34.051811;-2.431138;,
  0.967596;34.537139;-2.482574;,
  0.583118;35.276970;-2.171633;,
  1.142173;34.687821;-2.042650;,
  0.571731;35.249341;-2.716225;,
  0.693793;34.108310;-2.937418;,
  1.744526;34.234253;-1.920070;,
  0.806693;35.283635;-1.714814;,
  0.336955;35.881642;-1.690493;,
  0.183426;36.003398;-2.139117;,
  0.121818;36.117152;-2.681924;,
  0.273298;33.642592;-3.008348;,
  0.373104;33.621254;-3.079139;,
  0.544076;34.118362;-2.891745;,
  0.430038;35.215050;-2.746548;,
  0.039217;36.013504;-2.742124;,
  -0.178153;36.517648;-2.661676;,
  -0.143935;36.409491;-2.036139;,
  -0.253315;36.418077;-2.725130;,
  -0.634278;36.846358;-2.686031;,
  -0.666171;36.716822;-2.748013;,
  -1.077964;37.000794;-2.635734;,
  -1.083081;36.853504;-2.700325;,
  -0.614621;36.804576;-2.045479;,
  -0.544465;36.790032;-1.694346;,
  0.031702;36.344723;-1.700553;,
  -0.991729;37.068192;-1.721789;,
  -1.040789;36.952294;-2.045767;,
  -1.578027;36.947450;-2.659138;,
  -1.531967;36.794026;-2.717064;,
  -2.370136;36.382163;-2.648023;,
  -2.269590;36.287261;-2.685025;,
  -2.685730;35.345376;-2.689042;,
  -2.560810;35.310899;-2.684170;,
  -2.904893;34.685818;-1.914178;,
  -2.762674;35.128458;-2.178232;,
  -2.789227;34.327786;-2.251933;,
  -2.636608;34.460707;-2.745590;,
  -2.480889;36.323034;-2.105414;,
  -1.771997;37.019501;-2.086109;,
  -1.620765;37.301866;-1.604370;,
  -2.186769;33.807750;-2.931783;,
  -2.193828;37.328496;-1.138480;,
  -2.372581;36.845798;-1.206381;,
  -2.414803;37.239005;-0.561166;,
  -2.513224;36.748806;-0.575944;,
  -2.468297;37.223654;-0.000000;,
  -1.544993;37.785050;-1.685588;,
  -2.118009;37.915078;-1.217597;,
  -2.463785;37.988800;-0.665575;,
  -2.639920;37.993590;-0.000000;,
  -2.414803;37.239005;0.561166;,
  -2.513224;36.748810;0.575944;,
  -2.372581;36.845798;1.206382;,
  -2.511626;38.541536;-0.869503;,
  -2.053782;38.392960;-1.462224;,
  -2.776610;38.559434;-0.000000;,
  -2.463785;37.988800;0.665575;,
  -2.193828;37.328496;1.138480;,
  -1.644995;36.975814;2.086109;,
  -2.143750;36.735158;2.095762;,
  -1.620765;37.301869;1.604370;,
  -0.288426;37.952614;-2.439030;,
  -1.461057;38.230643;-1.961514;,
  -1.424825;38.230643;-1.902663;,
  -1.998769;38.392960;-1.414019;,
  -2.464481;38.541536;-0.835890;,
  -2.724171;38.559434;-0.000000;,
  -2.464481;38.541536;0.835890;,
  -2.511626;38.541536;0.869503;,
  -1.998769;38.392960;1.414019;,
  0.361082;36.528762;-1.939911;,
  0.210043;37.185584;-2.336949;,
  -0.612082;37.529533;-2.095681;,
  -0.325508;37.952611;-2.497725;,
  1.506259;37.710109;-3.076854;,
  0.977275;36.784259;-2.486401;,
  0.564625;35.936374;-1.928512;,
  1.059366;35.390918;-2.202769;,
  0.629709;35.958038;-1.849848;,
  0.999895;36.795245;-2.382869;,
  1.504145;37.710112;-2.963482;,
  -1.418833;29.235088;1.249563;,
  -1.581530;28.488870;0.586825;,
  -1.515356;28.492928;1.224436;,
  -1.121810;29.251792;1.763596;,
  -1.238580;28.457261;1.751097;,
  -0.794452;29.232627;2.204509;,
  -0.957299;28.421600;2.235216;,
  -1.599670;27.442419;1.965917;,
  -1.767774;27.447488;1.430048;,
  -1.901184;27.416013;0.662723;,
  -1.632417;28.496173;-0.000000;,
  -0.240864;29.969094;2.490873;,
  -0.356395;29.156144;2.465679;,
  -0.517259;28.349354;2.647790;,
  -1.226650;27.406474;2.617677;,
  -2.015445;26.568558;2.263842;,
  -2.261975;26.569586;1.694391;,
  -2.399276;26.532923;0.787898;,
  0.213899;27.421565;3.388552;,
  0.213039;28.310035;2.986710;,
  -0.702210;27.403837;3.058692;,
  -1.565355;26.541485;2.938213;,
  -2.448085;25.605144;2.561946;,
  -2.745571;25.590666;1.944157;,
  -2.937074;25.534494;0.951710;,
  -2.883826;24.373386;2.846156;,
  -1.894753;25.586781;3.251220;,
  -0.867986;26.528328;3.437342;,
  0.156753;26.487579;3.759155;,
  0.975961;26.441598;3.680736;,
  0.908127;25.256387;4.110784;,
  1.678697;26.164224;3.241779;,
  -2.995018;25.475014;-0.000000;,
  -3.513670;24.365594;1.076173;,
  -3.242863;24.384822;2.140509;,
  -3.043437;24.203242;2.108199;,
  -2.748052;24.196026;2.769957;,
  -2.183917;24.238075;3.639698;,
  -2.098583;24.064931;3.456926;,
  -1.278613;24.046032;4.151711;,
  -1.241355;23.884227;3.943229;,
  0.726861;23.602438;4.589100;,
  0.069076;25.406405;4.092712;,
  -0.136455;23.784005;4.529101;,
  -1.029051;25.525496;3.751555;,
  2.064920;24.649856;3.135522;,
  2.228600;22.931674;2.615809;,
  2.285522;24.192198;2.265053;,
  2.030334;23.261232;3.560114;,
  1.636002;24.948635;3.806630;,
  1.516139;23.447070;4.310592;,
  -0.171644;23.643822;4.301668;,
  0.736330;23.474861;4.358654;,
  1.427763;23.328259;4.151248;,
  1.887736;23.150307;3.523626;,
  2.097597;22.840712;2.601995;,
  2.345356;22.625699;1.694634;,
  2.197181;22.554147;1.696389;,
  2.410284;22.444614;1.144201;,
  2.312800;22.333459;1.086738;,
  2.535851;23.648837;0.756771;,
  2.430404;23.614624;0.718762;,
  2.620969;24.452918;0.513673;,
  2.510322;24.419445;0.487871;,
  2.616161;25.004467;0.339862;,
  2.505819;24.936006;0.322787;,
  2.483564;24.591922;1.066818;,
  2.440945;23.811192;1.317746;,
  2.474847;25.165400;0.875550;,
  2.473800;26.139714;-0.007047;,
  2.399779;26.312702;0.560599;,
  2.378172;26.919789;0.331082;,
  2.249488;26.768843;1.337633;,
  2.259569;28.201571;0.815378;,
  2.049277;28.713862;1.507215;,
  2.361890;26.841864;-0.232682;,
  2.290536;27.562496;0.571987;,
  2.281480;27.544842;0.219529;,
  2.247298;27.544013;-0.417466;,
  2.388355;26.114651;-0.050000;,
  2.215512;26.841864;-0.268447;,
  2.100919;27.544013;-0.451340;,
  2.399395;33.865440;1.609373;,
  1.744525;34.234253;1.920071;,
  2.256381;33.839610;2.104006;,
  1.250164;34.744486;1.618384;,
  1.853343;34.305133;1.530817;,
  2.424737;33.884400;1.300673;,
  2.692262;33.500682;1.624249;,
  2.637247;33.435126;2.169549;,
  2.069585;33.757146;2.422035;,
  2.650403;33.571328;1.202500;,
  2.777879;33.317581;1.104327;,
  2.714744;33.565680;1.565662;,
  2.159303;34.021670;2.011373;,
  1.384636;34.850022;2.612601;,
  1.005473;35.344288;2.236679;,
  0.806693;35.283635;1.714814;,
  0.564625;35.936378;1.928513;,
  0.336955;35.881642;1.690493;,
  0.361082;36.528768;1.939911;,
  0.031702;36.344726;1.700554;,
  -0.143935;36.409498;2.036139;,
  0.629709;35.958042;1.849848;,
  0.951984;36.784259;2.486401;,
  1.059365;35.390918;2.202769;,
  1.409964;34.911056;2.600028;,
  2.181916;34.079232;1.997763;,
  2.761954;33.597520;1.541358;,
  2.889945;33.301706;1.303552;,
  2.851778;33.273814;1.328687;,
  2.959109;33.014822;1.084543;,
  2.920353;32.976611;1.110849;,
  2.947590;32.597584;0.741772;,
  2.908834;32.559373;0.768078;,
  2.829649;32.177430;0.393398;,
  2.821472;32.142826;0.422687;,
  2.692347;31.713693;0.021465;,
  2.685359;31.667053;0.047690;,
  2.499128;30.918230;-0.636595;,
  2.740969;32.173789;0.411717;,
  2.845247;32.557181;0.704991;,
  2.851582;32.983878;0.955589;,
  3.033467;32.299091;1.368687;,
  2.961133;32.649120;2.166771;,
  2.692105;32.120637;2.525104;,
  2.957477;32.153133;2.014213;,
  2.977960;32.829776;1.527772;,
  2.877542;33.196275;1.578270;,
  2.915654;33.094950;2.209280;,
  2.331887;33.375082;2.558508;,
  2.658755;32.572272;2.641316;,
  2.279314;32.039552;2.875284;,
  2.220277;32.482557;2.974380;,
  1.512420;32.234854;3.077521;,
  2.078445;32.957002;3.004877;,
  1.464555;32.943411;3.119762;,
  1.955287;33.470723;2.773788;,
  2.537856;32.970589;2.651818;,
  1.476228;33.566368;2.909829;,
  0.682686;33.033011;3.156879;,
  0.572988;32.221846;3.071537;,
  -0.243500;32.439872;3.179326;,
  -0.205594;31.324118;2.832342;,
  -1.070433;32.421674;2.967928;,
  -0.916066;31.306931;2.578996;,
  -0.177313;30.646608;2.661608;,
  0.430831;31.269018;2.861641;,
  1.220608;31.510026;2.834790;,
  2.085840;31.616682;2.755034;,
  2.488801;31.618973;2.425696;,
  -1.226534;30.035946;1.921733;,
  -0.780857;29.994954;2.277261;,
  0.416964;30.584243;2.677995;,
  1.229796;31.078230;2.627023;,
  2.250268;31.296797;2.255657;,
  -0.848461;30.650944;2.428129;,
  2.769070;31.648758;1.831628;,
  2.749569;31.515238;1.019103;,
  2.903880;31.852998;1.139066;,
  2.520561;31.308243;1.670881;,
  2.023210;30.925091;2.093187;,
  1.152746;30.472758;2.509520;,
  0.335708;29.899472;2.494350;,
  0.239546;29.093936;2.639054;,
  0.924657;29.034659;2.486928;,
  1.013288;29.820832;2.392015;,
  1.870704;30.315155;1.998603;,
  2.330524;30.967731;1.435183;,
  2.227665;30.295382;1.343146;,
  1.718199;29.705219;1.994901;,
  2.124805;29.652787;1.292324;,
  2.441591;30.319520;0.612516;,
  2.377408;29.686966;0.558891;,
  1.674463;28.912650;2.110034;,
  0.911654;28.142090;2.900284;,
  2.276851;28.898554;0.313773;,
  2.295374;29.239261;0.000000;,
  2.448179;30.291245;-0.163460;,
  2.271078;29.815613;-0.521806;,
  2.505774;31.177485;0.824190;,
  2.584869;31.690480;0.017210;,
  2.492746;30.767875;-0.550883;,
  2.290764;30.294525;-1.037223;,
  2.341873;30.290067;-0.876479;,
  2.649611;30.299002;-0.563468;,
  -2.922633;35.092346;1.404164;,
  -2.480888;36.323037;2.105414;,
  -2.641758;36.137952;1.310577;,
  -1.531967;36.794026;2.717064;,
  -2.054890;36.750538;2.653581;,
  -1.981587;36.626368;2.701045;,
  -2.269590;36.287261;2.685026;,
  -2.370136;36.382163;2.648023;,
  -2.685729;35.345376;2.689042;,
  -2.762674;35.128458;2.178232;,
  -2.904893;34.685818;1.914178;,
  -3.171969;34.661437;1.441443;,
  -2.993016;34.898586;1.038230;,
  -2.923747;34.230531;1.478721;,
  -2.880591;33.732586;0.964539;,
  -2.774854;33.720771;1.605686;,
  -2.789227;34.327786;2.251933;,
  -2.636607;34.460707;2.745591;,
  -2.784928;33.137376;0.556369;,
  -2.696210;33.083526;1.088332;,
  -2.532975;33.054115;1.909851;,
  -2.427527;33.734320;2.428424;,
