xof 0303txt 0032
template ColorRGBA {
 <35ff44e0-6c7c-11cf-8f52-0040333594a3>
 FLOAT red;
 FLOAT green;
 FLOAT blue;
 FLOAT alpha;
}

template ColorRGB {
 <d3e16e81-7835-11cf-8f52-0040333594a3>
 FLOAT red;
 FLOAT green;
 FLOAT blue;
}

template Material {
 <3d82ab4d-62da-11cf-ab39-0020af71e433>
 ColorRGBA faceColor;
 FLOAT power;
 ColorRGB specularColor;
 ColorRGB emissiveColor;
 [...]
}

template TextureFilename {
 <a42790e1-7810-11cf-8f52-0040333594a3>
 STRING filename;
}

template Frame {
 <3d82ab46-62da-11cf-ab39-0020af71e433>
 [...]
}

template Matrix4x4 {
 <f6f23f45-7686-11cf-8f52-0040333594a3>
 array FLOAT matrix[16];
}

template FrameTransformMatrix {
 <f6f23f41-7686-11cf-8f52-0040333594a3>
 Matrix4x4 frameMatrix;
}

template Vector {
 <3d82ab5e-62da-11cf-ab39-0020af71e433>
 FLOAT x;
 FLOAT y;
 FLOAT z;
}

template MeshFace {
 <3d82ab5f-62da-11cf-ab39-0020af71e433>
 DWORD nFaceVertexIndices;
 array DWORD faceVertexIndices[nFaceVertexIndices];
}

template Mesh {
 <3d82ab44-62da-11cf-ab39-0020af71e433>
 DWORD nVertices;
 array Vector vertices[nVertices];
 DWORD nFaces;
 array MeshFace faces[nFaces];
 [...]
}

template MeshNormals {
 <f6f23f43-7686-11cf-8f52-0040333594a3>
 DWORD nNormals;
 array Vector normals[nNormals];
 DWORD nFaceNormals;
 array MeshFace faceNormals[nFaceNormals];
}

template MeshMaterialList {
 <f6f23f42-7686-11cf-8f52-0040333594a3>
 DWORD nMaterials;
 DWORD nFaceIndexes;
 array DWORD faceIndexes[nFaceIndexes];
 [Material <3d82ab4d-62da-11cf-ab39-0020af71e433>]
}

template Coords2d {
 <f6f23f44-7686-11cf-8f52-0040333594a3>
 FLOAT u;
 FLOAT v;
}

template MeshTextureCoords {
 <f6f23f40-7686-11cf-8f52-0040333594a3>
 DWORD nTextureCoords;
 array Coords2d textureCoords[nTextureCoords];
}

template XSkinMeshHeader {
 <3cf169ce-ff7c-44ab-93c0-f78f62d172e2>
 WORD nMaxSkinWeightsPerVertex;
 WORD nMaxSkinWeightsPerFace;
 WORD nBones;
}

template SkinWeights {
 <6f0d123b-bad2-4167-a0d0-80224f25fabb>
 STRING transformNodeName;
 DWORD nWeights;
 array DWORD vertexIndices[nWeights];
 array FLOAT weights[nWeights];
 Matrix4x4 matrixOffset;
}


Material Material__35 {
 1.000000;1.000000;1.000000;1.000000;;
 10.000000;
 0.000000;0.000000;0.000000;;
 0.000000;0.000000;0.000000;;

 TextureFilename {
  "Human_F_L10_Body_diff.dds";
 }
}

Frame Dummy_root {
 

 FrameTransformMatrix {
  1.000000,0.000000,0.000000,0.000000,0.000000,1.000000,0.000000,0.000000,0.000000,0.000000,1.000000,0.000000,0.000000,23.000000,0.000000,1.000000;;
 }

 Frame FxBottom {
  

  FrameTransformMatrix {
   1.000000,0.000000,0.000000,0.000000,0.000000,1.000000,0.000000,0.000000,-0.000000,0.000000,1.000000,0.000000,0.000000,-23.000000,-0.000000,1.000000;;
  }
 }

 Frame Bip01 {
  

  FrameTransformMatrix {
   1.000000,0.000000,0.000001,0.000000,0.000000,1.000000,0.000000,0.000000,-0.000001,0.000000,1.000000,0.000000,-0.194762,0.659397,0.000000,1.000000;;
  }

  Frame Bip01-Pelvis {
   

   FrameTransformMatrix {
    0.000001,1.000000,-0.000001,0.000000,-0.000001,0.000001,1.000000,0.000000,1.000000,-0.000001,0.000001,0.000000,0.000000,0.000000,0.000000,1.000000;;
   }

   Frame Bip01-Spine {
    

    FrameTransformMatrix {
     0.999030,0.000001,0.044033,0.000000,-0.000001,1.000000,0.000003,0.000000,-0.044033,-0.000003,0.999030,0.000000,2.358109,0.000003,-0.000993,1.000000;;
    }

    Frame Bip01-Spine1 {
     

     FrameTransformMatrix {
      0.998814,0.000000,0.048692,0.000000,-0.000000,1.000000,0.000001,0.000000,-0.048693,-0.000002,0.998814,0.000000,0.209326,-0.000000,-0.002766,1.000000;;
     }

     Frame Bip01-Spine2 {
      

      FrameTransformMatrix {
       0.993206,-0.000000,-0.116369,0.000000,0.000000,1.000000,0.000001,0.000000,0.116369,-0.000001,0.993206,0.000000,3.478325,0.000000,-0.001152,1.000000;;
      }

      Frame Bip01-Spine3 {
       

       FrameTransformMatrix {
        0.996891,-0.000001,-0.078797,0.000000,0.000000,1.000000,-0.000001,0.000000,0.078797,0.000001,0.996891,0.000000,1.456829,-0.000000,-0.004309,1.000000;;
       }

       Frame Bip01-Neck {
        

        FrameTransformMatrix {
         0.976813,0.000001,0.214094,0.000000,-0.000001,1.000000,-0.000000,0.000000,-0.214094,0.000000,0.976813,0.000000,5.539909,0.000000,-0.690872,1.000000;;
        }

        Frame Bip01-Head {
         

         FrameTransformMatrix {
          0.999958,-0.000000,-0.009206,0.000000,0.000000,1.000000,-0.000000,0.000000,0.009206,0.000000,0.999958,0.000000,2.474251,-0.000000,0.000001,1.000000;;
         }

         Frame Bip01-HeadNub {
          

          FrameTransformMatrix {
           1.000000,-0.000000,0.000000,0.000000,0.000000,1.000000,0.000001,0.000000,0.000000,-0.000001,1.000000,0.000000,4.628929,-0.000000,-0.000001,1.000000;;
          }
         }

         Frame FxTop {
          

          FrameTransformMatrix {
           0.103621,0.000001,0.994617,0.000000,0.994617,-0.000000,-0.103621,0.000000,0.000000,1.000000,-0.000001,0.000000,4.500027,-0.000004,-0.000000,1.000000;;
          }
         }
        }

        Frame Bip01-L-Clavicle {
         

         FrameTransformMatrix {
          -0.249953,0.966696,0.054990,0.000000,0.944116,0.255930,-0.207716,0.000000,-0.214872,-0.000002,-0.976642,0.000000,-0.753037,0.957158,0.028458,1.000000;;
         }

         Frame Bip01-L-UpperArm {
          

          FrameTransformMatrix {
           0.798871,-0.594050,0.094384,0.000000,0.578814,0.801906,0.148056,0.000000,-0.163640,-0.063647,0.984465,0.000000,2.305935,-0.000004,0.000001,1.000000;;
          }

          Frame Bip01-L-Forearm {
           

           FrameTransformMatrix {
            0.930629,0.000000,-0.365965,0.000000,0.000000,1.000000,-0.000000,0.000000,0.365965,0.000000,0.930629,0.000000,6.131239,0.000000,0.000000,1.000000;;
           }

           Frame Bip01-L-Hand {
            

            FrameTransformMatrix {
             0.989065,-0.040580,0.141786,0.000000,-0.144470,-0.073387,0.986784,0.000000,-0.029638,-0.996478,-0.078447,0.000000,6.144234,0.000002,-0.000002,1.000000;;
            }

            Frame Bip01-L-Finger0 {
             

             FrameTransformMatrix {
              0.722826,-0.531683,0.441403,0.000000,0.371542,-0.239557,-0.896978,0.000000,0.582649,0.812358,0.024384,0.000000,0.431654,-0.683447,0.267918,1.000000;;
             }

             Frame Bip01-L-Finger01 {
              

              FrameTransformMatrix {
               0.985852,0.000000,0.167616,0.000000,-0.000000,1.000000,-0.000001,0.000000,-0.167616,0.000000,0.985852,0.000000,1.065222,0.000006,0.000000,1.000000;;
              }

              Frame Bip01-L-Finger02 {
               

               FrameTransformMatrix {
                0.950837,-0.000000,0.309691,0.000000,0.000000,1.000000,0.000000,0.000000,-0.309691,-0.000000,0.950837,0.000000,0.739172,-0.000004,0.000000,1.000000;;
               }

               Frame Bip01-L-Finger0Nub {
                

                FrameTransformMatrix {
                 1.000000,0.000000,-0.000000,0.000000,-0.000000,1.000000,-0.000000,0.000000,0.000000,0.000000,1.000000,0.000000,0.862501,-0.000002,-0.000001,1.000000;;
                }
               }
              }
             }
            }

            Frame Bip01-L-Finger1 {
             

             FrameTransformMatrix {
              0.890676,0.007232,0.454582,0.000000,0.005919,0.999604,-0.027500,0.000000,-0.454601,0.027185,0.890280,0.000000,2.096303,-0.862210,-0.077713,1.000000;;
             }

             Frame Bip01-L-Finger11 {
              

              FrameTransformMatrix {
               0.877627,-0.000000,0.479344,0.000000,0.000000,1.000000,-0.000000,0.000000,-0.479344,0.000000,0.877627,0.000000,1.331196,0.000002,0.000001,1.000000;;
              }

              Frame Bip01-L-Finger12 {
               

               FrameTransformMatrix {
                0.932920,-0.000000,0.360082,0.000000,0.000000,1.000000,0.000000,0.000000,-0.360082,-0.000000,0.932921,0.000000,0.723097,-0.000002,-0.000000,1.000000;;
               }

               Frame Bip01-L-Finger1Nub {
                

                FrameTransformMatrix {
                 1.000000,-0.000000,-0.000000,0.000000,-0.000000,1.000000,0.000000,0.000000,-0.000000,-0.000000,1.000000,0.000000,0.679667,0.000002,0.000001,1.000000;;
                }
               }
              }
             }
            }

            Frame Bip01-L-Finger2 {
             

             FrameTransformMatrix {
              0.882745,0.035112,0.468540,0.000000,-0.013270,0.998669,-0.049838,0.000000,-0.469666,0.037777,0.882035,0.000000,2.179714,-0.283319,-0.116974,1.000000;;
             }

             Frame Bip01-L-Finger21 {
              

              FrameTransformMatrix {
               0.795542,-0.000000,0.605899,0.000000,0.000000,1.000000,0.000000,0.000000,-0.605899,-0.000000,0.795542,0.000000,1.406771,0.000000,-0.000003,1.000000;;
              }

              Frame Bip01-L-Finger22 {
               

               FrameTransformMatrix {
                0.981120,0.000000,0.193399,0.000000,-0.000000,1.000000,0.000000,0.000000,-0.193399,-0.000000,0.981120,0.000000,0.840509,0.000001,0.000002,1.000000;;
               }

               Frame Bip01-L-Finger2Nub {
                

                FrameTransformMatrix {
                 1.000000,0.000000,0.000000,0.000000,-0.000000,1.000000,-0.000000,0.000000,0.000000,0.000000,1.000001,0.000000,0.664879,-0.000001,0.000000,1.000000;;
                }
               }
              }
             }
            }

            Frame Bip01-L-Finger3 {
             

             FrameTransformMatrix {
              0.896787,0.157212,0.413591,0.000000,-0.134986,0.987396,-0.082634,0.000000,-0.421369,0.018276,0.906705,0.000000,2.073352,0.186407,-0.130489,1.000000;;
             }

             Frame Bip01-L-Finger31 {
              

              FrameTransformMatrix {
               0.760569,0.000000,0.649258,0.000000,0.000001,1.000000,-0.000001,0.000000,-0.649258,0.000001,0.760569,0.000000,1.365459,0.000000,0.000004,1.000000;;
              }

              Frame Bip01-L-Finger32 {
               

               FrameTransformMatrix {
                0.978941,-0.000000,0.204143,0.000000,0.000000,1.000000,0.000000,0.000000,-0.204143,-0.000000,0.978941,0.000000,0.768663,0.000001,0.000001,1.000000;;
               }

               Frame Bip01-L-Finger3Nub {
                

                FrameTransformMatrix {
                 1.000000,0.000000,-0.000000,0.000000,-0.000000,1.000000,0.000000,0.000000,0.000000,0.000000,1.000000,0.000000,0.649355,-0.000001,0.000002,1.000000;;
                }
               }
              }
             }
            }

            Frame Bip01-L-Finger4 {
             

             FrameTransformMatrix {
              0.885086,0.251358,0.391718,0.000000,-0.224521,0.967811,-0.113722,0.000000,-0.407693,0.012705,0.913030,0.000000,1.882343,0.690607,0.070721,1.000000;;
             }

             Frame Bip01-L-Finger41 {
              

              FrameTransformMatrix {
               0.785957,-0.000000,0.618281,0.000000,0.000000,1.000000,-0.000000,0.000000,-0.618281,0.000000,0.785957,0.000000,1.108320,0.000000,-0.000002,1.000000;;
              }

              Frame Bip01-L-Finger42 {
               

               FrameTransformMatrix {
                0.944870,-0.000000,0.327444,0.000000,0.000000,1.000000,0.000000,0.000000,-0.327444,-0.000000,0.944871,0.000000,0.520336,-0.000000,0.000001,1.000000;;
               }

               Frame Bip01-L-Finger4Nub {
                

                FrameTransformMatrix {
                 1.000000,-0.000000,0.000000,0.000000,-0.000000,1.000000,0.000000,0.000000,-0.000000,0.000000,1.000000,0.000000,0.515341,0.000000,-0.000003,1.000000;;
                }
               }
              }
             }
            }

            Frame FxHand00 {
             

             FrameTransformMatrix {
              0.220347,-0.936490,0.272824,0.000000,-0.759402,-0.340240,-0.554568,0.000000,0.612174,-0.084986,-0.786143,0.000000,1.500003,0.499999,2.000000,1.000000;;
             }
            }

            Frame L_Sword {
             

             FrameTransformMatrix {
              0.976767,0.039081,-0.210713,0.000000,0.070766,-0.986897,0.145000,0.000000,-0.202285,-0.156543,-0.966734,0.000000,0.000001,-0.000001,0.000000,1.000000;;
             }
            }
           }

           Frame L_Elbow {
            

            FrameTransformMatrix {
             0.982504,-0.000000,0.186241,0.000000,-0.000000,1.000000,0.000000,0.000000,-0.186241,-0.000000,0.982504,0.000000,-0.000006,0.000000,0.000001,1.000000;;
            }
           }

           Frame L_Shield {
            

            FrameTransformMatrix {
             1.000000,-0.000001,0.000000,0.000000,0.000000,1.000000,0.000000,0.000000,0.000000,-0.000000,1.000000,0.000000,2.499998,2.500004,-0.000001,1.000000;;
            }
           }

           Frame Bip01-L-ForeTwist {
            

            FrameTransformMatrix {
             1.000000,0.000000,-0.000000,0.000000,-0.000000,0.999311,0.037108,0.000000,0.000000,-0.037108,0.999311,0.000000,-0.000006,0.000000,0.000001,1.000000;;
            }
           }
          }

          Frame L_Shoulder {
           

           FrameTransformMatrix {
            0.948343,0.307755,-0.077028,0.000000,-0.311669,0.949122,-0.045063,0.000000,0.059241,0.066743,0.996010,0.000000,0.000000,0.000000,0.000000,1.000000;;
           }
          }

          Frame L_Shoulder_Twist {
           

           FrameTransformMatrix {
            1.000000,0.000000,0.000000,0.000000,-0.000000,1.000000,-0.000000,0.000000,-0.000000,0.000000,1.000000,0.000000,0.000000,0.000000,-0.000000,1.000000;;
           }
          }
         }
        }

        Frame Bip01-R-Clavicle {
         

         FrameTransformMatrix {
          -0.249952,-0.966695,0.054995,0.000000,-0.944116,0.255931,0.207715,0.000000,-0.214872,-0.000003,-0.976642,0.000000,-0.753037,-0.957160,0.028462,1.000000;;
         }

         Frame Bip01-R-UpperArm {
          

          FrameTransformMatrix {
           0.798872,0.594050,0.094384,0.000000,-0.578815,0.801906,-0.148056,0.000000,-0.163639,0.063647,0.984465,0.000000,2.305938,0.000004,0.000001,1.000000;;
          }

          Frame Bip01-R-Forearm {
           

           FrameTransformMatrix {
            0.930629,-0.000000,-0.365965,0.000000,0.000000,1.000000,-0.000000,0.000000,0.365965,-0.000000,0.930629,0.000000,6.131231,0.000002,0.000003,1.000000;;
           }

           Frame Bip01-R-Hand {
            

            FrameTransformMatrix {
             0.989065,0.040580,0.141786,0.000000,0.144470,-0.073387,-0.986784,0.000000,-0.029639,0.996478,-0.078447,0.000000,6.144242,0.000002,-0.000001,1.000000;;
            }

            Frame Bip01-R-Finger0 {
             

             FrameTransformMatrix {
              0.722826,0.531684,0.441402,0.000000,-0.371541,-0.239557,0.896978,0.000000,0.582649,-0.812358,0.024385,0.000000,0.431653,0.683446,0.267916,1.000000;;
             }

             Frame Bip01-R-Finger01 {
              

              FrameTransformMatrix {
               0.985852,0.000000,0.167616,0.000000,-0.000000,1.000000,-0.000000,0.000000,-0.167616,-0.000000,0.985852,0.000000,1.065222,-0.000004,0.000000,1.000000;;
              }

              Frame Bip01-R-Finger02 {
               

               FrameTransformMatrix {
                0.950837,0.000000,0.309691,0.000000,0.000000,1.000000,-0.000000,0.000000,-0.309691,0.000001,0.950837,0.000000,0.739165,0.000004,-0.000001,1.000000;;
               }

               Frame Bip01-R-Finger0Nub {
                

                FrameTransformMatrix {
                 -1.000000,0.000000,0.000000,0.000000,0.000000,1.000000,-0.000000,0.000000,-0.000000,-0.000000,-1.000000,0.000000,0.862505,-0.000002,0.000000,1.000000;;
                }
               }
              }
             }
            }

            Frame Bip01-R-Finger1 {
             

             FrameTransformMatrix {
              0.890676,-0.007232,0.454582,0.000000,-0.005918,0.999604,0.027500,0.000000,-0.454601,-0.027184,0.890281,0.000000,2.096302,0.862207,-0.077709,1.000000;;
             }

             Frame Bip01-R-Finger11 {
              

              FrameTransformMatrix {
               0.877627,0.000000,0.479344,0.000000,-0.000000,1.000000,-0.000000,0.000000,-0.479344,-0.000000,0.877627,0.000000,1.331190,0.000002,-0.000006,1.000000;;
              }

              Frame Bip01-R-Finger12 {
               

               FrameTransformMatrix {
                0.932920,-0.000000,0.360082,0.000000,0.000000,1.000000,-0.000000,0.000000,-0.360082,0.000000,0.932920,0.000000,0.723101,0.000000,0.000003,1.000000;;
               }

               Frame Bip01-R-Finger1Nub {
                

                FrameTransformMatrix {
                 -1.000000,-0.000000,0.000000,0.000000,-0.000000,1.000000,-0.000001,0.000000,-0.000000,-0.000001,-1.000000,0.000000,0.679665,0.000000,0.000002,1.000000;;
                }
               }
              }
             }
            }

            Frame Bip01-R-Finger2 {
             

             FrameTransformMatrix {
              0.882745,-0.035112,0.468540,0.000000,0.013271,0.998670,0.049837,0.000000,-0.469666,-0.037775,0.882036,0.000000,2.179710,0.283315,-0.116970,1.000000;;
             }

             Frame Bip01-R-Finger21 {
              

              FrameTransformMatrix {
               0.795542,-0.000000,0.605898,0.000000,0.000000,1.000000,-0.000000,0.000000,-0.605898,0.000000,0.795542,0.000000,1.406755,0.000001,-0.000002,1.000000;;
              }

              Frame Bip01-R-Finger22 {
               

               FrameTransformMatrix {
                0.981120,-0.000000,0.193399,0.000000,0.000000,1.000000,0.000000,0.000000,-0.193399,0.000000,0.981120,0.000000,0.840508,-0.000001,-0.000003,1.000000;;
               }

               Frame Bip01-R-Finger2Nub {
                

                FrameTransformMatrix {
                 -1.000000,0.000000,-0.000000,0.000000,0.000000,1.000000,0.000000,0.000000,0.000000,0.000000,-1.000001,0.000000,0.664875,0.000001,-0.000001,1.000000;;
                }
               }
              }
             }
            }

            Frame Bip01-R-Finger3 {
             

             FrameTransformMatrix {
              0.896787,-0.157212,0.413592,0.000000,0.134986,0.987396,0.082633,0.000000,-0.421369,-0.018275,0.906705,0.000000,2.073341,-0.186412,-0.130487,1.000000;;
             }

             Frame Bip01-R-Finger31 {
              

              FrameTransformMatrix {
               0.760568,0.000000,0.649258,0.000000,-0.000000,1.000000,-0.000000,0.000000,-0.649257,0.000000,0.760569,0.000000,1.365456,0.000001,-0.000002,1.000000;;
              }

              Frame Bip01-R-Finger32 {
               

               FrameTransformMatrix {
                0.978941,-0.000000,0.204143,0.000000,0.000000,1.000000,-0.000000,0.000000,-0.204143,0.000000,0.978942,0.000000,0.768673,-0.000002,-0.000001,1.000000;;
               }

               Frame Bip01-R-Finger3Nub {
                

                FrameTransformMatrix {
                 -1.000000,-0.000000,0.000000,0.000000,-0.000000,1.000000,-0.000000,0.000000,-0.000000,-0.000000,-1.000000,0.000000,0.649355,0.000000,-0.000002,1.000000;;
                }
               }
              }
             }
            }

            Frame Bip01-R-Finger4 {
             

             FrameTransformMatrix {
              0.885086,-0.251359,0.391717,0.000000,0.224522,0.967811,0.113722,0.000000,-0.407693,-0.012704,0.913031,0.000000,1.882343,-0.690610,0.070721,1.000000;;
             }

             Frame Bip01-R-Finger41 {
              

              FrameTransformMatrix {
               0.785957,-0.000000,0.618281,0.000000,0.000000,1.000000,0.000000,0.000000,-0.618281,-0.000000,0.785957,0.000000,1.108318,0.000000,-0.000002,1.000000;;
              }

              Frame Bip01-R-Finger42 {
               

               FrameTransformMatrix {
                0.944871,0.000000,0.327444,0.000000,-0.000000,1.000000,-0.000000,0.000000,-0.327444,0.000000,0.944870,0.000000,0.520340,0.000000,0.000002,1.000000;;
               }

               Frame Bip01-R-Finger4Nub {
                

                FrameTransformMatrix {
                 -1.000000,0.000000,-0.000000,0.000000,0.000000,1.000001,0.000000,0.000000,0.000000,0.000000,-1.000001,0.000000,0.515337,0.000000,0.000002,1.000000;;
                }
               }
              }
             }
            }

            Frame FxHand01 {
             

             FrameTransformMatrix {
              0.220350,0.936490,0.272822,0.000000,-0.759401,0.340241,-0.554569,0.000000,-0.612173,-0.084982,0.786144,0.000000,1.499996,-0.499998,2.000002,1.000000;;
             }
            }

            Frame R_Sword {
             

             FrameTransformMatrix {
              0.976767,-0.039081,-0.210713,0.000000,0.070767,0.986898,0.145000,0.000000,0.202286,-0.156542,0.966735,0.000000,-0.000002,-0.000002,0.000000,1.000000;;
             }
            }
           }

           Frame R_Elbow {
            

            FrameTransformMatrix {
             0.982504,0.000000,0.186241,0.000000,-0.000000,1.000000,-0.000000,0.000000,-0.186241,0.000000,0.982504,0.000000,0.000002,0.000002,0.000001,1.000000;;
            }
           }

           Frame Bip01-R-ForeTwist {
            

            FrameTransformMatrix {
             1.000000,0.000000,-0.000000,0.000000,0.000000,0.999311,-0.037108,0.000000,0.000000,0.037108,0.999311,0.000000,0.000002,0.000002,0.000001,1.000000;;
            }
           }
          }

          Frame R_Shoulder {
           

           FrameTransformMatrix {
            0.948342,-0.307756,-0.077028,0.000000,0.311669,0.949121,0.045063,0.000000,0.059241,-0.066743,0.996010,0.000000,-0.000002,0.000002,0.000000,1.000000;;
           }
          }

          Frame R_Shoulder_Twist {
           

           FrameTransformMatrix {
            1.000000,0.000000,0.000000,0.000000,0.000000,1.000000,-0.000000,0.000000,-0.000000,0.000000,1.000000,0.000000,0.000000,0.000000,0.000000,1.000000;;
           }
          }
         }
        }
       }

       Frame R_Breast {
        

        FrameTransformMatrix {
         0.063560,0.329543,-0.941999,0.000000,-0.003088,0.943968,0.330023,0.000000,0.997973,-0.018067,0.061016,0.000000,1.272751,-1.452000,1.209911,1.000000;;
        }
       }

       Frame L_Breast {
        

        FrameTransformMatrix {
         -0.063560,0.329545,0.941998,0.000000,0.003087,0.943967,-0.330025,0.000000,-0.997973,-0.018068,-0.061016,0.000000,1.272759,1.451767,1.209907,1.000000;;
        }
       }

       Frame L_spine3 {
        

        FrameTransformMatrix {
         0.980445,0.043405,-0.191946,0.000000,0.044221,-0.999022,-0.000032,0.000000,-0.191760,-0.008456,-0.981405,0.000000,2.104034,3.093147,-0.411916,1.000000;;
        }
       }

       Frame R_spine3 {
        

        FrameTransformMatrix {
         0.980446,-0.043405,-0.191942,0.000000,-0.044220,-0.999022,0.000038,0.000000,-0.191756,0.008450,-0.981406,0.000000,2.104042,-3.093147,-0.411908,1.000000;;
        }
       }

       Frame Acc_LA_Neck {
        

        FrameTransformMatrix {
         0.919453,-0.000000,-0.393199,0.000000,-0.000000,1.000000,-0.000001,0.000000,0.393199,0.000001,0.919454,0.000000,5.885692,0.000002,-1.489706,1.000000;;
        }
       }
      }

      Frame FxCenter {
       

       FrameTransformMatrix {
        -0.023870,0.000003,0.999715,0.000000,0.999715,-0.000000,0.023870,0.000000,0.000000,1.000000,-0.000002,0.000000,1.000004,-0.000002,0.000000,1.000000;;
       }
      }

      Frame Weapon_Back {
       

       FrameTransformMatrix {
        -0.999295,-0.000000,-0.037550,0.000000,0.000000,-1.000000,-0.000002,0.000000,-0.037550,-0.000002,0.999295,0.000000,4.711458,-0.000010,-2.809571,1.000000;;
       }
      }
     }
    }

    Frame Bip01-L-Thigh {
     

     FrameTransformMatrix {
      -0.997343,0.010238,0.072129,0.000000,-0.003068,-0.995100,0.098825,0.000000,0.072788,0.098341,0.992488,0.000000,-2.355772,2.566189,0.104822,1.000000;;
     }

     Frame Bip01-L-Calf {
      

      FrameTransformMatrix {
       0.989801,0.000000,-0.142458,0.000000,0.000000,1.000000,0.000002,0.000000,0.142458,-0.000002,0.989801,0.000000,10.047710,0.000001,0.000001,1.000000;;
      }

      Frame Bip01-L-Foot {
       

       FrameTransformMatrix {
        0.993368,0.006533,0.114794,0.000000,-0.007677,0.999925,0.009526,0.000000,-0.114723,-0.010344,0.993344,0.000000,10.474948,0.000000,0.000001,1.000000;;
       }

       Frame Bip01-L-Toe0 {
        

        FrameTransformMatrix {
         0.005122,-0.000012,0.999987,0.000000,0.000000,1.000000,0.000012,0.000000,-0.999987,-0.000000,0.005122,0.000000,3.213931,-0.000023,1.930074,1.000000;;
        }

        Frame Bip01-L-Toe0Nub {
         

         FrameTransformMatrix {
          -1.000000,-0.000000,0.000000,0.000000,-0.000000,1.000000,0.000000,0.000000,-0.000000,0.000000,-1.000000,0.000000,1.879583,0.000000,0.000000,1.000000;;
         }
        }
       }
      }

      Frame L_Knee {
       

       FrameTransformMatrix {
        0.997447,0.000000,0.071411,0.000000,-0.000000,1.000000,0.000001,0.000000,-0.071411,-0.000001,0.997447,0.000000,-0.000001,0.000000,-0.000000,1.000000;;
       }
      }

      Frame Bip01-LCalfTwist {
       

       FrameTransformMatrix {
        1.000000,-0.000000,-0.000000,0.000000,-0.000000,0.999989,0.004769,0.000000,0.000000,-0.004769,0.999989,0.000000,-0.000001,0.000000,-0.000000,1.000000;;
       }
      }
     }

     Frame L_Thigh {
      

      FrameTransformMatrix {
       1.000000,0.000000,0.000000,0.000000,-0.000000,1.000000,0.000000,0.000000,-0.000000,-0.000000,1.000000,0.000000,0.000002,0.000000,-0.000000,1.000000;;
      }
     }
    }

    Frame Bip01-R-Thigh {
     

     FrameTransformMatrix {
      -0.997343,-0.010238,0.072129,0.000000,0.003068,-0.995101,-0.098822,0.000000,0.072788,-0.098338,0.992488,0.000000,-2.355774,-2.566190,0.104832,1.000000;;
     }

     Frame Bip01-R-Calf {
      

      FrameTransformMatrix {
       0.989801,-0.000000,-0.142458,0.000000,0.000000,1.000000,-0.000001,0.000000,0.142458,0.000001,0.989801,0.000000,10.047706,-0.000001,-0.000000,1.000000;;
      }

      Frame Bip01-R-Foot {
       

       FrameTransformMatrix {
        0.993368,-0.006533,0.114794,0.000000,0.007676,0.999925,-0.009520,0.000000,-0.114724,0.010338,0.993344,0.000000,10.474942,-0.000001,0.000002,1.000000;;
       }

       Frame Bip01-R-Toe0 {
        

        FrameTransformMatrix {
         0.005122,0.000019,0.999987,0.000000,-0.000000,1.000000,-0.000019,0.000000,-0.999987,-0.000000,0.005122,0.000000,3.213934,0.000037,1.930075,1.000000;;
        }

        Frame Bip01-R-Toe0Nub {
         

         FrameTransformMatrix {
          1.000000,0.000000,-0.000000,0.000000,-0.000000,1.000000,-0.000000,0.000000,0.000000,0.000000,1.000000,0.000000,1.879583,0.000000,0.000000,1.000000;;
         }
        }
       }
      }

      Frame R_Knee {
       

       FrameTransformMatrix {
        0.997447,0.000000,0.071411,0.000000,-0.000000,1.000000,-0.000001,0.000000,-0.071411,0.000001,0.997447,0.000000,0.000001,-0.000000,0.000000,1.000000;;
       }
      }

      Frame Bip01-RCalfTwist {
       

       FrameTransformMatrix {
        1.000000,-0.000000,0.000000,0.000000,0.000000,0.999989,-0.004770,0.000000,-0.000000,0.004770,0.999989,0.000000,0.000000,0.000000,0.000000,1.000000;;
       }
      }
     }

     Frame R_Thigh {
      

      FrameTransformMatrix {
       1.000000,-0.000000,-0.000000,0.000000,0.000000,1.000000,-0.000000,0.000000,0.000000,0.000000,1.000000,0.000000,0.000002,0.000000,-0.000000,1.000000;;
      }
     }
    }

    Frame Skirt_Dummy {
     

     FrameTransformMatrix {
      -1.000000,0.000002,0.000796,0.000000,-0.000002,-1.000000,-0.000002,0.000000,0.000796,-0.000002,1.000000,0.000000,-0.033831,-0.000001,-0.263520,1.000000;;
     }
    }
   }
  }
 }
}

Frame Human_F_L10_Body_Skel {
 

 FrameTransformMatrix {
  1.000000,0.000000,0.000000,0.000000,0.000000,1.000000,0.000000,0.000000,0.000000,0.000000,1.000000,0.000000,0.000000,0.000000,0.000000,1.000000;;
 }

 Mesh Human_F_L10_Body_Skel {
  6507;
  0.023368;23.489968;4.142382;,
  0.026055;23.617336;4.258658;,
  0.025580;23.595486;4.125095;,
  0.023845;23.511822;4.275936;,
  1.516336;22.232061;0.652887;,
  2.081841;22.058690;1.261967;,
  1.564936;21.905907;0.655053;,
  1.501343;21.690544;0.647547;,
  0.484744;21.946021;0.284451;,
  0.485139;22.011338;0.263841;,
  1.480705;22.162202;0.348058;,
  1.877633;22.477126;0.593532;,
  1.868402;22.692421;1.057962;,
  2.221185;23.604886;1.064031;,
  2.083713;24.358474;2.134851;,
  2.091375;25.240126;1.960092;,
  1.889369;25.102603;3.015247;,
  0.524631;22.026334;0.000000;,
  2.372940;24.635942;0.922090;,
  2.305802;25.648774;0.861790;,
  2.094618;26.217162;1.782906;,
  1.869329;25.917744;2.913061;,
  1.480372;22.138848;0.000000;,
  1.967638;22.410531;0.000000;,
  2.293368;23.420166;0.000000;,
  2.439877;24.439469;0.000000;,
  2.485498;25.509784;0.000000;,
  2.272568;26.758736;0.769678;,
  1.480703;22.162202;-0.348058;,
  1.877631;22.477130;-0.593532;,
  2.221183;23.604886;-1.064031;,
  2.372938;24.635942;-0.922090;,
  2.305800;25.648774;-0.861790;,
  2.272566;26.758736;-0.769678;,
  2.082585;27.101770;-1.631196;,
  2.094616;26.217162;-1.782906;,
  1.868616;26.029440;-2.887805;,
  1.781349;26.927987;-2.515865;,
  2.091373;25.240126;-1.960092;,
  1.516334;22.232061;-0.652887;,
  1.868400;22.692421;-1.057961;,
  2.083711;24.358474;-2.134851;,
  1.896256;25.074470;-3.018255;,
  1.159061;25.479258;-3.663898;,
  1.140324;26.480819;-3.378460;,
  1.813918;24.071837;-3.178702;,
  2.077727;23.493853;-2.165871;,
  1.907468;22.561386;-1.236632;,
  2.081840;22.058688;-1.261967;,
  2.149165;22.859050;-2.205704;,
  1.976077;23.129605;-3.238200;,
  1.124765;23.378654;-4.123813;,
  1.141719;24.432461;-3.908008;,
  0.376570;26.535680;-3.480774;,
  0.250214;25.502933;-3.852810;,
  0.125889;24.528683;-4.079894;,
  0.117488;23.395120;-4.283617;,
  1.132842;22.218979;-4.246683;,
  2.061401;22.217907;-3.260971;,
  0.040393;28.206906;-2.858802;,
  0.224461;28.732099;-2.592539;,
  0.260482;28.732099;-2.660579;,
  0.004372;28.206902;-2.790762;,
  0.370806;27.497546;-3.168706;,
  0.334785;27.497546;-3.100666;,
  0.340549;26.535678;-3.412734;,
  0.214193;25.502933;-3.784770;,
  0.089867;24.517128;-4.014262;,
  1.098644;27.402829;-3.055444;,
  1.020196;28.035424;-2.827346;,
  1.721267;27.637712;-2.285717;,
  1.694603;28.293590;-2.112762;,
  2.042063;27.880122;-1.493480;,
  1.939349;28.699872;-1.320346;,
  2.141221;28.596541;-0.658788;,
  2.194429;29.530045;-0.609321;,
  2.262286;29.526141;0.000000;,
  2.199630;30.480762;-0.590686;,
  0.987204;28.608038;-2.582078;,
  2.242414;28.562781;0.000000;,
  0.955246;29.144736;-2.414240;,
  1.576615;28.906611;-2.009908;,
  1.991679;29.541741;-1.267552;,
  2.092376;30.340669;-1.328631;,
  1.525679;29.624678;-1.985845;,
  0.962197;29.829834;-2.401687;,
  1.581795;30.331277;-1.972486;,
  2.104580;30.892579;-1.404118;,
  0.445482;29.325270;-2.489640;,
  0.577122;29.934435;-2.561648;,
  1.037971;30.549821;-2.456181;,
  1.669414;30.784957;-2.087937;,
  0.473934;30.720237;-2.638298;,
  0.437914;30.720234;-2.570258;,
  0.541101;29.934438;-2.493608;,
  0.409461;29.325270;-2.421600;,
  1.096572;31.039546;-2.524203;,
  0.292179;31.647002;-2.875048;,
  1.709450;31.075229;-2.115710;,
  -0.347293;33.606758;-2.982076;,
  0.207328;33.325818;-2.909439;,
  -0.216381;33.133712;-2.900587;,
  0.338794;32.626054;-2.892988;,
  0.005716;32.474656;-2.906313;,
  0.594205;31.913421;-2.788876;,
  1.142593;31.396886;-2.526457;,
  1.998521;31.320941;-2.323723;,
  1.553822;31.687850;-2.820342;,
  1.215673;32.260259;-2.971722;,
  1.005397;32.920061;-2.994127;,
  0.920999;33.596832;-2.859817;,
  0.100246;33.818579;-2.966869;,
  -0.432706;33.993462;-3.061303;,
  0.004434;34.221642;-3.039831;,
  0.514877;34.122582;-2.931606;,
  1.111239;34.282547;-2.407300;,
  0.682815;34.692890;-2.542221;,
  0.836655;35.021661;-1.884178;,
  0.379414;35.122998;-2.581188;,
  0.605282;35.452218;-1.907612;,
  0.111131;35.788346;-2.301260;,
  0.223487;35.879859;-1.896214;,
  0.376701;34.530541;-2.978517;,
  0.726243;35.455152;-1.213578;,
  0.414882;35.871837;-1.207307;,
  0.088535;36.357850;-1.197541;,
  0.180236;36.306502;-0.540567;,
  0.018171;36.704326;0.000000;,
  0.180239;36.306502;0.540567;,
  0.194322;36.288314;0.000000;,
  0.517419;35.846214;-0.519642;,
  0.865090;35.362733;-0.535906;,
  1.034755;34.980166;-1.213462;,
  1.299889;34.521942;-1.858293;,
  0.535819;35.780582;0.000000;,
  0.517422;35.846214;0.519642;,
  0.882428;35.265085;0.000000;,
  1.208666;34.886666;-0.534963;,
  1.190179;34.768662;0.000000;,
  -0.127679;36.406310;1.854949;,
  -0.502608;36.814003;1.170355;,
  -0.660882;36.667386;1.817131;,
  0.088538;36.357850;1.197541;,
  0.414885;35.871837;1.207307;,
  0.865093;35.362733;0.535906;,
  1.208669;34.886666;0.534963;,
  1.636056;34.187392;0.000000;,
  1.604842;34.278291;0.570025;,
  1.034758;34.980173;1.213462;,
  0.726246;35.455155;1.213578;,
  1.496832;34.477382;1.219385;,
  0.836657;35.021661;1.884179;,
  0.605285;35.452221;1.907612;,
  1.299891;34.521942;1.858293;,
  2.167584;33.973005;1.398064;,
  2.088528;33.844803;0.613006;,
  2.002238;33.770579;0.000000;,
  2.088526;33.844803;-0.613006;,
  2.766389;33.370579;1.575159;,
  1.604839;34.278291;-0.570025;,
  1.111242;34.282550;2.407300;,
  0.682818;34.692893;2.542221;,
  1.791443;32.899040;3.007144;,
  2.574831;32.424973;2.606368;,
  2.327797;33.170246;2.686173;,
  1.584072;33.545165;2.792320;,
  1.818880;33.835830;2.515719;,
  0.921001;33.596835;2.903641;,
  0.514880;34.122582;2.931606;,
  0.421862;34.530541;3.025058;,
  0.380201;35.161731;2.583929;,
  0.123776;35.885184;2.301557;,
  0.223490;35.879862;1.896214;,
  0.100248;33.818579;2.966869;,
  0.207331;33.325821;2.909439;,
  0.039489;34.221648;3.090372;,
  -0.020308;34.285770;3.066253;,
  0.343451;34.579222;3.004006;,
  0.302248;35.178851;2.582743;,
  0.058123;35.870109;2.314368;,
  -0.208439;36.431043;2.179317;,
  -0.256690;36.384934;2.198225;,
  -0.703703;36.706522;2.164080;,
  -0.727532;36.646822;2.183749;,
  -1.163859;36.906448;2.181572;,
  -1.165242;36.837920;2.200367;,
  -1.147573;37.004554;1.819825;,
  -1.122333;37.148390;1.483867;,
  -1.087131;37.383168;1.251385;,
  -0.588423;37.197843;1.010855;,
  -0.584824;37.526861;1.031882;,
  -1.047425;37.661971;1.247625;,
  -0.622661;37.568803;0.948728;,
  -1.039574;37.691066;1.122964;,
  -0.148104;37.443517;0.583336;,
  -0.073482;37.376342;0.623549;,
  -0.091876;37.146694;0.563372;,
  -0.125882;36.723536;0.544879;,
  0.186888;37.316470;0.000000;,
  0.078008;37.118563;0.000000;,
  0.091564;37.383517;0.000000;,
  -0.247237;36.414109;-2.179317;,
  -0.127682;36.406310;-1.854949;,
  -0.502611;36.814003;-1.170355;,
  -0.125885;36.723536;-0.544879;,
  -1.087134;37.383168;-1.251385;,
  -1.122336;37.148390;-1.483867;,
  -0.660885;36.667386;-1.817131;,
  -0.714942;36.698138;-2.164080;,
  -1.147576;37.004554;-1.819825;,
  -1.163861;36.874656;-2.181572;,
  -0.584827;37.526854;-1.031882;,
  -1.047429;37.661968;-1.247625;,
  -0.588426;37.197843;-1.010855;,
  -0.073485;37.376339;-0.623549;,
  -0.091879;37.146694;-0.563372;,
  -0.148107;37.443510;-0.583336;,
  -0.622664;37.568797;-0.948728;,
  -1.039578;37.691062;-1.122964;,
  0.987206;28.608038;2.582078;,
  0.040395;28.206902;2.858802;,
  1.020198;28.035424;2.827346;,
  0.280394;28.732099;2.656289;,
  0.383757;27.497546;3.180855;,
  1.098646;27.402829;3.055444;,
  1.721269;27.637712;2.285717;,
  1.694605;28.293590;2.112762;,
  0.955249;29.144736;2.414240;,
  0.445484;29.325270;2.489640;,
  0.962199;29.829837;2.401688;,
  0.577122;29.934435;2.561648;,
  0.473937;30.720234;2.638298;,
  1.576617;28.906611;2.009908;,
  1.525681;29.624678;1.985845;,
  1.991681;29.541741;1.267552;,
  1.939351;28.699872;1.320347;,
  2.042065;27.880122;1.493480;,
  2.082587;27.101770;1.631197;,
  1.781351;26.927987;2.515865;,
  2.163950;27.723933;0.684579;,
  2.141223;28.596541;0.658788;,
  2.194431;29.530045;0.609321;,
  2.092378;30.340669;1.328631;,
  1.581797;30.331280;1.972487;,
  2.264739;27.648854;0.000000;,
  1.096574;31.039549;2.524203;,
  1.709452;31.075226;2.115710;,
  1.142595;31.396886;2.526456;,
  1.669417;30.784957;2.087938;,
  2.104583;30.892582;1.404119;,
  2.199633;30.480762;0.590686;,
  1.037973;30.549818;2.456181;,
  0.312890;31.647002;2.867735;,
  0.594208;31.913421;2.788876;,
  0.338796;32.626054;2.892988;,
  1.005400;32.920064;3.025866;,
  0.015249;32.474656;2.911913;,
  -0.190232;33.133712;2.898551;,
  -0.338947;33.606758;2.977893;,
  -0.456427;33.993466;2.971685;,
  -0.049414;32.474656;2.854323;,
  -0.254895;33.133712;2.840961;,
  -0.398998;33.606758;2.919271;,
  -0.518887;34.031235;2.917864;,
  0.215731;28.732099;2.598699;,
  0.380821;29.325270;2.432050;,
  0.512459;29.934435;2.504058;,
  0.409274;30.720234;2.580708;,
  0.248227;31.647008;2.810145;,
  1.142983;26.338835;3.418925;,
  0.376715;26.389290;3.536314;,
  0.311071;26.380269;3.481680;,
  0.319094;27.497542;3.123265;,
  -0.024268;28.206906;2.801212;,
  1.159063;25.479258;3.663898;,
  0.280333;25.502933;3.826768;,
  0.215670;25.502933;3.769178;,
  0.104806;24.720587;3.947401;,
  1.179992;24.612074;3.908900;,
  0.169469;24.720586;4.004990;,
  1.178159;23.404904;4.157299;,
  0.131737;23.395123;4.284167;,
  1.132843;22.218981;4.246682;,
  0.156889;22.212056;4.448690;,
  0.119903;21.824437;4.515011;,
  0.067074;23.395123;4.226577;,
  0.092226;22.212056;4.391100;,
  0.067592;21.752589;4.437224;,
  1.070122;21.759019;4.214524;,
  1.141521;21.872184;4.301051;,
  2.050254;21.792266;3.267178;,
  2.061772;22.218931;3.264917;,
  2.154129;21.908032;3.317120;,
  2.221239;22.230491;2.259571;,
  2.326950;21.859382;2.243874;,
  2.100671;21.764310;1.266321;,
  2.201569;21.742174;2.260172;,
  1.981186;21.649309;1.331937;,
  1.411905;21.581755;0.744185;,
  0.385203;21.653430;0.430277;,
  0.429582;21.762120;0.319729;,
  -2.824947;21.794435;2.224270;,
  -2.655452;21.976414;1.316793;,
  -2.556971;21.742309;1.347645;,
  -2.480184;21.901758;0.820235;,
  -2.609977;22.065730;0.712480;,
  -2.537014;21.809101;3.188454;,
  -2.796715;22.002750;2.218136;,
  -2.792484;22.078306;1.302079;,
  -3.079879;22.595586;1.271484;,
  -2.792614;22.693178;-0.000000;,
  -3.148968;23.306486;-0.000000;,
  -3.079881;22.595790;-1.271484;,
  -2.965709;22.673654;-2.215206;,
  -2.792486;22.074394;-1.302079;,
  -2.609979;22.068712;-0.712480;,
  -2.103043;22.107744;-0.301784;,
  -2.057283;22.222664;-0.000000;,
  -2.103041;22.105192;0.301783;,
  -2.049695;21.910146;0.430699;,
  -2.180573;21.714584;0.952116;,
  -2.049697;21.912318;-0.430699;,
  -2.442950;21.656242;1.409184;,
  -2.086770;21.630739;1.029836;,
  -1.782024;21.733634;0.680777;,
  -1.707664;21.660202;0.774058;,
  -2.697491;21.685605;2.241860;,
  -2.423994;21.701288;3.157706;,
  -1.898096;21.664456;3.715680;,
  -1.979571;21.767286;3.773105;,
  -0.949803;21.684696;4.247414;,
  -1.029100;21.763454;4.303628;,
  -1.038356;22.128731;4.275335;,
  -1.993201;22.703186;3.669436;,
  -1.977119;22.055240;3.714406;,
  -2.539287;22.051254;3.185825;,
  -2.883308;22.146656;2.225204;,
  -2.965707;22.673654;2.215206;,
  -2.539568;24.463205;2.830469;,
  -2.969942;24.914794;1.963837;,
  -3.075469;24.259232;2.080130;,
  -2.591787;23.542546;3.020066;,
  -3.088537;23.397888;2.158375;,
  -2.563974;22.849654;3.107682;,
  -2.536808;22.303354;3.155733;,
  -2.436702;25.595635;2.147978;,
  -1.947664;23.602021;3.509728;,
  -1.868789;24.545443;3.325239;,
  -1.735955;25.582843;2.950229;,
  -1.598814;26.490386;2.622311;,
  -2.033545;26.502067;1.841662;,
  -1.193091;27.549830;2.244720;,
  -0.637893;27.592048;2.901471;,
  -0.843636;26.486570;3.254390;,
