xof 0303txt 0032
template ColorRGBA {
 <35ff44e0-6c7c-11cf-8f52-0040333594a3>
 FLOAT red;
 FLOAT green;
 FLOAT blue;
 FLOAT alpha;
}

template ColorRGB {
 <d3e16e81-7835-11cf-8f52-0040333594a3>
 FLOAT red;
 FLOAT green;
 FLOAT blue;
}

template Material {
 <3d82ab4d-62da-11cf-ab39-0020af71e433>
 ColorRGBA faceColor;
 FLOAT power;
 ColorRGB specularColor;
 ColorRGB emissiveColor;
 [...]
}

template TextureFilename {
 <a42790e1-7810-11cf-8f52-0040333594a3>
 STRING filename;
}

template Frame {
 <3d82ab46-62da-11cf-ab39-0020af71e433>
 [...]
}

template Matrix4x4 {
 <f6f23f45-7686-11cf-8f52-0040333594a3>
 array FLOAT matrix[16];
}

template FrameTransformMatrix {
 <f6f23f41-7686-11cf-8f52-0040333594a3>
 Matrix4x4 frameMatrix;
}

template Vector {
 <3d82ab5e-62da-11cf-ab39-0020af71e433>
 FLOAT x;
 FLOAT y;
 FLOAT z;
}

template MeshFace {
 <3d82ab5f-62da-11cf-ab39-0020af71e433>
 DWORD nFaceVertexIndices;
 array DWORD faceVertexIndices[nFaceVertexIndices];
}

template Mesh {
 <3d82ab44-62da-11cf-ab39-0020af71e433>
 DWORD nVertices;
 array Vector vertices[nVertices];
 DWORD nFaces;
 array MeshFace faces[nFaces];
 [...]
}

template MeshNormals {
 <f6f23f43-7686-11cf-8f52-0040333594a3>
 DWORD nNormals;
 array Vector normals[nNormals];
 DWORD nFaceNormals;
 array MeshFace faceNormals[nFaceNormals];
}

template MeshMaterialList {
 <f6f23f42-7686-11cf-8f52-0040333594a3>
 DWORD nMaterials;
 DWORD nFaceIndexes;
 array DWORD faceIndexes[nFaceIndexes];
 [Material <3d82ab4d-62da-11cf-ab39-0020af71e433>]
}

template Coords2d {
 <f6f23f44-7686-11cf-8f52-0040333594a3>
 FLOAT u;
 FLOAT v;
}

template MeshTextureCoords {
 <f6f23f40-7686-11cf-8f52-0040333594a3>
 DWORD nTextureCoords;
 array Coords2d textureCoords[nTextureCoords];
}

template XSkinMeshHeader {
 <3cf169ce-ff7c-44ab-93c0-f78f62d172e2>
 WORD nMaxSkinWeightsPerVertex;
 WORD nMaxSkinWeightsPerFace;
 WORD nBones;
}

template SkinWeights {
 <6f0d123b-bad2-4167-a0d0-80224f25fabb>
 STRING transformNodeName;
 DWORD nWeights;
 array DWORD vertexIndices[nWeights];
 array FLOAT weights[nWeights];
 Matrix4x4 matrixOffset;
}


Material Material__35 {
 1.000000;1.000000;1.000000;1.000000;;
 10.000000;
 0.000000;0.000000;0.000000;;
 0.000000;0.000000;0.000000;;

 TextureFilename {
  "Human_F_L11_Body_diff.dds";
 }
}

Frame Dummy_root {
 

 FrameTransformMatrix {
  1.000000,0.000000,0.000000,0.000000,0.000000,1.000000,0.000000,0.000000,0.000000,0.000000,1.000000,0.000000,0.000000,23.000000,0.000000,1.000000;;
 }

 Frame FxBottom {
  

  FrameTransformMatrix {
   1.000000,0.000000,0.000000,0.000000,0.000000,1.000000,0.000000,0.000000,-0.000000,0.000000,1.000000,0.000000,0.000000,-23.000000,-0.000000,1.000000;;
  }
 }

 Frame Bip01 {
  

  FrameTransformMatrix {
   1.000000,0.000000,0.000001,0.000000,0.000000,1.000000,0.000000,0.000000,-0.000001,0.000000,1.000000,0.000000,-0.194762,0.659397,0.000000,1.000000;;
  }

  Frame Bip01-Pelvis {
   

   FrameTransformMatrix {
    0.000001,1.000000,-0.000001,0.000000,-0.000001,0.000001,1.000000,0.000000,1.000000,-0.000001,0.000001,0.000000,0.000000,0.000000,0.000000,1.000000;;
   }

   Frame Bip01-Spine {
    

    FrameTransformMatrix {
     0.999030,0.000001,0.044033,0.000000,-0.000001,1.000000,0.000003,0.000000,-0.044033,-0.000003,0.999030,0.000000,2.358109,0.000003,-0.000993,1.000000;;
    }

    Frame Bip01-Spine1 {
     

     FrameTransformMatrix {
      0.998814,0.000000,0.048692,0.000000,-0.000000,1.000000,0.000001,0.000000,-0.048693,-0.000002,0.998814,0.000000,0.209326,-0.000000,-0.002766,1.000000;;
     }

     Frame Bip01-Spine2 {
      

      FrameTransformMatrix {
       0.993206,-0.000000,-0.116369,0.000000,0.000000,1.000000,0.000001,0.000000,0.116369,-0.000001,0.993206,0.000000,3.478325,0.000000,-0.001152,1.000000;;
      }

      Frame Bip01-Spine3 {
       

       FrameTransformMatrix {
        0.996891,-0.000001,-0.078797,0.000000,0.000000,1.000000,-0.000001,0.000000,0.078797,0.000001,0.996891,0.000000,1.456829,-0.000000,-0.004309,1.000000;;
       }

       Frame Bip01-Neck {
        

        FrameTransformMatrix {
         0.976813,0.000001,0.214094,0.000000,-0.000001,1.000000,-0.000000,0.000000,-0.214094,0.000000,0.976813,0.000000,5.539909,0.000000,-0.690872,1.000000;;
        }

        Frame Bip01-Head {
         

         FrameTransformMatrix {
          0.999958,-0.000000,-0.009206,0.000000,0.000000,1.000000,-0.000000,0.000000,0.009206,0.000000,0.999958,0.000000,2.474251,-0.000000,0.000001,1.000000;;
         }

         Frame Bip01-HeadNub {
          

          FrameTransformMatrix {
           1.000000,-0.000000,0.000000,0.000000,0.000000,1.000000,0.000001,0.000000,0.000000,-0.000001,1.000000,0.000000,4.628929,-0.000000,-0.000001,1.000000;;
          }
         }

         Frame FxTop {
          

          FrameTransformMatrix {
           0.103621,0.000001,0.994617,0.000000,0.994617,-0.000000,-0.103621,0.000000,0.000000,1.000000,-0.000001,0.000000,4.500027,-0.000004,-0.000000,1.000000;;
          }
         }
        }

        Frame Bip01-L-Clavicle {
         

         FrameTransformMatrix {
          -0.249953,0.966696,0.054990,0.000000,0.944116,0.255930,-0.207716,0.000000,-0.214872,-0.000002,-0.976642,0.000000,-0.753037,0.957158,0.028458,1.000000;;
         }

         Frame Bip01-L-UpperArm {
          

          FrameTransformMatrix {
           0.798871,-0.594050,0.094384,0.000000,0.578814,0.801906,0.148056,0.000000,-0.163640,-0.063647,0.984465,0.000000,2.305935,-0.000004,0.000001,1.000000;;
          }

          Frame Bip01-L-Forearm {
           

           FrameTransformMatrix {
            0.930629,0.000000,-0.365965,0.000000,0.000000,1.000000,-0.000000,0.000000,0.365965,0.000000,0.930629,0.000000,6.131239,0.000000,0.000000,1.000000;;
           }

           Frame Bip01-L-Hand {
            

            FrameTransformMatrix {
             0.989065,-0.040580,0.141786,0.000000,-0.144470,-0.073387,0.986784,0.000000,-0.029638,-0.996478,-0.078447,0.000000,6.144234,0.000002,-0.000002,1.000000;;
            }

            Frame Bip01-L-Finger0 {
             

             FrameTransformMatrix {
              0.722826,-0.531683,0.441403,0.000000,0.371542,-0.239557,-0.896978,0.000000,0.582649,0.812358,0.024384,0.000000,0.431654,-0.683447,0.267918,1.000000;;
             }

             Frame Bip01-L-Finger01 {
              

              FrameTransformMatrix {
               0.985852,0.000000,0.167616,0.000000,-0.000000,1.000000,-0.000001,0.000000,-0.167616,0.000000,0.985852,0.000000,1.065222,0.000006,0.000000,1.000000;;
              }

              Frame Bip01-L-Finger02 {
               

               FrameTransformMatrix {
                0.950837,-0.000000,0.309691,0.000000,0.000000,1.000000,0.000000,0.000000,-0.309691,-0.000000,0.950837,0.000000,0.739172,-0.000004,0.000000,1.000000;;
               }

               Frame Bip01-L-Finger0Nub {
                

                FrameTransformMatrix {
                 1.000000,0.000000,-0.000000,0.000000,-0.000000,1.000000,-0.000000,0.000000,0.000000,0.000000,1.000000,0.000000,0.862501,-0.000002,-0.000001,1.000000;;
                }
               }
              }
             }
            }

            Frame Bip01-L-Finger1 {
             

             FrameTransformMatrix {
              0.890676,0.007232,0.454582,0.000000,0.005919,0.999604,-0.027500,0.000000,-0.454601,0.027185,0.890280,0.000000,2.096303,-0.862210,-0.077713,1.000000;;
             }

             Frame Bip01-L-Finger11 {
              

              FrameTransformMatrix {
               0.877627,-0.000000,0.479344,0.000000,0.000000,1.000000,-0.000000,0.000000,-0.479344,0.000000,0.877627,0.000000,1.331196,0.000002,0.000001,1.000000;;
              }

              Frame Bip01-L-Finger12 {
               

               FrameTransformMatrix {
                0.932920,-0.000000,0.360082,0.000000,0.000000,1.000000,0.000000,0.000000,-0.360082,-0.000000,0.932921,0.000000,0.723097,-0.000002,-0.000000,1.000000;;
               }

               Frame Bip01-L-Finger1Nub {
                

                FrameTransformMatrix {
                 1.000000,-0.000000,-0.000000,0.000000,-0.000000,1.000000,0.000000,0.000000,-0.000000,-0.000000,1.000000,0.000000,0.679667,0.000002,0.000001,1.000000;;
                }
               }
              }
             }
            }

            Frame Bip01-L-Finger2 {
             

             FrameTransformMatrix {
              0.882745,0.035112,0.468540,0.000000,-0.013270,0.998669,-0.049838,0.000000,-0.469666,0.037777,0.882035,0.000000,2.179714,-0.283319,-0.116974,1.000000;;
             }

             Frame Bip01-L-Finger21 {
              

              FrameTransformMatrix {
               0.795542,-0.000000,0.605899,0.000000,0.000000,1.000000,0.000000,0.000000,-0.605899,-0.000000,0.795542,0.000000,1.406771,0.000000,-0.000003,1.000000;;
              }

              Frame Bip01-L-Finger22 {
               

               FrameTransformMatrix {
                0.981120,0.000000,0.193399,0.000000,-0.000000,1.000000,0.000000,0.000000,-0.193399,-0.000000,0.981120,0.000000,0.840509,0.000001,0.000002,1.000000;;
               }

               Frame Bip01-L-Finger2Nub {
                

                FrameTransformMatrix {
                 1.000000,0.000000,0.000000,0.000000,-0.000000,1.000000,-0.000000,0.000000,0.000000,0.000000,1.000001,0.000000,0.664879,-0.000001,0.000000,1.000000;;
                }
               }
              }
             }
            }

            Frame Bip01-L-Finger3 {
             

             FrameTransformMatrix {
              0.896787,0.157212,0.413591,0.000000,-0.134986,0.987396,-0.082634,0.000000,-0.421369,0.018276,0.906705,0.000000,2.073352,0.186407,-0.130489,1.000000;;
             }

             Frame Bip01-L-Finger31 {
              

              FrameTransformMatrix {
               0.760569,0.000000,0.649258,0.000000,0.000001,1.000000,-0.000001,0.000000,-0.649258,0.000001,0.760569,0.000000,1.365459,0.000000,0.000004,1.000000;;
              }

              Frame Bip01-L-Finger32 {
               

               FrameTransformMatrix {
                0.978941,-0.000000,0.204143,0.000000,0.000000,1.000000,0.000000,0.000000,-0.204143,-0.000000,0.978941,0.000000,0.768663,0.000001,0.000001,1.000000;;
               }

               Frame Bip01-L-Finger3Nub {
                

                FrameTransformMatrix {
                 1.000000,0.000000,-0.000000,0.000000,-0.000000,1.000000,0.000000,0.000000,0.000000,0.000000,1.000000,0.000000,0.649355,-0.000001,0.000002,1.000000;;
                }
               }
              }
             }
            }

            Frame Bip01-L-Finger4 {
             

             FrameTransformMatrix {
              0.885086,0.251358,0.391718,0.000000,-0.224521,0.967811,-0.113722,0.000000,-0.407693,0.012705,0.913030,0.000000,1.882343,0.690607,0.070721,1.000000;;
             }

             Frame Bip01-L-Finger41 {
              

              FrameTransformMatrix {
               0.785957,-0.000000,0.618281,0.000000,0.000000,1.000000,-0.000000,0.000000,-0.618281,0.000000,0.785957,0.000000,1.108320,0.000000,-0.000002,1.000000;;
              }

              Frame Bip01-L-Finger42 {
               

               FrameTransformMatrix {
                0.944870,-0.000000,0.327444,0.000000,0.000000,1.000000,0.000000,0.000000,-0.327444,-0.000000,0.944871,0.000000,0.520336,-0.000000,0.000001,1.000000;;
               }

               Frame Bip01-L-Finger4Nub {
                

                FrameTransformMatrix {
                 1.000000,-0.000000,0.000000,0.000000,-0.000000,1.000000,0.000000,0.000000,-0.000000,0.000000,1.000000,0.000000,0.515341,0.000000,-0.000003,1.000000;;
                }
               }
              }
             }
            }

            Frame FxHand00 {
             

             FrameTransformMatrix {
              0.220347,-0.936490,0.272824,0.000000,-0.759402,-0.340240,-0.554568,0.000000,0.612174,-0.084986,-0.786143,0.000000,1.500003,0.499999,2.000000,1.000000;;
             }
            }

            Frame L_Sword {
             

             FrameTransformMatrix {
              0.976767,0.039081,-0.210713,0.000000,0.070766,-0.986897,0.145000,0.000000,-0.202285,-0.156543,-0.966734,0.000000,0.000001,-0.000001,0.000000,1.000000;;
             }
            }
           }

           Frame L_Elbow {
            

            FrameTransformMatrix {
             0.982504,-0.000000,0.186241,0.000000,-0.000000,1.000000,0.000000,0.000000,-0.186241,-0.000000,0.982504,0.000000,-0.000006,0.000000,0.000001,1.000000;;
            }
           }

           Frame L_Shield {
            

            FrameTransformMatrix {
             1.000000,-0.000001,0.000000,0.000000,0.000000,1.000000,0.000000,0.000000,0.000000,-0.000000,1.000000,0.000000,2.499998,2.500004,-0.000001,1.000000;;
            }
           }

           Frame Bip01-L-ForeTwist {
            

            FrameTransformMatrix {
             1.000000,0.000000,-0.000000,0.000000,-0.000000,0.999311,0.037108,0.000000,0.000000,-0.037108,0.999311,0.000000,-0.000006,0.000000,0.000001,1.000000;;
            }
           }
          }

          Frame L_Shoulder {
           

           FrameTransformMatrix {
            0.948343,0.307755,-0.077028,0.000000,-0.311669,0.949122,-0.045063,0.000000,0.059241,0.066743,0.996010,0.000000,0.000000,0.000000,0.000000,1.000000;;
           }
          }

          Frame L_Shoulder_Twist {
           

           FrameTransformMatrix {
            1.000000,0.000000,0.000000,0.000000,-0.000000,1.000000,-0.000000,0.000000,-0.000000,0.000000,1.000000,0.000000,0.000000,0.000000,-0.000000,1.000000;;
           }
          }
         }
        }

        Frame Bip01-R-Clavicle {
         

         FrameTransformMatrix {
          -0.249952,-0.966695,0.054995,0.000000,-0.944116,0.255931,0.207715,0.000000,-0.214872,-0.000003,-0.976642,0.000000,-0.753037,-0.957160,0.028462,1.000000;;
         }

         Frame Bip01-R-UpperArm {
          

          FrameTransformMatrix {
           0.798872,0.594050,0.094384,0.000000,-0.578815,0.801906,-0.148056,0.000000,-0.163639,0.063647,0.984465,0.000000,2.305938,0.000004,0.000001,1.000000;;
          }

          Frame Bip01-R-Forearm {
           

           FrameTransformMatrix {
            0.930629,-0.000000,-0.365965,0.000000,0.000000,1.000000,-0.000000,0.000000,0.365965,-0.000000,0.930629,0.000000,6.131231,0.000002,0.000003,1.000000;;
           }

           Frame Bip01-R-Hand {
            

            FrameTransformMatrix {
             0.989065,0.040580,0.141786,0.000000,0.144470,-0.073387,-0.986784,0.000000,-0.029639,0.996478,-0.078447,0.000000,6.144242,0.000002,-0.000001,1.000000;;
            }

            Frame Bip01-R-Finger0 {
             

             FrameTransformMatrix {
              0.722826,0.531684,0.441402,0.000000,-0.371541,-0.239557,0.896978,0.000000,0.582649,-0.812358,0.024385,0.000000,0.431653,0.683446,0.267916,1.000000;;
             }

             Frame Bip01-R-Finger01 {
              

              FrameTransformMatrix {
               0.985852,0.000000,0.167616,0.000000,-0.000000,1.000000,-0.000000,0.000000,-0.167616,-0.000000,0.985852,0.000000,1.065222,-0.000004,0.000000,1.000000;;
              }

              Frame Bip01-R-Finger02 {
               

               FrameTransformMatrix {
                0.950837,0.000000,0.309691,0.000000,0.000000,1.000000,-0.000000,0.000000,-0.309691,0.000001,0.950837,0.000000,0.739165,0.000004,-0.000001,1.000000;;
               }

               Frame Bip01-R-Finger0Nub {
                

                FrameTransformMatrix {
                 -1.000000,0.000000,0.000000,0.000000,0.000000,1.000000,-0.000000,0.000000,-0.000000,-0.000000,-1.000000,0.000000,0.862505,-0.000002,0.000000,1.000000;;
                }
               }
              }
             }
            }

            Frame Bip01-R-Finger1 {
             

             FrameTransformMatrix {
              0.890676,-0.007232,0.454582,0.000000,-0.005918,0.999604,0.027500,0.000000,-0.454601,-0.027184,0.890281,0.000000,2.096302,0.862207,-0.077709,1.000000;;
             }

             Frame Bip01-R-Finger11 {
              

              FrameTransformMatrix {
               0.877627,0.000000,0.479344,0.000000,-0.000000,1.000000,-0.000000,0.000000,-0.479344,-0.000000,0.877627,0.000000,1.331190,0.000002,-0.000006,1.000000;;
              }

              Frame Bip01-R-Finger12 {
               

               FrameTransformMatrix {
                0.932920,-0.000000,0.360082,0.000000,0.000000,1.000000,-0.000000,0.000000,-0.360082,0.000000,0.932920,0.000000,0.723101,0.000000,0.000003,1.000000;;
               }

               Frame Bip01-R-Finger1Nub {
                

                FrameTransformMatrix {
                 -1.000000,-0.000000,0.000000,0.000000,-0.000000,1.000000,-0.000001,0.000000,-0.000000,-0.000001,-1.000000,0.000000,0.679665,0.000000,0.000002,1.000000;;
                }
               }
              }
             }
            }

            Frame Bip01-R-Finger2 {
             

             FrameTransformMatrix {
              0.882745,-0.035112,0.468540,0.000000,0.013271,0.998670,0.049837,0.000000,-0.469666,-0.037775,0.882036,0.000000,2.179710,0.283315,-0.116970,1.000000;;
             }

             Frame Bip01-R-Finger21 {
              

              FrameTransformMatrix {
               0.795542,-0.000000,0.605898,0.000000,0.000000,1.000000,-0.000000,0.000000,-0.605898,0.000000,0.795542,0.000000,1.406755,0.000001,-0.000002,1.000000;;
              }

              Frame Bip01-R-Finger22 {
               

               FrameTransformMatrix {
                0.981120,-0.000000,0.193399,0.000000,0.000000,1.000000,0.000000,0.000000,-0.193399,0.000000,0.981120,0.000000,0.840508,-0.000001,-0.000003,1.000000;;
               }

               Frame Bip01-R-Finger2Nub {
                

                FrameTransformMatrix {
                 -1.000000,0.000000,-0.000000,0.000000,0.000000,1.000000,0.000000,0.000000,0.000000,0.000000,-1.000001,0.000000,0.664875,0.000001,-0.000001,1.000000;;
                }
               }
              }
             }
            }

            Frame Bip01-R-Finger3 {
             

             FrameTransformMatrix {
              0.896787,-0.157212,0.413592,0.000000,0.134986,0.987396,0.082633,0.000000,-0.421369,-0.018275,0.906705,0.000000,2.073341,-0.186412,-0.130487,1.000000;;
             }

             Frame Bip01-R-Finger31 {
              

              FrameTransformMatrix {
               0.760568,0.000000,0.649258,0.000000,-0.000000,1.000000,-0.000000,0.000000,-0.649257,0.000000,0.760569,0.000000,1.365456,0.000001,-0.000002,1.000000;;
              }

              Frame Bip01-R-Finger32 {
               

               FrameTransformMatrix {
                0.978941,-0.000000,0.204143,0.000000,0.000000,1.000000,-0.000000,0.000000,-0.204143,0.000000,0.978942,0.000000,0.768673,-0.000002,-0.000001,1.000000;;
               }

               Frame Bip01-R-Finger3Nub {
                

                FrameTransformMatrix {
                 -1.000000,-0.000000,0.000000,0.000000,-0.000000,1.000000,-0.000000,0.000000,-0.000000,-0.000000,-1.000000,0.000000,0.649355,0.000000,-0.000002,1.000000;;
                }
               }
              }
             }
            }

            Frame Bip01-R-Finger4 {
             

             FrameTransformMatrix {
              0.885086,-0.251359,0.391717,0.000000,0.224522,0.967811,0.113722,0.000000,-0.407693,-0.012704,0.913031,0.000000,1.882343,-0.690610,0.070721,1.000000;;
             }

             Frame Bip01-R-Finger41 {
              

              FrameTransformMatrix {
               0.785957,-0.000000,0.618281,0.000000,0.000000,1.000000,0.000000,0.000000,-0.618281,-0.000000,0.785957,0.000000,1.108318,0.000000,-0.000002,1.000000;;
              }

              Frame Bip01-R-Finger42 {
               

               FrameTransformMatrix {
                0.944871,0.000000,0.327444,0.000000,-0.000000,1.000000,-0.000000,0.000000,-0.327444,0.000000,0.944870,0.000000,0.520340,0.000000,0.000002,1.000000;;
               }

               Frame Bip01-R-Finger4Nub {
                

                FrameTransformMatrix {
                 -1.000000,0.000000,-0.000000,0.000000,0.000000,1.000001,0.000000,0.000000,0.000000,0.000000,-1.000001,0.000000,0.515337,0.000000,0.000002,1.000000;;
                }
               }
              }
             }
            }

            Frame FxHand01 {
             

             FrameTransformMatrix {
              0.220350,0.936490,0.272822,0.000000,-0.759401,0.340241,-0.554569,0.000000,-0.612173,-0.084982,0.786144,0.000000,1.499996,-0.499998,2.000002,1.000000;;
             }
            }

            Frame R_Sword {
             

             FrameTransformMatrix {
              0.976767,-0.039081,-0.210713,0.000000,0.070767,0.986898,0.145000,0.000000,0.202286,-0.156542,0.966735,0.000000,-0.000002,-0.000002,0.000000,1.000000;;
             }
            }
           }

           Frame R_Elbow {
            

            FrameTransformMatrix {
             0.982504,0.000000,0.186241,0.000000,-0.000000,1.000000,-0.000000,0.000000,-0.186241,0.000000,0.982504,0.000000,0.000002,0.000002,0.000001,1.000000;;
            }
           }

           Frame Bip01-R-ForeTwist {
            

            FrameTransformMatrix {
             1.000000,0.000000,-0.000000,0.000000,0.000000,0.999311,-0.037108,0.000000,0.000000,0.037108,0.999311,0.000000,0.000002,0.000002,0.000001,1.000000;;
            }
           }
          }

          Frame R_Shoulder {
           

           FrameTransformMatrix {
            0.948342,-0.307756,-0.077028,0.000000,0.311669,0.949121,0.045063,0.000000,0.059241,-0.066743,0.996010,0.000000,-0.000002,0.000002,0.000000,1.000000;;
           }
          }

          Frame R_Shoulder_Twist {
           

           FrameTransformMatrix {
            1.000000,0.000000,0.000000,0.000000,0.000000,1.000000,-0.000000,0.000000,-0.000000,0.000000,1.000000,0.000000,0.000000,0.000000,0.000000,1.000000;;
           }
          }
         }
        }
       }

       Frame R_Breast {
        

        FrameTransformMatrix {
         0.063560,0.329543,-0.941999,0.000000,-0.003088,0.943968,0.330023,0.000000,0.997973,-0.018067,0.061016,0.000000,1.272751,-1.452000,1.209911,1.000000;;
        }
       }

       Frame L_Breast {
        

        FrameTransformMatrix {
         -0.063560,0.329545,0.941998,0.000000,0.003087,0.943967,-0.330025,0.000000,-0.997973,-0.018068,-0.061016,0.000000,1.272759,1.451767,1.209907,1.000000;;
        }
       }

       Frame L_spine3 {
        

        FrameTransformMatrix {
         0.980445,0.043405,-0.191946,0.000000,0.044221,-0.999022,-0.000032,0.000000,-0.191760,-0.008456,-0.981405,0.000000,2.104034,3.093147,-0.411916,1.000000;;
        }
       }

       Frame R_spine3 {
        

        FrameTransformMatrix {
         0.980446,-0.043405,-0.191942,0.000000,-0.044220,-0.999022,0.000038,0.000000,-0.191756,0.008450,-0.981406,0.000000,2.104042,-3.093147,-0.411908,1.000000;;
        }
       }

       Frame Acc_LA_Neck {
        

        FrameTransformMatrix {
         0.919453,-0.000000,-0.393199,0.000000,-0.000000,1.000000,-0.000001,0.000000,0.393199,0.000001,0.919454,0.000000,5.885692,0.000002,-1.489706,1.000000;;
        }
       }
      }

      Frame FxCenter {
       

       FrameTransformMatrix {
        -0.023870,0.000003,0.999715,0.000000,0.999715,-0.000000,0.023870,0.000000,0.000000,1.000000,-0.000002,0.000000,1.000004,-0.000002,0.000000,1.000000;;
       }
      }

      Frame Weapon_Back {
       

       FrameTransformMatrix {
        -0.999295,-0.000000,-0.037550,0.000000,0.000000,-1.000000,-0.000002,0.000000,-0.037550,-0.000002,0.999295,0.000000,4.711458,-0.000010,-2.809571,1.000000;;
       }
      }
     }
    }

    Frame Bip01-L-Thigh {
     

     FrameTransformMatrix {
      -0.997343,0.010238,0.072129,0.000000,-0.003068,-0.995100,0.098825,0.000000,0.072788,0.098341,0.992488,0.000000,-2.355772,2.566189,0.104822,1.000000;;
     }

     Frame Bip01-L-Calf {
      

      FrameTransformMatrix {
       0.989801,0.000000,-0.142458,0.000000,0.000000,1.000000,0.000002,0.000000,0.142458,-0.000002,0.989801,0.000000,10.047710,0.000001,0.000001,1.000000;;
      }

      Frame Bip01-L-Foot {
       

       FrameTransformMatrix {
        0.993368,0.006533,0.114794,0.000000,-0.007677,0.999925,0.009526,0.000000,-0.114723,-0.010344,0.993344,0.000000,10.474948,0.000000,0.000001,1.000000;;
       }

       Frame Bip01-L-Toe0 {
        

        FrameTransformMatrix {
         0.005122,-0.000012,0.999987,0.000000,0.000000,1.000000,0.000012,0.000000,-0.999987,-0.000000,0.005122,0.000000,3.213931,-0.000023,1.930074,1.000000;;
        }

        Frame Bip01-L-Toe0Nub {
         

         FrameTransformMatrix {
          -1.000000,-0.000000,0.000000,0.000000,-0.000000,1.000000,0.000000,0.000000,-0.000000,0.000000,-1.000000,0.000000,1.879583,0.000000,0.000000,1.000000;;
         }
        }
       }
      }

      Frame L_Knee {
       

       FrameTransformMatrix {
        0.997447,0.000000,0.071411,0.000000,-0.000000,1.000000,0.000001,0.000000,-0.071411,-0.000001,0.997447,0.000000,-0.000001,0.000000,-0.000000,1.000000;;
       }
      }

      Frame Bip01-LCalfTwist {
       

       FrameTransformMatrix {
        1.000000,-0.000000,-0.000000,0.000000,-0.000000,0.999989,0.004769,0.000000,0.000000,-0.004769,0.999989,0.000000,-0.000001,0.000000,-0.000000,1.000000;;
       }
      }
     }

     Frame L_Thigh {
      

      FrameTransformMatrix {
       1.000000,0.000000,0.000000,0.000000,-0.000000,1.000000,0.000000,0.000000,-0.000000,-0.000000,1.000000,0.000000,0.000002,0.000000,-0.000000,1.000000;;
      }
     }
    }

    Frame Bip01-R-Thigh {
     

     FrameTransformMatrix {
      -0.997343,-0.010238,0.072129,0.000000,0.003068,-0.995101,-0.098822,0.000000,0.072788,-0.098338,0.992488,0.000000,-2.355774,-2.566190,0.104832,1.000000;;
     }

     Frame Bip01-R-Calf {
      

      FrameTransformMatrix {
       0.989801,-0.000000,-0.142458,0.000000,0.000000,1.000000,-0.000001,0.000000,0.142458,0.000001,0.989801,0.000000,10.047706,-0.000001,-0.000000,1.000000;;
      }

      Frame Bip01-R-Foot {
       

       FrameTransformMatrix {
        0.993368,-0.006533,0.114794,0.000000,0.007676,0.999925,-0.009520,0.000000,-0.114724,0.010338,0.993344,0.000000,10.474942,-0.000001,0.000002,1.000000;;
       }

       Frame Bip01-R-Toe0 {
        

        FrameTransformMatrix {
         0.005122,0.000019,0.999987,0.000000,-0.000000,1.000000,-0.000019,0.000000,-0.999987,-0.000000,0.005122,0.000000,3.213934,0.000037,1.930075,1.000000;;
        }

        Frame Bip01-R-Toe0Nub {
         

         FrameTransformMatrix {
          1.000000,0.000000,-0.000000,0.000000,-0.000000,1.000000,-0.000000,0.000000,0.000000,0.000000,1.000000,0.000000,1.879583,0.000000,0.000000,1.000000;;
         }
        }
       }
      }

      Frame R_Knee {
       

       FrameTransformMatrix {
        0.997447,0.000000,0.071411,0.000000,-0.000000,1.000000,-0.000001,0.000000,-0.071411,0.000001,0.997447,0.000000,0.000001,-0.000000,0.000000,1.000000;;
       }
      }

      Frame Bip01-RCalfTwist {
       

       FrameTransformMatrix {
        1.000000,-0.000000,0.000000,0.000000,0.000000,0.999989,-0.004770,0.000000,-0.000000,0.004770,0.999989,0.000000,0.000000,0.000000,0.000000,1.000000;;
       }
      }
     }

     Frame R_Thigh {
      

      FrameTransformMatrix {
       1.000000,-0.000000,-0.000000,0.000000,0.000000,1.000000,-0.000000,0.000000,0.000000,0.000000,1.000000,0.000000,0.000002,0.000000,-0.000000,1.000000;;
      }
     }
    }

    Frame Skirt_Dummy {
     

     FrameTransformMatrix {
      -1.000000,0.000002,0.000796,0.000000,-0.000002,-1.000000,-0.000002,0.000000,0.000796,-0.000002,1.000000,0.000000,-0.033831,-0.000001,-0.263520,1.000000;;
     }
    }
   }
  }
 }
}

Frame Human_F_L11_Body_Skel {
 

 FrameTransformMatrix {
  1.000000,0.000000,0.000000,0.000000,0.000000,1.000000,0.000000,0.000000,0.000000,0.000000,1.000000,0.000000,0.000000,0.000000,0.000000,1.000000;;
 }

 Mesh Human_F_L11_Body_Skel {
  3630;
  2.269452;27.614234;0.301425;,
  2.521548;26.189216;0.003872;,
  2.365687;26.181093;0.001436;,
  2.437808;25.176912;0.845465;,
  2.637375;24.820080;0.002503;,
  2.055238;25.457797;2.876679;,
  2.213058;25.673690;1.710710;,
  2.092842;26.342370;2.493987;,
  2.266545;24.755074;1.955055;,
  2.340743;24.332286;1.099808;,
  2.388403;24.056171;0.380657;,
  2.480835;24.825667;0.000000;,
  2.233692;24.060606;0.309040;,
  2.339127;22.970006;0.736901;,
  2.182053;22.962090;0.680395;,
  2.350426;23.369664;1.392790;,
  2.345468;22.482800;1.660077;,
  2.208359;22.824363;2.411875;,
  2.300037;21.855190;2.626490;,
  2.021214;23.145338;3.409922;,
  2.136843;22.076786;3.661108;,
  1.527612;22.322034;4.463688;,
  1.422898;23.431202;4.188299;,
  1.975249;24.306067;3.149852;,
  2.245230;22.235266;0.974842;,
  2.216263;21.595374;1.157856;,
  2.346444;21.631958;1.914091;,
  2.088404;22.232637;0.923474;,
  2.059147;21.505909;1.165970;,
  2.189131;21.536362;1.914650;,
  2.144655;21.745792;2.608883;,
  1.989790;21.956245;3.612927;,
  1.413805;22.191584;4.361988;,
  0.723721;22.564453;4.961571;,
  0.655147;22.421194;4.829350;,
  -0.168883;22.796666;5.209570;,
  -0.182898;22.635872;5.068705;,
  -1.299699;22.958189;4.826157;,
  -1.245137;22.795837;4.696282;,
  -2.209171;23.085990;4.201765;,
  -2.119943;22.930686;4.088444;,
  -0.163802;23.698608;4.798686;,
  0.759121;23.576621;4.619266;,
  -1.041949;24.971882;4.007988;,
  -1.203571;23.802989;4.409650;,
  -0.017269;24.903435;4.452586;,
  0.836673;24.842653;4.337677;,
  1.544009;24.699347;3.935758;,
  1.610998;25.883123;3.603291;,
  0.999564;26.017882;3.958011;,
  0.089439;26.077882;4.007867;,
  -0.843904;26.162149;3.562156;,
  -1.931907;25.075568;3.187095;,
  -1.686582;26.356453;2.718979;,
  -0.646931;27.280822;3.071959;,
  -1.216993;27.520650;2.203156;,
  0.167840;27.166554;3.466614;,
  0.977929;27.073277;3.398971;,
  1.700461;26.823261;3.103604;,
  -1.566040;30.197722;1.515625;,
  -1.075838;29.487216;1.879498;,
  -1.183728;30.208304;2.015091;,
  -0.595773;29.365610;2.244793;,
  -1.081931;28.559715;1.927926;,
  -0.567012;28.386374;2.516291;,
  0.149634;28.243430;2.901355;,
  0.981127;28.128963;2.863067;,
  0.064128;29.251507;2.533542;,
  -1.045422;30.703270;2.319626;,
  -1.614464;31.635632;2.294382;,
  -1.544421;30.799549;1.895815;,
  -0.546429;30.014416;2.428229;,
  0.162472;29.884698;2.529827;,
  1.017558;29.097533;2.438481;,
  1.879079;28.912650;2.012569;,
  1.700216;27.824982;2.567283;,
  2.006753;27.088755;2.025691;,
  2.120247;27.646464;1.664197;,
  1.700348;27.284915;2.855268;,
  1.930485;29.636509;1.953253;,
  1.143073;29.707168;2.427879;,
  1.313852;30.633914;2.611432;,
  2.038775;30.473437;2.110831;,
  -0.340364;30.860282;2.666113;,
  0.322791;30.768643;2.696148;,
  0.479249;31.562093;2.842041;,
  1.534795;31.581571;2.815869;,
  2.150154;31.177072;2.387096;,
  2.358165;30.446125;1.730606;,
  2.156757;29.638458;1.567920;,
  2.218239;28.954070;1.559881;,
  2.358272;28.993722;1.051233;,
  2.297616;27.549354;0.905886;,
  2.338039;29.670010;1.069876;,
  1.957242;31.709389;2.935931;,
  2.286398;26.549875;1.336641;,
  2.419527;26.173256;0.564987;,
  2.423007;27.605424;0.380265;,
  2.439477;29.017901;0.604800;,
  2.538459;29.767360;0.720676;,
  2.306956;29.039123;0.494145;,
  2.387287;29.793568;0.603568;,
  2.704931;30.683126;0.871914;,
  2.528950;30.560694;1.306299;,
  2.709599;31.213798;1.314589;,
  2.519729;31.132166;1.671638;,
  2.930271;31.445882;1.446712;,
  3.130314;32.112909;1.403040;,
  3.114269;32.304797;2.090520;,
  3.079132;31.865558;1.773726;,
  2.993332;31.584784;1.141026;,
  2.868169;31.293526;1.002571;,
  2.569656;30.721891;0.750103;,
  2.694750;31.324637;2.000578;,
  2.900340;31.792976;2.375015;,
  2.988045;32.273578;2.462671;,
  3.133861;32.599504;2.181114;,
  3.034505;32.570099;2.504524;,
  3.029619;32.794704;2.514411;,
  2.909718;32.972682;2.619751;,
  2.996572;33.118474;2.382879;,
  2.333784;31.446912;2.601941;,
  2.619662;31.878358;2.723137;,
  2.822796;32.354230;2.690146;,
  2.860914;32.635430;2.683862;,
  2.696343;32.939526;2.817127;,
  2.598001;33.158509;2.805481;,
  2.629815;32.531443;2.877911;,
  2.714473;32.719962;2.787144;,
  2.457648;32.806653;2.982158;,
  2.345802;33.082291;2.992723;,
  2.259441;33.271728;2.941445;,
  1.885286;32.965053;3.121443;,
  1.771575;33.372128;3.024599;,
  2.502447;33.256368;2.785009;,
  2.723767;33.202870;2.658892;,
  2.558948;33.355395;2.682806;,
  2.251354;33.529907;2.804108;,
  1.788279;33.719933;2.865134;,
  1.350082;33.823424;2.856858;,
  1.317056;33.406541;2.980045;,
  0.968796;33.385581;2.982679;,
  2.843946;33.331347;2.473852;,
  2.664191;33.523261;2.462508;,
  2.328857;33.744746;2.599692;,
  1.909462;34.010326;2.579816;,
  2.497193;33.832771;2.311162;,
  2.057049;34.196083;2.227046;,
  2.623641;33.822250;2.047138;,
  3.036950;33.189686;2.034295;,
  2.904439;33.452477;2.105381;,
  2.721388;33.600899;2.254285;,
  2.740803;33.709942;1.853630;,
  2.915032;33.434102;1.786347;,
  3.044496;33.208035;1.762636;,
  2.188128;34.164566;1.897858;,
  2.370875;34.192874;2.029713;,
  2.760511;33.762138;1.932686;,
  2.958989;33.480422;1.839791;,
  3.079079;33.229667;1.764077;,
  3.134737;32.921978;1.718524;,
  3.124897;32.889136;1.985298;,
  1.509051;34.997741;2.134399;,
  1.832610;34.469555;1.916387;,
  2.032582;34.478195;2.059680;,
  0.941737;35.808317;2.265048;,
  0.865965;35.312720;1.967806;,
  1.118281;35.471526;2.239193;,
  1.378018;34.852874;1.879223;,
  1.686435;34.446874;2.102562;,
  1.551597;34.242758;2.593495;,
  1.168234;34.488877;2.537251;,
  1.297978;34.758733;1.971365;,
  1.006927;33.922150;2.828397;,
  0.676995;34.165302;2.911316;,
  0.620957;34.803642;2.681479;,
  0.737414;35.253581;2.177998;,
  0.354273;35.790947;1.918749;,
  1.063807;36.255882;2.644721;,
  0.262814;33.509853;2.931948;,
  0.448808;35.317536;2.671669;,
  0.075870;35.971331;2.615590;,
  -1.980210;33.802826;2.950790;,
  -1.129709;33.242851;3.078909;,
  -1.101012;33.441696;3.096941;,
  -0.296260;33.317981;3.014230;,
  -0.357841;33.508435;2.995489;,
  0.138772;33.678874;2.912085;,
  0.512448;34.279616;2.893759;,
  0.500358;34.828112;2.795719;,
  0.295816;35.272163;2.515381;,
  -0.027287;35.865350;2.714567;,
  -0.035803;35.850400;2.471999;,
  0.303986;35.284595;2.758370;,
  0.445469;34.805149;2.530125;,
  0.455932;34.082726;2.736889;,
  0.147172;33.666317;2.752800;,
  -0.351242;33.495395;2.739002;,
  -0.355586;36.523888;2.595284;,
  -0.410539;36.365952;2.696532;,
  -0.661426;36.737334;2.605423;,
  -0.682210;36.545770;2.685946;,
  -1.072305;36.848774;2.666026;,
  -1.047185;36.644765;2.739777;,
  -0.378558;36.728710;1.885223;,
  -0.854625;37.681206;1.867253;,
  -0.961376;37.064627;1.688492;,
  -0.714940;36.700707;2.047609;,
  -1.040786;36.838643;2.045767;,
  -0.253117;36.351718;2.036139;,
  0.237708;35.850013;1.960903;,
  -0.004279;36.247907;1.875149;,
  0.163339;36.946077;2.259355;,
  -0.378558;37.291875;2.128280;,
  0.706597;36.527283;2.502285;,
  1.521970;36.833344;3.526376;,
  1.022892;37.195930;3.440895;,
  0.350904;37.627526;3.246999;,
  -0.376143;38.014419;2.923574;,
  -0.968141;38.342278;2.569502;,
  -2.792157;24.074490;2.932009;,
  -2.891813;23.172739;3.371761;,
  -2.769904;23.027397;3.287592;,
  -3.460608;23.218635;2.139698;,
  -3.295313;24.116141;1.932398;,
  -2.563765;25.180755;2.419282;,
  -2.979207;25.160176;1.616461;,
  -2.217999;26.351459;1.926964;,
  -2.604456;26.303443;1.213104;,
  -1.604612;27.576678;1.330445;,
  -1.336521;28.655709;1.291849;,
  -1.360353;29.615155;1.357403;,
  -1.850960;30.330099;0.642733;,
  -2.015593;27.692330;0.653786;,
  -1.586540;28.746429;0.586824;,
  -1.563803;29.666541;0.583900;,
  -1.694478;30.345341;-0.000000;,
  -2.146310;31.161789;0.716471;,
  -2.083691;31.394928;-0.000000;,
  -2.480221;32.950714;-0.000000;,
  -2.610264;33.407578;1.326096;,
  -2.500796;32.532032;1.096268;,
  -1.489174;28.693677;-0.000000;,
  -1.975596;27.628467;-0.000000;,
  -1.431731;29.636790;-0.000000;,
  -1.563803;29.666541;-0.583901;,
  -1.850960;30.330099;-0.642733;,
  -1.360353;29.615155;-1.357403;,
  -1.566040;30.197722;-1.515625;,
  -1.075838;29.487216;-1.879498;,
  -1.336521;28.655709;-1.291849;,
  -0.595772;29.365610;-2.244793;,
  -1.081931;28.559715;-1.927926;,
  -1.604612;27.576678;-1.330445;,
  -2.015593;27.692330;-0.653786;,
  -1.586540;28.746429;-0.586825;,
  -0.567012;28.386374;-2.516291;,
  -1.216993;27.520650;-2.203156;,
  -2.217999;26.351459;-1.926964;,
  -2.604456;26.303443;-1.213105;,
  -2.804680;26.159771;-0.522497;,
  -1.686581;26.356453;-2.718979;,
  -2.563765;25.180754;-2.419282;,
  -2.979207;25.160176;-1.616461;,
  -3.250690;25.129968;-0.663773;,
  -2.775440;26.161698;-0.000000;,
  -3.336974;25.040483;-0.000000;,
  -3.651564;23.981720;-0.000000;,
  -3.574576;24.047381;-0.799481;,
  -3.250690;25.129968;0.663773;,
  -2.804680;26.159771;0.522497;,
  -3.574576;24.047381;0.799480;,
  -3.738982;23.232802;0.889891;,
  -3.747219;23.234549;-0.000000;,
  -3.738982;23.232802;-0.889891;,
  -3.295313;24.116141;-1.932398;,
  -3.460608;23.218635;-2.139698;,
  -2.792156;24.074490;-2.932009;,
  -2.891812;23.172739;-3.371761;,
  -2.209171;23.085989;-4.201763;,
  -2.769904;23.027395;-3.287594;,
  -3.317540;23.086677;-2.087483;,
  -3.586300;23.107349;-0.871174;,
  -3.592032;23.115594;-0.000000;,
  -3.586300;23.107349;0.871174;,
  -3.317540;23.086677;2.087482;,
  0.723722;22.564454;-4.961571;,
  1.413805;22.191582;-4.361988;,
  0.655147;22.421192;-4.829350;,
  -0.168883;22.796666;-5.209568;,
  -0.182897;22.635872;-5.068706;,
  -1.299699;22.958189;-4.826156;,
  -1.245136;22.795835;-4.696282;,
  -2.119943;22.930686;-4.088444;,
  -0.163801;23.698608;-4.798685;,
  -1.203571;23.802989;-4.409648;,
  -2.118771;24.000458;-3.779543;,
  0.977929;27.073274;-3.398972;,
  0.089439;26.077882;-4.007865;,
  0.167840;27.166554;-3.466612;,
  0.999565;26.017882;-3.958011;,
  -0.017268;24.903435;-4.452586;,
  -1.041949;24.971882;-4.007988;,
  -1.931907;25.075570;-3.187097;,
  -0.843904;26.162149;-3.562156;,
  -0.646931;27.280822;-3.071959;,
  0.149634;28.243430;-2.901355;,
  0.981127;28.128963;-2.863067;,
  1.930485;29.636509;-1.953253;,
  2.358165;30.446125;-1.730607;,
  2.156757;29.638458;-1.567920;,
  1.879079;28.912646;-2.012569;,
  1.017559;29.097533;-2.438481;,
  0.064128;29.251510;-2.533542;,
  2.038775;30.473437;-2.110831;,
  1.534795;31.581571;-2.815868;,
  2.150154;31.177072;-2.387097;,
  1.143073;29.707168;-2.427879;,
  0.162472;29.884698;-2.529827;,
  1.313852;30.633914;-2.611432;,
  0.322791;30.768643;-2.696148;,
  -1.183728;30.208304;-2.015091;,
  -0.546429;30.014416;-2.428229;,
  -0.340363;30.860282;-2.666113;,
  0.479249;31.562093;-2.842041;,
  -1.045422;30.703270;-2.319626;,
  -1.544421;30.799549;-1.895815;,
  -0.879171;31.483475;-2.639608;,
  -1.614464;31.635632;-2.294382;,
  -1.821759;30.971674;-1.318890;,
  -2.146310;31.161789;-0.716471;,
  -2.086585;32.049610;-1.726979;,
  -1.678237;32.436803;-2.687466;,
  -2.500796;32.532032;-1.096268;,
  -2.109100;32.673750;-2.122562;,
  -2.068726;33.146099;-2.632681;,
  -1.323876;32.898845;-2.909474;,
  -1.129710;33.242851;-3.078908;,
  -0.867843;32.781498;-2.980511;,
  -0.296260;33.317981;-3.014230;,
  -2.122683;33.649398;-2.850741;,
  -2.617852;33.734099;-0.000000;,
  -2.610264;33.407578;-1.326096;,
  -2.714306;33.939706;-1.911846;,
  -2.518284;34.359168;-2.636983;,
  -2.511329;34.439990;-2.746688;,
  -2.550533;35.558150;-2.647875;,
  -2.876667;35.065482;-0.892201;,
  -2.803894;35.294464;-1.410824;,
  -2.696561;35.544106;-2.183883;,
  -2.624407;36.191174;-1.282310;,
  -2.297080;36.323034;-2.023922;,
  -2.214987;36.887299;-1.150745;,
