xof 0303txt 0032
template ColorRGBA {
 <35ff44e0-6c7c-11cf-8f52-0040333594a3>
 FLOAT red;
 FLOAT green;
 FLOAT blue;
 FLOAT alpha;
}

template ColorRGB {
 <d3e16e81-7835-11cf-8f52-0040333594a3>
 FLOAT red;
 FLOAT green;
 FLOAT blue;
}

template Material {
 <3d82ab4d-62da-11cf-ab39-0020af71e433>
 ColorRGBA faceColor;
 FLOAT power;
 ColorRGB specularColor;
 ColorRGB emissiveColor;
 [...]
}

template TextureFilename {
 <a42790e1-7810-11cf-8f52-0040333594a3>
 STRING filename;
}

template Frame {
 <3d82ab46-62da-11cf-ab39-0020af71e433>
 [...]
}

template Matrix4x4 {
 <f6f23f45-7686-11cf-8f52-0040333594a3>
 array FLOAT matrix[16];
}

template FrameTransformMatrix {
 <f6f23f41-7686-11cf-8f52-0040333594a3>
 Matrix4x4 frameMatrix;
}

template Vector {
 <3d82ab5e-62da-11cf-ab39-0020af71e433>
 FLOAT x;
 FLOAT y;
 FLOAT z;
}

template MeshFace {
 <3d82ab5f-62da-11cf-ab39-0020af71e433>
 DWORD nFaceVertexIndices;
 array DWORD faceVertexIndices[nFaceVertexIndices];
}

template Mesh {
 <3d82ab44-62da-11cf-ab39-0020af71e433>
 DWORD nVertices;
 array Vector vertices[nVertices];
 DWORD nFaces;
 array MeshFace faces[nFaces];
 [...]
}

template MeshNormals {
 <f6f23f43-7686-11cf-8f52-0040333594a3>
 DWORD nNormals;
 array Vector normals[nNormals];
 DWORD nFaceNormals;
 array MeshFace faceNormals[nFaceNormals];
}

template MeshMaterialList {
 <f6f23f42-7686-11cf-8f52-0040333594a3>
 DWORD nMaterials;
 DWORD nFaceIndexes;
 array DWORD faceIndexes[nFaceIndexes];
 [Material <3d82ab4d-62da-11cf-ab39-0020af71e433>]
}

template Coords2d {
 <f6f23f44-7686-11cf-8f52-0040333594a3>
 FLOAT u;
 FLOAT v;
}

template MeshTextureCoords {
 <f6f23f40-7686-11cf-8f52-0040333594a3>
 DWORD nTextureCoords;
 array Coords2d textureCoords[nTextureCoords];
}

template XSkinMeshHeader {
 <3cf169ce-ff7c-44ab-93c0-f78f62d172e2>
 WORD nMaxSkinWeightsPerVertex;
 WORD nMaxSkinWeightsPerFace;
 WORD nBones;
}

template SkinWeights {
 <6f0d123b-bad2-4167-a0d0-80224f25fabb>
 STRING transformNodeName;
 DWORD nWeights;
 array DWORD vertexIndices[nWeights];
 array FLOAT weights[nWeights];
 Matrix4x4 matrixOffset;
}


Material Material__35 {
 1.000000;1.000000;1.000000;1.000000;;
 10.000000;
 0.000000;0.000000;0.000000;;
 0.000000;0.000000;0.000000;;

 TextureFilename {
  "Human_F_L12_Body_diff.dds";
 }
}

Frame Dummy_root {
 

 FrameTransformMatrix {
  1.000000,0.000000,0.000000,0.000000,0.000000,1.000000,0.000000,0.000000,0.000000,0.000000,1.000000,0.000000,0.000000,23.000000,0.000000,1.000000;;
 }

 Frame FxBottom {
  

  FrameTransformMatrix {
   1.000000,0.000000,0.000000,0.000000,0.000000,1.000000,0.000000,0.000000,-0.000000,0.000000,1.000000,0.000000,0.000000,-23.000000,-0.000000,1.000000;;
  }
 }

 Frame Bip01 {
  

  FrameTransformMatrix {
   1.000000,0.000000,0.000001,0.000000,0.000000,1.000000,0.000000,0.000000,-0.000001,0.000000,1.000000,0.000000,-0.194762,0.659397,0.000000,1.000000;;
  }

  Frame Bip01-Pelvis {
   

   FrameTransformMatrix {
    0.000001,1.000000,-0.000001,0.000000,-0.000001,0.000001,1.000000,0.000000,1.000000,-0.000001,0.000001,0.000000,0.000000,0.000000,0.000000,1.000000;;
   }

   Frame Bip01-Spine {
    

    FrameTransformMatrix {
     0.999030,0.000001,0.044033,0.000000,-0.000001,1.000000,0.000004,0.000000,-0.044033,-0.000004,0.999030,0.000000,2.358109,0.000003,-0.000993,1.000000;;
    }

    Frame Bip01-Spine1 {
     

     FrameTransformMatrix {
      0.998814,0.000000,0.048692,0.000000,-0.000000,1.000000,0.000001,0.000000,-0.048692,-0.000001,0.998814,0.000000,0.209322,0.000000,-0.002767,1.000000;;
     }

     Frame Bip01-Spine2 {
      

      FrameTransformMatrix {
       0.993206,-0.000000,-0.116369,0.000000,0.000000,1.000000,-0.000002,0.000000,0.116369,0.000002,0.993206,0.000000,3.478325,0.000000,-0.001152,1.000000;;
      }

      Frame Bip01-Spine3 {
       

       FrameTransformMatrix {
        0.996891,-0.000000,-0.078796,0.000000,0.000000,1.000000,0.000001,0.000000,0.078797,-0.000001,0.996891,0.000000,1.456833,0.000000,-0.004309,1.000000;;
       }

       Frame Bip01-Neck {
        

        FrameTransformMatrix {
         0.976813,0.000001,0.214094,0.000000,-0.000001,1.000000,-0.000000,0.000000,-0.214094,-0.000000,0.976813,0.000000,5.539904,0.000000,-0.690872,1.000000;;
        }

        Frame Bip01-Head {
         

         FrameTransformMatrix {
          0.999957,0.000000,-0.009206,0.000000,0.000000,1.000000,-0.000000,0.000000,0.009206,0.000000,0.999957,0.000000,2.474255,-0.000000,0.000002,1.000000;;
         }

         Frame Bip01-HeadNub {
          

          FrameTransformMatrix {
           1.000000,-0.000000,0.000000,0.000000,0.000000,1.000000,0.000001,0.000000,-0.000000,-0.000001,1.000000,0.000000,4.628922,-0.000000,0.000000,1.000000;;
          }
         }

         Frame FxTop {
          

          FrameTransformMatrix {
           0.103621,0.000001,0.994617,0.000000,0.994617,-0.000000,-0.103621,0.000000,0.000000,1.000000,-0.000001,0.000000,4.500019,-0.000004,0.000000,1.000000;;
          }
         }
        }

        Frame Bip01-L-Clavicle {
         

         FrameTransformMatrix {
          -0.249952,0.966696,0.054990,0.000000,0.944116,0.255930,-0.207716,0.000000,-0.214871,-0.000003,-0.976642,0.000000,-0.753025,0.957158,0.028459,1.000000;;
         }

         Frame Bip01-L-UpperArm {
          

          FrameTransformMatrix {
           0.798871,-0.594050,0.094383,0.000000,0.578814,0.801906,0.148056,0.000000,-0.163639,-0.063647,0.984465,0.000000,2.305936,-0.000008,0.000002,1.000000;;
          }

          Frame Bip01-L-Forearm {
           

           FrameTransformMatrix {
            0.930629,-0.000000,-0.365965,0.000000,0.000000,1.000000,0.000000,0.000000,0.365965,-0.000000,0.930629,0.000000,6.131237,0.000002,0.000000,1.000000;;
           }

           Frame Bip01-L-Hand {
            

            FrameTransformMatrix {
             0.989065,-0.040580,0.141786,0.000000,-0.144470,-0.073386,0.986784,0.000000,-0.029638,-0.996478,-0.078446,0.000000,6.144238,0.000000,-0.000002,1.000000;;
            }

            Frame Bip01-L-Finger0 {
             

             FrameTransformMatrix {
              0.722825,-0.531683,0.441403,0.000000,0.371541,-0.239557,-0.896978,0.000000,0.582649,0.812358,0.024384,0.000000,0.431653,-0.683448,0.267920,1.000000;;
             }

             Frame Bip01-L-Finger01 {
              

              FrameTransformMatrix {
               0.985852,0.000000,0.167616,0.000000,-0.000000,1.000000,0.000000,0.000000,-0.167615,-0.000000,0.985852,0.000000,1.065220,0.000004,-0.000002,1.000000;;
              }

              Frame Bip01-L-Finger02 {
               

               FrameTransformMatrix {
                0.950837,0.000000,0.309691,0.000000,-0.000000,1.000000,0.000000,0.000000,-0.309691,-0.000000,0.950837,0.000000,0.739169,0.000002,0.000002,1.000000;;
               }

               Frame Bip01-L-Finger0Nub {
                

                FrameTransformMatrix {
                 1.000000,0.000000,0.000000,0.000000,0.000000,1.000000,-0.000000,0.000000,-0.000000,0.000000,1.000000,0.000000,0.862505,-0.000002,0.000002,1.000000;;
                }
               }
              }
             }
            }

            Frame Bip01-L-Finger1 {
             

             FrameTransformMatrix {
              0.890675,0.007232,0.454582,0.000000,0.005919,0.999604,-0.027500,0.000000,-0.454601,0.027185,0.890280,0.000000,2.096301,-0.862211,-0.077713,1.000000;;
             }

             Frame Bip01-L-Finger11 {
              

              FrameTransformMatrix {
               0.877627,-0.000000,0.479344,0.000000,0.000001,1.000000,-0.000000,0.000000,-0.479344,0.000000,0.877627,0.000000,1.331196,0.000003,-0.000001,1.000000;;
              }

              Frame Bip01-L-Finger12 {
               

               FrameTransformMatrix {
                0.932921,-0.000001,0.360082,0.000000,-0.000000,1.000000,0.000001,0.000000,-0.360082,-0.000001,0.932921,0.000000,0.723105,-0.000003,0.000002,1.000000;;
               }

               Frame Bip01-L-Finger1Nub {
                

                FrameTransformMatrix {
                 1.000000,0.000001,-0.000000,0.000000,-0.000000,1.000000,-0.000001,0.000000,0.000000,0.000001,1.000000,0.000000,0.679661,0.000000,0.000004,1.000000;;
                }
               }
              }
             }
            }

            Frame Bip01-L-Finger2 {
             

             FrameTransformMatrix {
              0.882745,0.035112,0.468539,0.000000,-0.013270,0.998669,-0.049837,0.000000,-0.469666,0.037776,0.882036,0.000000,2.179710,-0.283319,-0.116974,1.000000;;
             }

             Frame Bip01-L-Finger21 {
              

              FrameTransformMatrix {
               0.795542,0.000000,0.605899,0.000000,-0.000000,1.000000,-0.000000,0.000000,-0.605899,0.000000,0.795542,0.000000,1.406765,0.000000,0.000000,1.000000;;
              }

              Frame Bip01-L-Finger22 {
               

               FrameTransformMatrix {
                0.981120,0.000000,0.193399,0.000000,0.000000,1.000000,0.000000,0.000000,-0.193399,-0.000001,0.981120,0.000000,0.840511,0.000000,-0.000003,1.000000;;
               }

               Frame Bip01-L-Finger2Nub {
                

                FrameTransformMatrix {
                 1.000000,-0.000000,-0.000000,0.000000,0.000000,1.000000,-0.000000,0.000000,-0.000000,0.000000,1.000000,0.000000,0.664879,0.000002,0.000000,1.000000;;
                }
               }
              }
             }
            }

            Frame Bip01-L-Finger3 {
             

             FrameTransformMatrix {
              0.896787,0.157211,0.413591,0.000000,-0.134986,0.987396,-0.082633,0.000000,-0.421370,0.018276,0.906705,0.000000,2.073348,0.186406,-0.130487,1.000000;;
             }

             Frame Bip01-L-Finger31 {
              

              FrameTransformMatrix {
               0.760569,-0.000000,0.649258,0.000000,0.000000,1.000000,0.000000,0.000000,-0.649258,-0.000000,0.760569,0.000000,1.365458,0.000000,0.000000,1.000000;;
              }

              Frame Bip01-L-Finger32 {
               

               FrameTransformMatrix {
                0.978941,0.000000,0.204142,0.000000,-0.000000,1.000000,-0.000000,0.000000,-0.204143,0.000000,0.978941,0.000000,0.768665,0.000000,0.000002,1.000000;;
               }

               Frame Bip01-L-Finger3Nub {
                

                FrameTransformMatrix {
                 1.000000,-0.000000,-0.000000,0.000000,0.000000,1.000000,0.000000,0.000000,0.000000,-0.000000,1.000000,0.000000,0.649359,-0.000001,0.000002,1.000000;;
                }
               }
              }
             }
            }

            Frame Bip01-L-Finger4 {
             

             FrameTransformMatrix {
              0.885085,0.251359,0.391718,0.000000,-0.224522,0.967811,-0.113722,0.000000,-0.407693,0.012704,0.913030,0.000000,1.882340,0.690607,0.070721,1.000000;;
             }

             Frame Bip01-L-Finger41 {
              

              FrameTransformMatrix {
               0.785957,0.000000,0.618281,0.000000,0.000000,1.000000,-0.000001,0.000000,-0.618281,0.000001,0.785957,0.000000,1.108320,0.000001,-0.000006,1.000000;;
              }

              Frame Bip01-L-Finger42 {
               

               FrameTransformMatrix {
                0.944871,-0.000001,0.327444,0.000000,0.000000,1.000000,0.000001,0.000000,-0.327444,-0.000000,0.944871,0.000000,0.520344,0.000000,0.000002,1.000000;;
               }

               Frame Bip01-L-Finger4Nub {
                

                FrameTransformMatrix {
                 1.000000,-0.000000,0.000000,0.000000,0.000000,1.000000,-0.000000,0.000000,-0.000000,0.000000,1.000000,0.000000,0.515335,-0.000001,0.000001,1.000000;;
                }
               }
              }
             }
            }

            Frame FxHand00 {
             

             FrameTransformMatrix {
              0.220347,-0.936490,0.272824,0.000000,-0.759401,-0.340240,-0.554568,0.000000,0.612174,-0.084985,-0.786143,0.000000,1.499999,0.499996,2.000000,1.000000;;
             }
            }

            Frame L_Sword {
             

             FrameTransformMatrix {
              0.976767,0.039081,-0.210713,0.000000,0.070766,-0.986897,0.145000,0.000000,-0.202285,-0.156543,-0.966734,0.000000,0.000001,-0.000001,0.000000,1.000000;;
             }
            }
           }

           Frame L_Elbow {
            

            FrameTransformMatrix {
             0.982504,0.000000,0.186241,0.000000,-0.000000,1.000000,0.000000,0.000000,-0.186241,-0.000000,0.982504,0.000000,-0.000004,-0.000004,0.000000,1.000000;;
            }
           }

           Frame L_Shield {
            

            FrameTransformMatrix {
             1.000000,-0.000000,0.000000,0.000000,0.000000,1.000000,0.000000,0.000000,0.000000,-0.000000,1.000000,0.000000,2.500000,2.500000,-0.000001,1.000000;;
            }
           }

           Frame Bip01-L-ForeTwist {
            

            FrameTransformMatrix {
             1.000000,-0.000000,-0.000000,0.000000,0.000000,0.999311,0.037108,0.000000,0.000000,-0.037108,0.999311,0.000000,-0.000004,-0.000004,0.000000,1.000000;;
            }
           }
          }

          Frame L_Shoulder {
           

           FrameTransformMatrix {
            0.948343,0.307755,-0.077028,0.000000,-0.311669,0.949122,-0.045063,0.000000,0.059241,0.066743,0.996010,0.000000,0.000000,0.000000,-0.000000,1.000000;;
           }
          }

          Frame L_Shoulder_Twist {
           

           FrameTransformMatrix {
            1.000000,0.000000,0.000000,0.000000,-0.000000,1.000000,0.000000,0.000000,-0.000000,-0.000000,1.000000,0.000000,0.000000,0.000000,-0.000001,1.000000;;
           }
          }
         }
        }

        Frame Bip01-R-Clavicle {
         

         FrameTransformMatrix {
          -0.249952,-0.966695,0.054995,0.000000,-0.944116,0.255931,0.207714,0.000000,-0.214871,-0.000003,-0.976642,0.000000,-0.753025,-0.957160,0.028463,1.000000;;
         }

         Frame Bip01-R-UpperArm {
          

          FrameTransformMatrix {
           0.798871,0.594050,0.094384,0.000000,-0.578815,0.801906,-0.148056,0.000000,-0.163640,0.063647,0.984465,0.000000,2.305937,0.000008,0.000002,1.000000;;
          }

          Frame Bip01-R-Forearm {
           

           FrameTransformMatrix {
            0.930629,-0.000000,-0.365965,0.000000,0.000000,1.000001,0.000000,0.000000,0.365965,-0.000000,0.930628,0.000000,6.131231,-0.000002,0.000000,1.000000;;
           }

           Frame Bip01-R-Hand {
            

            FrameTransformMatrix {
             0.989065,0.040580,0.141786,0.000000,0.144470,-0.073387,-0.986784,0.000000,-0.029638,0.996477,-0.078447,0.000000,6.144240,0.000000,-0.000001,1.000000;;
            }

            Frame Bip01-R-Finger0 {
             

             FrameTransformMatrix {
              0.722826,0.531683,0.441402,0.000000,-0.371541,-0.239557,0.896978,0.000000,0.582649,-0.812358,0.024384,0.000000,0.431657,0.683447,0.267916,1.000000;;
             }

             Frame Bip01-R-Finger01 {
              

              FrameTransformMatrix {
               0.985852,-0.000000,0.167616,0.000000,0.000000,1.000000,-0.000000,0.000000,-0.167616,0.000000,0.985852,0.000000,1.065220,0.000002,-0.000008,1.000000;;
              }

              Frame Bip01-R-Finger02 {
               

               FrameTransformMatrix {
                0.950838,0.000000,0.309691,0.000000,0.000000,1.000000,-0.000000,0.000000,-0.309691,0.000000,0.950837,0.000000,0.739166,0.000004,0.000000,1.000000;;
               }

               Frame Bip01-R-Finger0Nub {
                

                FrameTransformMatrix {
                 -1.000000,0.000000,0.000000,0.000000,0.000000,1.000000,-0.000000,0.000000,-0.000000,-0.000000,-1.000000,0.000000,0.862501,0.000002,0.000002,1.000000;;
                }
               }
              }
             }
            }

            Frame Bip01-R-Finger1 {
             

             FrameTransformMatrix {
              0.890676,-0.007232,0.454582,0.000000,-0.005920,0.999604,0.027500,0.000000,-0.454601,-0.027185,0.890280,0.000000,2.096304,0.862210,-0.077711,1.000000;;
             }

             Frame Bip01-R-Finger11 {
              

              FrameTransformMatrix {
               0.877627,0.000000,0.479343,0.000000,0.000000,1.000000,-0.000001,0.000000,-0.479344,0.000001,0.877627,0.000000,1.331190,-0.000002,-0.000001,1.000000;;
              }

              Frame Bip01-R-Finger12 {
               

               FrameTransformMatrix {
                0.932921,-0.000000,0.360082,0.000000,0.000000,1.000000,0.000000,0.000000,-0.360082,0.000000,0.932921,0.000000,0.723103,0.000002,-0.000000,1.000000;;
               }

               Frame Bip01-R-Finger1Nub {
                

                FrameTransformMatrix {
                 -1.000000,-0.000000,0.000000,0.000000,-0.000000,1.000000,0.000000,0.000000,0.000000,0.000000,-1.000000,0.000000,0.679665,0.000000,0.000001,1.000000;;
                }
               }
              }
             }
            }

            Frame Bip01-R-Finger2 {
             

             FrameTransformMatrix {
              0.882745,-0.035112,0.468539,0.000000,0.013271,0.998669,0.049837,0.000000,-0.469666,-0.037775,0.882036,0.000000,2.179712,0.283317,-0.116974,1.000000;;
             }

             Frame Bip01-R-Finger21 {
              

              FrameTransformMatrix {
               0.795542,-0.000000,0.605898,0.000000,0.000000,1.000000,0.000000,0.000000,-0.605898,-0.000000,0.795542,0.000000,1.406761,0.000000,0.000001,1.000000;;
              }

              Frame Bip01-R-Finger22 {
               

               FrameTransformMatrix {
                0.981120,-0.000000,0.193399,0.000000,0.000000,1.000000,0.000000,0.000000,-0.193399,-0.000000,0.981121,0.000000,0.840506,0.000000,-0.000001,1.000000;;
               }

               Frame Bip01-R-Finger2Nub {
                

                FrameTransformMatrix {
                 -1.000000,0.000000,0.000000,0.000000,-0.000000,1.000000,-0.000000,0.000000,-0.000000,-0.000000,-1.000000,0.000000,0.664875,0.000001,-0.000001,1.000000;;
                }
               }
              }
             }
            }

            Frame Bip01-R-Finger3 {
             

             FrameTransformMatrix {
              0.896787,-0.157212,0.413592,0.000000,0.134986,0.987396,0.082633,0.000000,-0.421370,-0.018276,0.906705,0.000000,2.073349,-0.186408,-0.130487,1.000000;;
             }

             Frame Bip01-R-Finger31 {
              

              FrameTransformMatrix {
               0.760569,0.000000,0.649257,0.000000,0.000000,1.000000,-0.000000,0.000000,-0.649257,0.000000,0.760568,0.000000,1.365456,0.000001,0.000002,1.000000;;
              }

              Frame Bip01-R-Finger32 {
               

               FrameTransformMatrix {
                0.978941,0.000000,0.204143,0.000000,-0.000000,1.000000,-0.000000,0.000000,-0.204143,0.000000,0.978941,0.000000,0.768669,-0.000001,0.000001,1.000000;;
               }

               Frame Bip01-R-Finger3Nub {
                

                FrameTransformMatrix {
                 -1.000000,0.000000,0.000000,0.000000,-0.000000,1.000000,-0.000000,0.000000,-0.000000,-0.000000,-1.000000,0.000000,0.649353,0.000001,0.000003,1.000000;;
                }
               }
              }
             }
            }

            Frame Bip01-R-Finger4 {
             

             FrameTransformMatrix {
              0.885085,-0.251359,0.391718,0.000000,0.224522,0.967811,0.113722,0.000000,-0.407694,-0.012705,0.913030,0.000000,1.882345,-0.690609,0.070721,1.000000;;
             }

             Frame Bip01-R-Finger41 {
              

              FrameTransformMatrix {
               0.785957,-0.000000,0.618281,0.000000,0.000000,1.000000,-0.000000,0.000000,-0.618281,0.000000,0.785957,0.000000,1.108311,0.000001,-0.000002,1.000000;;
              }

              Frame Bip01-R-Finger42 {
               

               FrameTransformMatrix {
                0.944871,0.000000,0.327444,0.000000,-0.000000,1.000000,0.000000,0.000000,-0.327444,0.000000,0.944871,0.000000,0.520342,-0.000000,-0.000001,1.000000;;
               }

               Frame Bip01-R-Finger4Nub {
                

                FrameTransformMatrix {
                 -1.000000,0.000000,0.000000,0.000000,0.000000,1.000000,0.000000,0.000000,-0.000000,0.000000,-1.000000,0.000000,0.515339,0.000000,-0.000001,1.000000;;
                }
               }
              }
             }
            }

            Frame FxHand01 {
             

             FrameTransformMatrix {
              0.220350,0.936490,0.272822,0.000000,-0.759401,0.340241,-0.554569,0.000000,-0.612173,-0.084982,0.786144,0.000000,1.500002,-0.499999,1.999998,1.000000;;
             }
            }

            Frame R_Sword {
             

             FrameTransformMatrix {
              0.976767,-0.039081,-0.210713,0.000000,0.070766,0.986898,0.145000,0.000000,0.202285,-0.156542,0.966735,0.000000,0.000000,0.000000,0.000000,1.000000;;
             }
            }
           }

           Frame R_Elbow {
            

            FrameTransformMatrix {
             0.982504,0.000000,0.186241,0.000000,-0.000000,1.000000,0.000000,0.000000,-0.186241,-0.000000,0.982504,0.000000,0.000004,0.000000,0.000000,1.000000;;
            }
           }

           Frame Bip01-R-ForeTwist {
            

            FrameTransformMatrix {
             1.000000,-0.000000,-0.000000,0.000000,0.000000,0.999311,-0.037108,0.000000,0.000000,0.037108,0.999312,0.000000,0.000004,0.000000,0.000000,1.000000;;
            }
           }
          }

          Frame R_Shoulder {
           

           FrameTransformMatrix {
            0.948342,-0.307756,-0.077029,0.000000,0.311669,0.949122,0.045063,0.000000,0.059241,-0.066743,0.996010,0.000000,0.000000,0.000000,0.000000,1.000000;;
           }
          }

          Frame R_Shoulder_Twist {
           

           FrameTransformMatrix {
            1.000000,-0.000000,-0.000000,0.000000,0.000000,1.000000,0.000000,0.000000,0.000000,-0.000000,1.000000,0.000000,0.000000,0.000000,0.000000,1.000000;;
           }
          }
         }
        }
       }

       Frame R_Breast {
        

        FrameTransformMatrix {
         0.063560,0.329543,-0.941999,0.000000,-0.003088,0.943968,0.330023,0.000000,0.997973,-0.018067,0.061016,0.000000,1.272749,-1.452000,1.209910,1.000000;;
        }
       }

       Frame L_Breast {
        

        FrameTransformMatrix {
         -0.063561,0.329545,0.941998,0.000000,0.003087,0.943967,-0.330025,0.000000,-0.997973,-0.018069,-0.061017,0.000000,1.272757,1.451767,1.209908,1.000000;;
        }
       }

       Frame L_spine3 {
        

        FrameTransformMatrix {
         0.980445,0.043405,-0.191946,0.000000,0.044221,-0.999022,-0.000033,0.000000,-0.191759,-0.008455,-0.981405,0.000000,2.104033,3.093147,-0.411915,1.000000;;
        }
       }

       Frame R_spine3 {
        

        FrameTransformMatrix {
         0.980446,-0.043405,-0.191942,0.000000,-0.044220,-0.999022,0.000038,0.000000,-0.191756,0.008450,-0.981406,0.000000,2.104040,-3.093147,-0.411908,1.000000;;
        }
       }

       Frame Acc_LA_Neck {
        

        FrameTransformMatrix {
         0.919454,-0.000000,-0.393198,0.000000,-0.000000,1.000000,-0.000001,0.000000,0.393198,0.000001,0.919454,0.000000,5.885698,0.000002,-1.489706,1.000000;;
        }
       }
      }

      Frame FxCenter {
       

       FrameTransformMatrix {
        -0.023870,0.000000,0.999715,0.000000,0.999715,-0.000000,0.023870,0.000000,0.000000,1.000000,-0.000000,0.000000,1.000006,-0.000002,0.000000,1.000000;;
       }
      }

      Frame Weapon_Back {
       

       FrameTransformMatrix {
        -0.999295,-0.000000,-0.037550,0.000000,0.000000,-1.000000,-0.000004,0.000000,-0.037550,-0.000004,0.999295,0.000000,4.711468,-0.000002,-2.809570,1.000000;;
       }
      }
     }
    }

    Frame Bip01-L-Thigh {
     

     FrameTransformMatrix {
      -0.997343,0.010238,0.072130,0.000000,-0.003067,-0.995100,0.098826,0.000000,0.072788,0.098342,0.992487,0.000000,-2.355776,2.566188,0.104821,1.000000;;
     }

     Frame Bip01-L-Calf {
      

      FrameTransformMatrix {
       0.989801,-0.000000,-0.142458,0.000000,0.000000,1.000000,0.000002,0.000000,0.142458,-0.000002,0.989801,0.000000,10.047710,-0.000002,-0.000002,1.000000;;
      }

      Frame Bip01-L-Foot {
       

       FrameTransformMatrix {
        0.993368,0.006533,0.114794,0.000000,-0.007678,0.999925,0.009533,0.000000,-0.114724,-0.010351,0.993344,0.000000,10.474946,0.000000,0.000001,1.000000;;
       }

       Frame Bip01-L-Toe0 {
        

        FrameTransformMatrix {
         0.005122,-0.000005,0.999987,0.000000,0.000000,1.000000,0.000005,0.000000,-0.999987,-0.000000,0.005122,0.000000,3.213933,-0.000009,1.930073,1.000000;;
        }

        Frame Bip01-L-Toe0Nub {
         

         FrameTransformMatrix {
          -1.000000,-0.000000,0.000000,0.000000,-0.000000,1.000000,0.000000,0.000000,-0.000000,0.000000,-1.000000,0.000000,1.879584,0.000000,-0.000000,1.000000;;
         }
        }
       }
      }

      Frame L_Knee {
       

       FrameTransformMatrix {
        0.997447,0.000000,0.071411,0.000000,-0.000000,1.000000,0.000001,0.000000,-0.071411,-0.000001,0.997447,0.000000,-0.000001,0.000000,-0.000000,1.000000;;
       }
      }

      Frame Bip01-LCalfTwist {
       

       FrameTransformMatrix {
        1.000000,0.000000,-0.000000,0.000000,-0.000000,0.999989,0.004769,0.000000,0.000000,-0.004769,0.999989,0.000000,-0.000001,0.000000,-0.000000,1.000000;;
       }
      }
     }

     Frame L_Thigh {
      

      FrameTransformMatrix {
       1.000000,0.000000,0.000000,0.000000,-0.000000,1.000000,0.000000,0.000000,0.000000,0.000000,1.000000,0.000000,0.000000,-0.000000,0.000000,1.000000;;
      }
     }
    }

    Frame Bip01-R-Thigh {
     

     FrameTransformMatrix {
      -0.997343,-0.010238,0.072130,0.000000,0.003068,-0.995101,-0.098819,0.000000,0.072788,-0.098335,0.992488,0.000000,-2.355778,-2.566190,0.104833,1.000000;;
     }

     Frame Bip01-R-Calf {
      

      FrameTransformMatrix {
       0.989801,-0.000001,-0.142458,0.000000,0.000000,1.000000,-0.000003,0.000000,0.142458,0.000003,0.989801,0.000000,10.047706,-0.000001,-0.000001,1.000000;;
      }

      Frame Bip01-R-Foot {
       

       FrameTransformMatrix {
        0.993368,-0.006533,0.114795,0.000000,0.007676,0.999926,-0.009520,0.000000,-0.114724,0.010338,0.993344,0.000000,10.474942,-0.000000,0.000001,1.000000;;
       }

       Frame Bip01-R-Toe0 {
        

        FrameTransformMatrix {
         0.005122,0.000019,0.999987,0.000000,-0.000000,1.000000,-0.000019,0.000000,-0.999987,-0.000000,0.005122,0.000000,3.213933,0.000037,1.930074,1.000000;;
        }

        Frame Bip01-R-Toe0Nub {
         

         FrameTransformMatrix {
          1.000000,0.000000,-0.000000,0.000000,-0.000000,1.000000,0.000000,0.000000,0.000000,0.000000,1.000000,0.000000,1.879583,-0.000000,0.000000,1.000000;;
         }
        }
       }
      }

      Frame R_Knee {
       

       FrameTransformMatrix {
        0.997447,0.000000,0.071411,0.000000,-0.000000,1.000001,-0.000001,0.000000,-0.071411,0.000001,0.997447,0.000000,0.000000,-0.000000,-0.000000,1.000000;;
       }
      }

      Frame Bip01-RCalfTwist {
       

       FrameTransformMatrix {
        1.000000,-0.000000,0.000000,0.000000,0.000000,0.999989,-0.004770,0.000000,-0.000000,0.004770,0.999989,0.000000,-0.000001,-0.000000,-0.000000,1.000000;;
       }
      }
     }

     Frame R_Thigh {
      

      FrameTransformMatrix {
       1.000000,-0.000000,-0.000000,0.000000,0.000000,1.000000,-0.000003,0.000000,0.000000,0.000003,1.000000,0.000000,0.000000,-0.000000,0.000000,1.000000;;
      }
     }
    }

    Frame Skirt_Dummy {
     

     FrameTransformMatrix {
      -1.000000,0.000002,0.000797,0.000000,-0.000002,-1.000000,-0.000001,0.000000,0.000797,-0.000001,1.000000,0.000000,-0.033834,-0.000002,-0.263520,1.000000;;
     }
    }
   }
  }
 }
}

Frame Human_F_L12_Body_Skel {
 

 FrameTransformMatrix {
  1.000000,0.000000,0.000000,0.000000,0.000000,1.000000,0.000000,0.000000,0.000000,0.000000,1.000000,0.000000,0.000000,0.000000,0.000000,1.000000;;
 }

 Mesh Human_F_L12_Body_Skel {
  3334;
  -0.954612;34.079680;3.229084;,
  -0.938818;34.006035;3.098785;,
  -0.525591;34.284736;3.192411;,
  2.261352;23.473237;-0.413301;,
  2.114881;23.771682;-0.889153;,
  2.225683;23.542490;-0.927691;,
  2.504800;23.831120;-0.395226;,
  2.539306;23.801226;0.070238;,
  2.300970;23.438923;0.121128;,
  2.150017;23.703462;-0.382450;,
  2.186596;23.671774;0.110973;,
  2.330284;23.512678;0.430591;,
  2.212842;23.737816;0.388057;,
  2.563461;23.862005;0.325244;,
  2.307371;23.879437;0.345348;,
  2.283219;23.818651;0.090340;,
  2.248713;23.848542;-0.375123;,
  2.470030;23.898624;-0.896688;,
  2.213942;23.916058;-0.876584;,
  2.312832;24.024376;1.232031;,
  2.602809;24.174408;0.865661;,
  2.424782;24.233070;0.831830;,
  2.649467;24.017923;0.456813;,
  2.206182;23.211328;1.182700;,
  2.403964;23.587141;1.406274;,
  2.214631;23.609299;1.397029;,
  2.496592;23.977914;1.248306;,
  2.528774;23.614254;0.830802;,
  2.626484;23.645954;0.246515;,
  2.547478;23.252896;0.408381;,
  2.454706;23.054104;0.795897;,
  2.396240;23.212579;1.201461;,
  2.472798;24.066906;0.403718;,
  2.447373;23.671834;0.183249;,
  2.364323;23.254203;0.352593;,
  2.267327;23.042946;0.758262;,
  1.277811;24.318918;-3.906963;,
  1.445219;24.298869;-3.868292;,
  1.371244;24.065282;-3.841354;,
  1.517433;24.268544;-3.714681;,
  1.424945;24.522125;-3.782015;,
  -0.313874;23.726280;4.422859;,
  -0.876227;23.715786;4.332980;,
  -0.508839;23.351309;4.499870;,
  -0.477143;24.096123;4.294429;,
  -0.852430;24.260837;4.182008;,
  -1.238759;24.076763;4.153446;,
  -0.424764;24.066894;4.113832;,
  -0.817233;24.241782;3.995939;,
  -1.221363;24.045994;3.966520;,
  -1.429892;23.698322;4.217666;,
  -1.272035;23.332451;4.360409;,
  -0.899976;23.170726;4.483925;,
  -1.421599;23.643803;4.034974;,
  -1.257139;23.255302;4.186338;,
  -0.868290;23.083736;4.316555;,
  -0.458761;23.275650;4.331951;,
  -0.254252;23.673989;4.249280;,
  2.201486;23.675755;-2.881702;,
  2.015950;23.572979;-3.264568;,
  2.038296;24.126339;-3.146142;,
  2.292696;24.019539;-2.636167;,
  2.227177;24.431346;-2.716953;,
  2.059752;24.679640;-3.027183;,
  2.068846;24.436042;-2.610981;,
  2.137482;23.998570;-2.526512;,
  1.893960;24.699795;-2.935741;,
  1.693652;24.590122;-3.331731;,
  1.868355;24.576462;-3.405782;,
  1.761379;24.231594;-3.640596;,
  1.834319;23.820312;-3.565170;,
  1.581547;24.223701;-3.577207;,
  1.658431;23.786808;-3.498722;,
  1.849089;23.524125;-3.184709;,
  2.042892;23.633354;-2.783939;,
  -0.418958;24.864742;-3.957772;,
  -0.294457;24.851384;-4.073646;,
  -0.343824;24.611901;-4.042874;,
  -0.135930;24.796520;-4.049975;,
  -0.211881;25.049730;-3.966578;,
  2.478098;23.339325;-1.012147;,
  2.403457;23.199362;-1.428417;,
  2.473968;23.758587;-1.369247;,
  2.542513;23.704970;-0.785278;,
  2.568813;24.103938;-0.930039;,
  2.543449;24.317938;-1.309855;,
  2.388532;24.142584;-0.880669;,
  2.360083;23.718654;-0.728470;,
  2.362954;24.370312;-1.278683;,
  2.277188;24.223168;-1.711764;,
  2.461808;24.178899;-1.723942;,
  2.378802;23.815632;-1.945655;,
  2.361352;23.415512;-1.803622;,
  2.189242;23.837637;-1.943059;,
  2.170639;23.412413;-1.793912;,
  2.214831;23.182293;-1.401071;,
  2.292812;23.330477;-0.965528;,
  2.266602;23.939579;-2.394230;,
  2.371218;23.913883;-2.255871;,
  2.279380;23.686138;-2.277909;,
  2.329243;23.889394;-2.087318;,
  2.318308;24.142622;-2.204392;,
  0.884077;24.047317;-4.211392;,
  0.463902;24.008686;-4.293451;,
  0.644298;24.535131;-4.190621;,
  1.175145;24.346237;-4.110292;,
  1.129988;24.765688;-4.065420;,
  0.824588;25.061438;-4.086787;,
  1.119903;24.753757;-3.875772;,
  1.166234;24.308395;-3.923461;,
  0.801034;25.067112;-3.898028;,
  0.361268;25.023846;-3.976502;,
  0.404313;25.021747;-4.161791;,
  0.112367;24.720099;-4.244364;,
  0.157685;24.301998;-4.298139;,
  0.055186;24.702670;-4.063139;,
  0.101672;24.258808;-4.120737;,
  0.421404;23.948170;-4.117026;,
  0.861092;23.990262;-4.030702;,
  1.644884;23.491074;3.733173;,
  1.771897;23.267475;3.628259;,
  1.804511;23.508501;3.668321;,
  1.854966;23.505368;3.503250;,
  1.729265;23.729027;3.609726;,
  -0.100354;23.636677;4.249723;,
  0.043381;23.402611;4.270833;,
  0.055028;23.643818;4.319928;,
  0.204766;23.629499;4.242285;,
  0.060819;23.863654;4.223158;,
  1.762353;23.004048;3.617198;,
  1.614252;23.495586;3.835544;,
  1.473500;23.513456;3.841253;,
  1.759643;23.840926;3.638462;,
  1.686481;23.984288;3.575192;,
  1.954375;23.506874;3.466174;,
  1.987668;23.497451;3.300605;,
  1.812403;23.161771;3.667371;,
  1.775166;23.289731;3.636955;,
  1.654239;23.494670;3.740358;,
  1.742829;23.706685;3.619152;,
  1.862483;23.501656;3.514200;,
  1.234693;24.338707;-4.002323;,
  1.378088;24.086133;-3.848917;,
  1.383850;23.957443;-3.894541;,
  1.522907;24.263504;-3.727078;,
  1.619905;24.246352;-3.694693;,
  1.432808;24.497544;-3.795233;,
  1.473247;24.627568;-3.806885;,
  1.287061;24.320190;-3.915417;,
  1.311550;23.807344;-3.848206;,
  1.101354;24.383880;-3.983564;,
  1.674345;24.212605;-3.538384;,
  1.439704;24.774602;-3.722401;,
  -0.517320;24.899891;-3.973218;,
  -0.344370;24.634347;-4.048261;,
  -0.392167;24.518677;-4.102901;,
  -0.144130;24.794598;-4.061856;,
  -0.064805;24.779427;-4.124412;,
  -0.221679;25.029125;-3.984505;,
  -0.191998;25.161680;-3.999145;,
  -0.421144;24.868485;-3.969257;,
  -0.415400;24.356781;-4.046812;,
  -0.574080;24.928877;-3.847341;,
  0.085148;24.719200;-4.085666;,
  -0.127575;25.284965;-3.896753;,
  2.294335;23.955086;-2.497565;,
  2.291300;23.705573;-2.279668;,
  2.314624;23.574251;-2.309879;,
  2.341174;23.882794;-2.093337;,
  2.395110;23.862987;-2.005198;,
  2.331151;24.116368;-2.209185;,
  2.379607;24.243376;-2.194747;,
  2.279484;23.939323;-2.394807;,
  2.218228;23.430834;-2.316931;,
  2.182234;24.007638;-2.569051;,
  2.337308;23.836106;-1.845810;,
  2.311789;24.396648;-2.151861;,
  1.508386;23.479058;4.022541;,
  0.973454;23.541419;4.207983;,
  1.298150;23.115619;4.113443;,
  1.380716;23.882259;4.055086;,
  1.034125;24.102547;4.164448;,
  0.646799;23.966568;4.288685;,
  1.341844;23.894459;3.869201;,
  0.979758;24.127451;3.983761;,
  0.574155;23.981978;4.113541;,
  0.433646;23.602637;4.366113;,
  0.563611;23.200173;4.349191;,
  0.912810;22.980288;4.251471;,
  0.350253;23.594902;4.194641;,
  0.485391;23.167874;4.177981;,
  0.850350;22.935333;4.076367;,
  1.253790;23.080093;3.931240;,
  1.474463;23.466618;3.835153;,
  2.314380;23.546654;2.155939;,
  2.168515;23.517850;2.718071;,
  2.236038;23.152771;2.312317;,
  2.305907;23.921539;2.358185;,
  2.219100;24.080709;2.751000;,
  2.088200;23.884643;3.117760;,
  2.132800;23.963352;2.290313;,
  2.042644;24.132370;2.701546;,
  1.905007;23.924093;3.084975;,
  1.996835;23.492466;3.269080;,
  2.019799;23.115654;3.073617;,
  2.117902;22.954994;2.685094;,
  1.808391;23.507498;3.242940;,
  1.832260;23.107166;3.038510;,
  1.934971;22.936494;2.632071;,
  2.058421;23.146678;2.241901;,
  2.140558;23.565174;2.078300;,
  0.217236;34.526022;-2.812837;,
  0.574733;34.106595;-2.561798;,
  0.261540;33.986938;-2.765560;,
  0.234485;35.270307;-2.628452;,
  -0.037146;35.933427;-2.780601;,
  0.136062;35.280118;-3.043278;,
  -0.014850;34.815520;-3.020315;,
  0.004436;34.221645;-3.039831;,
  -0.512347;34.011334;-2.792624;,
  -0.292921;33.314259;-2.816593;,
  -0.903125;33.839590;-2.804317;,
  -0.875396;33.234682;-2.802464;,
  -0.938818;34.006035;-3.098787;,
  -0.525590;34.284733;-3.192410;,
  -0.223659;34.403744;-3.173599;,
  -0.700854;36.645750;-2.613094;,
  -1.072193;36.674163;-3.167763;,
  -1.084224;36.750640;-2.650926;,
  -1.554807;36.567126;-3.243496;,
  -1.529832;36.718736;-2.753798;,
  -2.020838;36.251523;-3.277962;,
  -2.158006;36.290221;-2.721592;,
  -2.384015;35.560893;-3.262806;,
  -2.443427;35.548554;-2.855158;,
  -2.386837;34.666336;-3.049061;,
  -2.392193;34.684272;-3.218953;,
  -2.358660;35.532662;-3.550820;,
  -1.975351;36.101859;-3.643895;,
  -1.572330;36.410563;-3.654302;,
  -1.101266;36.527539;-3.632306;,
  -0.690523;36.591712;-3.127705;,
  -0.650074;36.451898;-3.593663;,
  -0.469495;36.435354;-3.106156;,
  -0.406805;36.295738;-3.544389;,
  -0.091570;35.942512;-3.182599;,
  -0.103206;35.888182;-3.504861;,
  0.078660;35.371162;-3.299879;,
  -0.223659;34.403744;-3.173599;,
  0.075009;34.854429;-3.292858;,
  -0.014850;34.815520;-3.020315;,
  0.136062;35.280118;-3.043278;,
  -0.037146;35.933427;-2.780601;,
  -0.420502;36.461507;-2.580806;,
  -2.443427;35.548554;-2.855158;,
  -2.599723;35.524864;-2.168006;,
  -2.158006;36.290221;-2.721592;,
  -2.386837;34.666336;-3.049061;,
  -2.425762;34.380890;-2.605875;,
  -2.039073;34.020819;-3.058997;,
  -2.392193;34.684272;-3.218953;,
  -2.623485;33.939706;-1.911846;,
  -1.832097;33.184323;-2.646812;,
  -2.041524;33.694483;-2.813579;,
  -1.288609;33.768867;-3.114899;,
  -1.290196;33.560928;-3.042515;,
  -0.903125;33.839590;-2.804317;,
  -0.875396;33.234682;-2.802464;,
  -1.294181;33.165360;-2.852195;,
  -0.938818;34.006035;-3.098787;,
  0.217235;34.526022;2.812838;,
  0.574732;34.106595;2.561798;,
  0.234484;35.270314;2.628452;,
  0.261539;33.986938;2.765560;,
  -0.292921;33.314259;2.816593;,
  -0.903126;33.839590;2.804317;,
  -0.875397;33.234685;2.802464;,
  -0.512348;34.011338;2.792624;,
  0.004435;34.221648;3.039831;,
  -0.014851;34.815526;3.020318;,
  0.136061;35.280122;3.043278;,
  -0.037147;35.933427;2.780602;,
  -0.223659;34.403747;3.173599;,
  -0.525591;34.284736;3.192411;,
  -0.938818;34.006035;3.098786;,
  -2.358660;35.532669;3.550819;,
  -2.020839;36.251526;3.277962;,
  -2.384016;35.560893;3.262808;,
  -1.975351;36.101859;3.643896;,
  -1.554807;36.567130;3.243496;,
  -1.572330;36.410570;3.654302;,
  -1.072193;36.674166;3.167762;,
  -1.101266;36.527542;3.632306;,
  -0.690523;36.591715;3.127706;,
  -0.650074;36.451901;3.593664;,
  -0.469495;36.435357;3.106155;,
  -0.406805;36.295741;3.544387;,
  -0.091570;35.942515;3.182598;,
  -0.103206;35.888182;3.504859;,
  0.078787;35.371075;3.299228;,
  -0.223659;34.403747;3.173599;,
  -0.014851;34.815526;3.020318;,
  0.075009;34.854432;3.292860;,
  0.136061;35.280122;3.043278;,
  -0.037147;35.933427;2.780602;,
  -0.420502;36.461507;2.580807;,
  -0.700855;36.645750;2.613094;,
  -1.084225;36.750640;2.650927;,
  -1.529833;36.718736;2.753798;,
  -2.158006;36.290227;2.721592;,
  -2.443427;35.548554;2.855158;,
  -2.386838;34.666342;3.049060;,
  -2.392193;34.684272;3.218952;,
  -2.386838;34.666342;3.049060;,
  -2.039074;34.020826;3.059000;,
  -2.392193;34.684272;3.218952;,
  -2.041525;33.694490;2.813580;,
  -1.288610;33.768874;3.114901;,
  -1.290197;33.560931;3.042515;,
  -0.903126;33.839590;2.804317;,
  -0.938818;34.006035;3.098786;,
  -0.875397;33.234685;2.802464;,
  -1.294182;33.165360;2.852195;,
  -1.832098;33.184326;2.646812;,
  -2.425762;34.380893;2.605875;,
  -2.599723;35.524864;2.168007;,
  -2.443427;35.548554;2.855158;,
  -2.158006;36.290227;2.721592;,
  -2.623485;33.939706;1.911846;,
  0.024291;23.138958;4.248782;,
  -0.193792;23.647357;4.288520;,
  -0.292282;23.671363;4.190757;,
  0.068289;23.974822;4.254098;,
  0.073169;24.117355;4.156284;,
  0.297361;23.624059;4.278557;,
  0.435281;23.604162;4.188313;,
  0.034697;23.296923;4.318186;,
  0.039917;23.424411;4.269153;,
  -0.099970;23.639530;4.251550;,
  0.060616;23.840584;4.229804;,
  0.200734;23.625344;4.245452;,
  -1.205107;8.691939;-3.777883;,
  -1.417043;9.305241;-3.843629;,
  -1.180355;9.340086;-3.915852;,
  -1.379812;8.728170;-3.716320;,
  -1.469240;8.779245;-3.765775;,
  -1.454706;8.262906;-3.663141;,
  -1.218347;8.211322;-3.773250;,
  -1.021342;9.318977;-3.806710;,
  -1.183355;9.782494;-4.052916;,
  -1.321666;9.831598;-3.881470;,
  -1.409780;10.304914;-3.929390;,
