xof 0303txt 0032
template ColorRGBA {
 <35ff44e0-6c7c-11cf-8f52-0040333594a3>
 FLOAT red;
 FLOAT green;
 FLOAT blue;
 FLOAT alpha;
}

template ColorRGB {
 <d3e16e81-7835-11cf-8f52-0040333594a3>
 FLOAT red;
 FLOAT green;
 FLOAT blue;
}

template Material {
 <3d82ab4d-62da-11cf-ab39-0020af71e433>
 ColorRGBA faceColor;
 FLOAT power;
 ColorRGB specularColor;
 ColorRGB emissiveColor;
 [...]
}

template TextureFilename {
 <a42790e1-7810-11cf-8f52-0040333594a3>
 STRING filename;
}

template Frame {
 <3d82ab46-62da-11cf-ab39-0020af71e433>
 [...]
}

template Matrix4x4 {
 <f6f23f45-7686-11cf-8f52-0040333594a3>
 array FLOAT matrix[16];
}

template FrameTransformMatrix {
 <f6f23f41-7686-11cf-8f52-0040333594a3>
 Matrix4x4 frameMatrix;
}

template Vector {
 <3d82ab5e-62da-11cf-ab39-0020af71e433>
 FLOAT x;
 FLOAT y;
 FLOAT z;
}

template MeshFace {
 <3d82ab5f-62da-11cf-ab39-0020af71e433>
 DWORD nFaceVertexIndices;
 array DWORD faceVertexIndices[nFaceVertexIndices];
}

template Mesh {
 <3d82ab44-62da-11cf-ab39-0020af71e433>
 DWORD nVertices;
 array Vector vertices[nVertices];
 DWORD nFaces;
 array MeshFace faces[nFaces];
 [...]
}

template MeshNormals {
 <f6f23f43-7686-11cf-8f52-0040333594a3>
 DWORD nNormals;
 array Vector normals[nNormals];
 DWORD nFaceNormals;
 array MeshFace faceNormals[nFaceNormals];
}

template MeshMaterialList {
 <f6f23f42-7686-11cf-8f52-0040333594a3>
 DWORD nMaterials;
 DWORD nFaceIndexes;
 array DWORD faceIndexes[nFaceIndexes];
 [Material <3d82ab4d-62da-11cf-ab39-0020af71e433>]
}

template Coords2d {
 <f6f23f44-7686-11cf-8f52-0040333594a3>
 FLOAT u;
 FLOAT v;
}

template MeshTextureCoords {
 <f6f23f40-7686-11cf-8f52-0040333594a3>
 DWORD nTextureCoords;
 array Coords2d textureCoords[nTextureCoords];
}

template XSkinMeshHeader {
 <3cf169ce-ff7c-44ab-93c0-f78f62d172e2>
 WORD nMaxSkinWeightsPerVertex;
 WORD nMaxSkinWeightsPerFace;
 WORD nBones;
}

template SkinWeights {
 <6f0d123b-bad2-4167-a0d0-80224f25fabb>
 STRING transformNodeName;
 DWORD nWeights;
 array DWORD vertexIndices[nWeights];
 array FLOAT weights[nWeights];
 Matrix4x4 matrixOffset;
}


Material Material__35 {
 1.000000;1.000000;1.000000;1.000000;;
 10.000000;
 0.000000;0.000000;0.000000;;
 0.000000;0.000000;0.000000;;

 TextureFilename {
  "Human_F_L13_Body_diff.dds";
 }
}

Frame Dummy_root {
 

 FrameTransformMatrix {
  1.000000,0.000000,0.000000,0.000000,0.000000,1.000000,0.000000,0.000000,0.000000,0.000000,1.000000,0.000000,0.000000,23.000000,0.000000,1.000000;;
 }

 Frame FxBottom {
  

  FrameTransformMatrix {
   1.000000,0.000000,0.000000,0.000000,0.000000,1.000000,0.000000,0.000000,-0.000000,0.000000,1.000000,0.000000,0.000000,-23.000000,-0.000000,1.000000;;
  }
 }

 Frame Bip01 {
  

  FrameTransformMatrix {
   1.000000,0.000000,0.000001,0.000000,0.000000,1.000000,0.000000,0.000000,-0.000001,0.000000,1.000000,0.000000,-0.194762,0.659397,0.000000,1.000000;;
  }

  Frame Bip01-Pelvis {
   

   FrameTransformMatrix {
    0.000001,1.000000,-0.000001,0.000000,-0.000001,0.000001,1.000000,0.000000,1.000000,-0.000001,0.000001,0.000000,0.000000,0.000000,0.000000,1.000000;;
   }

   Frame Bip01-Spine {
    

    FrameTransformMatrix {
     0.999030,0.000001,0.044033,0.000000,-0.000001,1.000000,0.000004,0.000000,-0.044033,-0.000004,0.999030,0.000000,2.358109,0.000003,-0.000993,1.000000;;
    }

    Frame Bip01-Spine1 {
     

     FrameTransformMatrix {
      0.998814,0.000000,0.048692,0.000000,-0.000000,1.000000,0.000001,0.000000,-0.048692,-0.000001,0.998814,0.000000,0.209322,0.000000,-0.002767,1.000000;;
     }

     Frame Bip01-Spine2 {
      

      FrameTransformMatrix {
       0.993206,-0.000000,-0.116369,0.000000,0.000000,1.000000,0.000001,0.000000,0.116369,-0.000001,0.993206,0.000000,3.478325,0.000000,-0.001152,1.000000;;
      }

      Frame Bip01-Spine3 {
       

       FrameTransformMatrix {
        0.996891,-0.000001,-0.078797,0.000000,0.000000,1.000000,-0.000001,0.000000,0.078797,0.000001,0.996891,0.000000,1.456831,-0.000000,-0.004309,1.000000;;
       }

       Frame Bip01-Neck {
        

        FrameTransformMatrix {
         0.976813,0.000001,0.214095,0.000000,-0.000001,1.000000,-0.000000,0.000000,-0.214095,-0.000000,0.976813,0.000000,5.539911,0.000000,-0.690871,1.000000;;
        }

        Frame Bip01-L-Clavicle {
         

         FrameTransformMatrix {
          -0.249952,0.966696,0.054990,0.000000,0.944116,0.255930,-0.207716,0.000000,-0.214872,-0.000003,-0.976642,0.000000,-0.753029,0.957158,0.028458,1.000000;;
         }

         Frame Bip01-L-UpperArm {
          

          FrameTransformMatrix {
           0.798871,-0.594050,0.094384,0.000000,0.578815,0.801906,0.148056,0.000000,-0.163639,-0.063647,0.984465,0.000000,2.305935,-0.000015,0.000001,1.000000;;
          }

          Frame Bip01-L-Forearm {
           

           FrameTransformMatrix {
            0.930629,0.000000,-0.365965,0.000000,-0.000000,1.000000,0.000001,0.000000,0.365965,-0.000000,0.930629,0.000000,6.131233,0.000000,-0.000001,1.000000;;
           }

           Frame Bip01-L-Hand {
            

            FrameTransformMatrix {
             0.989066,-0.040580,0.141786,0.000000,-0.144470,-0.073386,0.986784,0.000000,-0.029638,-0.996478,-0.078446,0.000000,6.144243,0.000002,-0.000002,1.000000;;
            }

            Frame Bip01-L-Finger0 {
             

             FrameTransformMatrix {
              0.722825,-0.531683,0.441402,0.000000,0.371542,-0.239557,-0.896977,0.000000,0.582649,0.812357,0.024384,0.000000,0.431652,-0.683445,0.267914,1.000000;;
             }

             Frame Bip01-L-Finger01 {
              

              FrameTransformMatrix {
               0.985853,0.000000,0.167616,0.000000,-0.000000,1.000001,0.000000,0.000000,-0.167616,0.000000,0.985852,0.000000,1.065223,0.000000,0.000002,1.000000;;
              }

              Frame Bip01-L-Finger02 {
               

               FrameTransformMatrix {
                0.950837,0.000000,0.309692,0.000000,-0.000000,1.000000,-0.000000,0.000000,-0.309691,0.000000,0.950838,0.000000,0.739172,-0.000002,-0.000004,1.000000;;
               }

               Frame Bip01-L-Finger0Nub {
                

                FrameTransformMatrix {
                 1.000000,0.000000,-0.000000,0.000000,0.000000,1.000000,0.000000,0.000000,-0.000000,0.000000,1.000000,0.000000,0.862499,0.000002,-0.000001,1.000000;;
                }
               }
              }
             }
            }

            Frame Bip01-L-Finger1 {
             

             FrameTransformMatrix {
              0.890675,0.007232,0.454582,0.000000,0.005919,0.999604,-0.027500,0.000000,-0.454601,0.027185,0.890280,0.000000,2.096302,-0.862210,-0.077715,1.000000;;
             }

             Frame Bip01-L-Finger11 {
              

              FrameTransformMatrix {
               0.877627,-0.000000,0.479344,0.000000,0.000000,1.000000,-0.000000,0.000000,-0.479344,0.000000,0.877627,0.000000,1.331194,0.000001,0.000004,1.000000;;
              }

              Frame Bip01-L-Finger12 {
               

               FrameTransformMatrix {
                0.932921,0.000000,0.360082,0.000000,-0.000000,1.000000,0.000000,0.000000,-0.360082,-0.000000,0.932921,0.000000,0.723103,0.000000,0.000000,1.000000;;
               }

               Frame Bip01-L-Finger1Nub {
                

                FrameTransformMatrix {
                 1.000000,0.000000,0.000000,0.000000,-0.000000,1.000000,0.000000,0.000000,-0.000001,-0.000000,1.000000,0.000000,0.679663,0.000000,0.000002,1.000000;;
                }
               }
              }
             }
            }

            Frame Bip01-L-Finger2 {
             

             FrameTransformMatrix {
              0.882744,0.035112,0.468539,0.000000,-0.013271,0.998669,-0.049837,0.000000,-0.469666,0.037776,0.882036,0.000000,2.179712,-0.283318,-0.116974,1.000000;;
             }

             Frame Bip01-L-Finger21 {
              

              FrameTransformMatrix {
               0.795542,-0.000000,0.605899,0.000000,-0.000000,1.000000,-0.000000,0.000000,-0.605899,0.000000,0.795542,0.000000,1.406761,-0.000003,0.000000,1.000000;;
              }

              Frame Bip01-L-Finger22 {
               

               FrameTransformMatrix {
                0.981121,-0.000001,0.193398,0.000000,0.000001,1.000000,0.000001,0.000000,-0.193398,-0.000001,0.981121,0.000000,0.840515,0.000001,-0.000003,1.000000;;
               }

               Frame Bip01-L-Finger2Nub {
                

                FrameTransformMatrix {
                 1.000000,0.000001,0.000000,0.000000,-0.000001,1.000000,-0.000001,0.000000,-0.000000,0.000001,1.000000,0.000000,0.664879,-0.000002,0.000001,1.000000;;
                }
               }
              }
             }
            }

            Frame Bip01-L-Finger3 {
             

             FrameTransformMatrix {
              0.896787,0.157211,0.413591,0.000000,-0.134986,0.987396,-0.082634,0.000000,-0.421370,0.018276,0.906705,0.000000,2.073345,0.186407,-0.130489,1.000000;;
             }

             Frame Bip01-L-Finger31 {
              

              FrameTransformMatrix {
               0.760569,-0.000000,0.649258,0.000000,0.000000,1.000000,0.000000,0.000000,-0.649257,-0.000000,0.760568,0.000000,1.365459,0.000000,0.000000,1.000000;;
              }

              Frame Bip01-L-Finger32 {
               

               FrameTransformMatrix {
                0.978941,0.000000,0.204143,0.000000,-0.000000,1.000000,-0.000000,0.000000,-0.204143,0.000000,0.978941,0.000000,0.768671,0.000000,0.000003,1.000000;;
               }

               Frame Bip01-L-Finger3Nub {
                

                FrameTransformMatrix {
                 1.000000,-0.000000,0.000000,0.000000,0.000000,1.000000,-0.000000,0.000000,-0.000000,0.000000,1.000000,0.000000,0.649349,-0.000001,0.000001,1.000000;;
                }
               }
              }
             }
            }

            Frame Bip01-L-Finger4 {
             

             FrameTransformMatrix {
              0.885085,0.251358,0.391718,0.000000,-0.224522,0.967810,-0.113722,0.000000,-0.407694,0.012705,0.913030,0.000000,1.882341,0.690608,0.070721,1.000000;;
             }

             Frame Bip01-L-Finger41 {
              

              FrameTransformMatrix {
               0.785957,0.000000,0.618281,0.000000,0.000001,1.000000,-0.000001,0.000000,-0.618281,0.000001,0.785957,0.000000,1.108315,0.000000,-0.000002,1.000000;;
              }

              Frame Bip01-L-Finger42 {
               

               FrameTransformMatrix {
                0.944870,-0.000000,0.327444,0.000000,0.000000,1.000000,0.000000,0.000000,-0.327444,-0.000000,0.944870,0.000000,0.520340,0.000001,-0.000001,1.000000;;
               }

               Frame Bip01-L-Finger4Nub {
                

                FrameTransformMatrix {
                 1.000000,0.000000,-0.000000,0.000000,-0.000000,1.000000,0.000000,0.000000,0.000000,0.000000,1.000000,0.000000,0.515343,0.000001,-0.000002,1.000000;;
                }
               }
              }
             }
            }

            Frame FxHand00 {
             

             FrameTransformMatrix {
              0.220347,-0.936490,0.272824,0.000000,-0.759401,-0.340240,-0.554568,0.000000,0.612173,-0.084986,-0.786143,0.000000,1.500002,0.499998,1.999996,1.000000;;
             }
            }

            Frame L_Sword {
             

             FrameTransformMatrix {
              0.976766,0.039081,-0.210713,0.000000,0.070766,-0.986898,0.145000,0.000000,-0.202285,-0.156542,-0.966734,0.000000,-0.000003,-0.000001,-0.000002,1.000000;;
             }
            }
           }

           Frame L_Elbow {
            

            FrameTransformMatrix {
             0.982504,-0.000000,0.186241,0.000000,-0.000000,1.000000,-0.000000,0.000000,-0.186241,0.000000,0.982504,0.000000,0.000002,0.000002,-0.000001,1.000000;;
            }
           }

           Frame L_Shield {
            

            FrameTransformMatrix {
             1.000000,-0.000000,-0.000000,0.000000,0.000001,1.000000,-0.000000,0.000000,0.000000,0.000000,1.000000,0.000000,2.500006,2.500000,-0.000002,1.000000;;
            }
           }

           Frame Bip01-L-ForeTwist {
            

            FrameTransformMatrix {
             1.000000,-0.000000,-0.000000,0.000000,0.000000,0.999311,0.037107,0.000000,0.000000,-0.037107,0.999311,0.000000,0.000002,0.000000,0.000000,1.000000;;
            }
           }
          }

          Frame L_Shoulder {
           

           FrameTransformMatrix {
            0.948343,0.307755,-0.077029,0.000000,-0.311669,0.949122,-0.045063,0.000000,0.059241,0.066743,0.996011,0.000000,-0.000004,0.000000,0.000000,1.000000;;
           }
          }

          Frame L_Shoulder_Twist {
           

           FrameTransformMatrix {
            1.000001,-0.000000,0.000000,0.000000,0.000000,1.000000,0.000000,0.000000,-0.000000,-0.000000,1.000000,0.000000,-0.000004,0.000000,-0.000000,1.000000;;
           }
          }
         }
        }

        Frame Bip01-R-Clavicle {
         

         FrameTransformMatrix {
          -0.249953,-0.966695,0.054995,0.000000,-0.944116,0.255931,0.207715,0.000000,-0.214872,-0.000003,-0.976642,0.000000,-0.753029,-0.957160,0.028463,1.000000;;
         }

         Frame Bip01-R-UpperArm {
          

          FrameTransformMatrix {
           0.798872,0.594050,0.094384,0.000000,-0.578814,0.801906,-0.148056,0.000000,-0.163640,0.063647,0.984465,0.000000,2.305937,0.000008,0.000002,1.000000;;
          }

          Frame Bip01-R-Forearm {
           

           FrameTransformMatrix {
            0.930628,0.000001,-0.365965,0.000000,-0.000000,1.000000,0.000000,0.000000,0.365965,0.000000,0.930628,0.000000,6.131231,0.000004,-0.000002,1.000000;;
           }

           Frame Bip01-R-Hand {
            

            FrameTransformMatrix {
             0.989066,0.040580,0.141786,0.000000,0.144470,-0.073386,-0.986784,0.000000,-0.029638,0.996478,-0.078446,0.000000,6.144238,0.000000,-0.000001,1.000000;;
            }

            Frame Bip01-R-Finger0 {
             

             FrameTransformMatrix {
              0.722825,0.531684,0.441402,0.000000,-0.371541,-0.239557,0.896978,0.000000,0.582649,-0.812358,0.024384,0.000000,0.431660,0.683448,0.267914,1.000000;;
             }

             Frame Bip01-R-Finger01 {
              

              FrameTransformMatrix {
               0.985853,-0.000000,0.167616,0.000000,0.000000,1.000000,-0.000000,0.000000,-0.167616,0.000000,0.985853,0.000000,1.065218,0.000000,-0.000002,1.000000;;
              }

              Frame Bip01-R-Finger02 {
               

               FrameTransformMatrix {
                0.950837,0.000000,0.309691,0.000000,-0.000000,1.000000,0.000000,0.000000,-0.309691,0.000000,0.950837,0.000000,0.739168,0.000002,-0.000001,1.000000;;
               }

               Frame Bip01-R-Finger0Nub {
                

                FrameTransformMatrix {
                 -1.000000,0.000000,0.000001,0.000000,0.000000,1.000000,-0.000001,0.000000,-0.000000,-0.000001,-1.000000,0.000000,0.862503,0.000000,-0.000001,1.000000;;
                }
               }
              }
             }
            }

            Frame Bip01-R-Finger1 {
             

             FrameTransformMatrix {
              0.890675,-0.007232,0.454582,0.000000,-0.005920,0.999604,0.027500,0.000000,-0.454601,-0.027185,0.890280,0.000000,2.096307,0.862211,-0.077713,1.000000;;
             }

             Frame Bip01-R-Finger11 {
              

              FrameTransformMatrix {
               0.877627,-0.000000,0.479343,0.000000,0.000000,1.000000,-0.000000,0.000000,-0.479343,0.000001,0.877627,0.000000,1.331194,-0.000002,-0.000004,1.000000;;
              }

              Frame Bip01-R-Finger12 {
               

               FrameTransformMatrix {
                0.932921,-0.000000,0.360082,0.000000,0.000000,1.000000,0.000000,0.000000,-0.360082,0.000000,0.932921,0.000000,0.723099,0.000003,0.000000,1.000000;;
               }

               Frame Bip01-R-Finger1Nub {
                

                FrameTransformMatrix {
                 -1.000000,-0.000000,-0.000000,0.000000,-0.000000,1.000000,0.000000,0.000000,-0.000000,0.000000,-1.000000,0.000000,0.679665,0.000000,0.000002,1.000000;;
                }
               }
              }
             }
            }

            Frame Bip01-R-Finger2 {
             

             FrameTransformMatrix {
              0.882745,-0.035112,0.468539,0.000000,0.013271,0.998669,0.049837,0.000000,-0.469666,-0.037775,0.882036,0.000000,2.179716,0.283318,-0.116974,1.000000;;
             }

             Frame Bip01-R-Finger21 {
              

              FrameTransformMatrix {
               0.795542,-0.000000,0.605898,0.000000,0.000000,1.000000,0.000000,0.000000,-0.605898,-0.000000,0.795542,0.000000,1.406755,0.000002,0.000000,1.000000;;
              }

              Frame Bip01-R-Finger22 {
               

               FrameTransformMatrix {
                0.981120,0.000000,0.193399,0.000000,0.000000,1.000000,0.000000,0.000000,-0.193399,-0.000000,0.981120,0.000000,0.840508,0.000000,-0.000002,1.000000;;
               }

               Frame Bip01-R-Finger2Nub {
                

                FrameTransformMatrix {
                 -1.000000,0.000000,-0.000000,0.000000,0.000000,1.000000,0.000000,0.000000,-0.000000,0.000000,-1.000001,0.000000,0.664875,0.000000,0.000000,1.000000;;
                }
               }
              }
             }
            }

            Frame Bip01-R-Finger3 {
             

             FrameTransformMatrix {
              0.896787,-0.157211,0.413592,0.000000,0.134986,0.987396,0.082633,0.000000,-0.421370,-0.018275,0.906705,0.000000,2.073349,-0.186407,-0.130489,1.000000;;
             }

             Frame Bip01-R-Finger31 {
              

              FrameTransformMatrix {
               0.760569,-0.000000,0.649258,0.000000,0.000000,1.000000,-0.000000,0.000000,-0.649257,0.000000,0.760569,0.000000,1.365454,-0.000000,0.000004,1.000000;;
              }

              Frame Bip01-R-Finger32 {
               

               FrameTransformMatrix {
                0.978941,-0.000000,0.204143,0.000000,0.000000,1.000000,-0.000000,0.000000,-0.204143,0.000000,0.978941,0.000000,0.768667,-0.000000,-0.000004,1.000000;;
               }

               Frame Bip01-R-Finger3Nub {
                

                FrameTransformMatrix {
                 -1.000000,-0.000000,0.000000,0.000000,-0.000000,1.000000,-0.000000,0.000000,-0.000000,-0.000000,-1.000000,0.000000,0.649357,0.000000,0.000000,1.000000;;
                }
               }
              }
             }
            }

            Frame Bip01-R-Finger4 {
             

             FrameTransformMatrix {
              0.885085,-0.251359,0.391718,0.000000,0.224522,0.967811,0.113722,0.000000,-0.407694,-0.012705,0.913031,0.000000,1.882347,-0.690605,0.070721,1.000000;;
             }

             Frame Bip01-R-Finger41 {
              

              FrameTransformMatrix {
               0.785957,-0.000000,0.618281,0.000000,0.000000,1.000000,-0.000000,0.000000,-0.618281,0.000000,0.785957,0.000000,1.108315,-0.000001,-0.000002,1.000000;;
              }

              Frame Bip01-R-Finger42 {
               

               FrameTransformMatrix {
                0.944871,0.000000,0.327444,0.000000,-0.000000,1.000000,0.000000,0.000000,-0.327444,-0.000000,0.944870,0.000000,0.520342,-0.000001,0.000000,1.000000;;
               }

               Frame Bip01-R-Finger4Nub {
                

                FrameTransformMatrix {
                 -1.000000,0.000000,0.000000,0.000000,0.000000,1.000000,0.000000,0.000000,-0.000000,0.000000,-1.000000,0.000000,0.515339,0.000000,-0.000001,1.000000;;
                }
               }
              }
             }
            }

            Frame FxHand01 {
             

             FrameTransformMatrix {
              0.220350,0.936491,0.272822,0.000000,-0.759401,0.340241,-0.554569,0.000000,-0.612173,-0.084982,0.786144,0.000000,1.500006,-0.499996,2.000000,1.000000;;
             }
            }

            Frame R_Sword {
             

             FrameTransformMatrix {
              0.976767,-0.039081,-0.210713,0.000000,0.070767,0.986898,0.145000,0.000000,0.202285,-0.156543,0.966734,0.000000,0.000002,0.000001,-0.000002,1.000000;;
             }
            }
           }

           Frame R_Elbow {
            

            FrameTransformMatrix {
             0.982505,-0.000000,0.186241,0.000000,0.000000,1.000000,0.000000,0.000000,-0.186241,-0.000000,0.982505,0.000000,0.000000,0.000000,0.000001,1.000000;;
            }
           }

           Frame Bip01-R-ForeTwist {
            

            FrameTransformMatrix {
             1.000000,-0.000000,-0.000000,0.000000,0.000000,0.999311,-0.037108,0.000000,0.000000,0.037108,0.999311,0.000000,0.000000,0.000000,0.000001,1.000000;;
            }
           }
          }

          Frame R_Shoulder {
           

           FrameTransformMatrix {
            0.948342,-0.307756,-0.077029,0.000000,0.311669,0.949122,0.045063,0.000000,0.059241,-0.066743,0.996010,0.000000,0.000000,0.000000,-0.000000,1.000000;;
           }

           Frame Acc_LA_R_ShoulderUp {
            

            FrameTransformMatrix {
             0.000001,-1.000000,-0.000000,0.000000,1.000000,0.000001,-0.000001,0.000000,0.000001,-0.000000,1.000000,0.000000,-0.477085,-0.721327,-0.110437,1.000000;;
            }
           }
          }

          Frame R_Shoulder_Twist {
           

           FrameTransformMatrix {
            1.000000,0.000000,0.000000,0.000000,-0.000000,1.000000,0.000000,0.000000,-0.000000,0.000000,1.000000,0.000000,0.000000,-0.000002,0.000000,1.000000;;
           }
          }
         }
        }

        Frame Bip01-Head {
         

         FrameTransformMatrix {
          0.999958,-0.000000,-0.009206,0.000000,0.000000,1.000000,0.000000,0.000000,0.009206,-0.000000,0.999958,0.000000,2.474251,-0.000000,-0.000001,1.000000;;
         }

         Frame Bip01-HeadNub {
          

          FrameTransformMatrix {
           1.000000,-0.000000,-0.000000,0.000000,-0.000000,1.000000,-0.000000,0.000000,0.000000,-0.000000,1.000000,0.000000,4.628929,0.000000,0.000000,1.000000;;
          }
         }

         Frame FxTop {
          

          FrameTransformMatrix {
           0.103621,0.000002,0.994617,0.000000,0.994617,-0.000000,-0.103621,0.000000,0.000000,1.000000,-0.000001,0.000000,4.500027,-0.000003,0.000000,1.000000;;
          }
         }
        }
       }

       Frame R_Breast {
        

        FrameTransformMatrix {
         0.063560,0.329543,-0.941999,0.000000,-0.003088,0.943968,0.330023,0.000000,0.997973,-0.018067,0.061016,0.000000,1.272753,-1.452000,1.209911,1.000000;;
        }
       }

       Frame L_Breast {
        

        FrameTransformMatrix {
         -0.063560,0.329545,0.941998,0.000000,0.003087,0.943967,-0.330025,0.000000,-0.997973,-0.018069,-0.061016,0.000000,1.272760,1.451767,1.209908,1.000000;;
        }
       }

       Frame L_spine3 {
        

        FrameTransformMatrix {
         0.980445,0.043404,-0.191946,0.000000,0.044220,-0.999022,-0.000032,0.000000,-0.191760,-0.008456,-0.981406,0.000000,2.104036,3.093147,-0.411916,1.000000;;
        }
       }

       Frame R_spine3 {
        

        FrameTransformMatrix {
         0.980446,-0.043406,-0.191942,0.000000,-0.044221,-0.999022,0.000038,0.000000,-0.191756,0.008451,-0.981406,0.000000,2.104048,-3.093148,-0.411908,1.000000;;
        }
       }

       Frame Acc_LA_Neck {
        

        FrameTransformMatrix {
         0.919454,-0.000000,-0.393198,0.000000,-0.000000,1.000000,-0.000001,0.000000,0.393198,0.000001,0.919454,0.000000,5.885694,0.000002,-1.489706,1.000000;;
        }
       }
      }

      Frame FxCenter {
       

       FrameTransformMatrix {
        -0.023870,0.000003,0.999715,0.000000,0.999715,-0.000000,0.023870,0.000000,0.000000,1.000000,-0.000003,0.000000,1.000006,-0.000002,0.000000,1.000000;;
       }
      }

      Frame Weapon_Back {
       

       FrameTransformMatrix {
        -0.999295,-0.000000,-0.037550,0.000000,0.000000,-1.000000,-0.000002,0.000000,-0.037550,-0.000002,0.999295,0.000000,4.711456,-0.000010,-2.809571,1.000000;;
       }
      }
     }
    }

    Frame Bip01-L-Thigh {
     

     FrameTransformMatrix {
      -0.997343,0.010238,0.072129,0.000000,-0.003067,-0.995100,0.098825,0.000000,0.072788,0.098342,0.992487,0.000000,-2.355776,2.566188,0.104821,1.000000;;
     }

     Frame Bip01-L-Calf {
      

      FrameTransformMatrix {
       0.989801,0.000000,-0.142458,0.000000,0.000000,1.000000,0.000002,0.000000,0.142458,-0.000002,0.989801,0.000000,10.047705,-0.000000,0.000001,1.000000;;
      }

      Frame Bip01-L-Foot {
       

       FrameTransformMatrix {
        0.993368,0.006533,0.114794,0.000000,-0.007677,0.999925,0.009526,0.000000,-0.114723,-0.010344,0.993344,0.000000,10.474948,0.000000,0.000001,1.000000;;
       }

       Frame Bip01-L-Toe0 {
        

        FrameTransformMatrix {
         0.005122,-0.000012,0.999987,0.000000,0.000000,1.000000,0.000012,0.000000,-0.999987,0.000000,0.005122,0.000000,3.213932,-0.000023,1.930074,1.000000;;
        }

        Frame Bip01-L-Toe0Nub {
         

         FrameTransformMatrix {
          -1.000000,-0.000000,0.000000,0.000000,-0.000000,1.000000,0.000000,0.000000,-0.000000,0.000000,-1.000000,0.000000,1.879583,0.000001,0.000000,1.000000;;
         }
        }
       }
      }

      Frame L_Knee {
       

       FrameTransformMatrix {
        0.997447,0.000000,0.071411,0.000000,-0.000000,1.000000,0.000001,0.000000,-0.071411,-0.000001,0.997447,0.000000,0.000001,0.000000,0.000000,1.000000;;
       }
      }

      Frame Bip01-LCalfTwist {
       

       FrameTransformMatrix {
        1.000000,-0.000000,-0.000000,0.000000,-0.000000,0.999989,0.004769,0.000000,0.000000,-0.004769,0.999989,0.000000,0.000001,0.000000,0.000000,1.000000;;
       }
      }
     }

     Frame L_Thigh {
      

      FrameTransformMatrix {
       1.000000,0.000000,0.000000,0.000000,0.000000,1.000000,0.000000,0.000000,-0.000000,-0.000000,1.000000,0.000000,0.000000,-0.000000,0.000000,1.000000;;
      }
     }
    }

    Frame Bip01-R-Thigh {
     

     FrameTransformMatrix {
      -0.997343,-0.010238,0.072129,0.000000,0.003068,-0.995101,-0.098818,0.000000,0.072788,-0.098335,0.992488,0.000000,-2.355778,-2.566190,0.104834,1.000000;;
     }

     Frame Bip01-R-Calf {
      

      FrameTransformMatrix {
       0.989801,-0.000001,-0.142458,0.000000,0.000000,1.000000,-0.000003,0.000000,0.142458,0.000003,0.989801,0.000000,10.047709,-0.000001,-0.000000,1.000000;;
      }

      Frame Bip01-R-Foot {
       

       FrameTransformMatrix {
        0.993368,-0.006533,0.114794,0.000000,0.007676,0.999925,-0.009520,0.000000,-0.114724,0.010338,0.993344,0.000000,10.474940,-0.000000,0.000001,1.000000;;
       }

       Frame Bip01-R-Toe0 {
        

        FrameTransformMatrix {
         0.005122,0.000019,0.999987,0.000000,-0.000000,1.000000,-0.000019,0.000000,-0.999987,-0.000000,0.005122,0.000000,3.213933,0.000037,1.930075,1.000000;;
        }

        Frame Bip01-R-Toe0Nub {
         

         FrameTransformMatrix {
          1.000000,0.000000,-0.000000,0.000000,-0.000000,1.000000,-0.000000,0.000000,0.000000,0.000000,1.000000,0.000000,1.879583,-0.000000,-0.000000,1.000000;;
         }
        }
       }
      }

      Frame R_Knee {
       

       FrameTransformMatrix {
        0.997447,0.000000,0.071411,0.000000,0.000000,1.000000,-0.000001,0.000000,-0.071411,0.000001,0.997447,0.000000,-0.000001,0.000000,0.000000,1.000000;;
       }
      }

      Frame Bip01-RCalfTwist {
       

       FrameTransformMatrix {
        1.000000,-0.000000,0.000000,0.000000,0.000000,0.999989,-0.004770,0.000000,-0.000000,0.004770,0.999989,0.000000,-0.000002,0.000000,-0.000000,1.000000;;
       }
      }
     }

     Frame R_Thigh {
      

      FrameTransformMatrix {
       1.000000,-0.000000,-0.000000,0.000000,0.000000,1.000000,-0.000003,0.000000,-0.000000,0.000003,1.000000,0.000000,0.000000,-0.000001,0.000000,1.000000;;
      }
     }
    }

    Frame Skirt_Dummy {
     

     FrameTransformMatrix {
      -1.000000,0.000002,0.000797,0.000000,-0.000002,-1.000000,-0.000001,0.000000,0.000797,-0.000001,1.000000,0.000000,-0.033834,-0.000002,-0.263520,1.000000;;
     }
    }
   }
  }
 }
}

Frame Human_F_L13_Body_Skel {
 

 FrameTransformMatrix {
  1.000000,0.000000,0.000000,0.000000,0.000000,1.000000,0.000000,0.000000,0.000000,0.000000,1.000000,0.000000,0.000000,0.000000,0.000000,1.000000;;
 }

 Mesh Human_F_L13_Body_Skel {
  3618;
  -1.538770;29.139424;7.971174;,
  -1.261856;29.456080;6.872683;,
  -1.172388;28.916781;7.512472;,
  -1.058593;29.626195;8.555603;,
  -1.776490;29.774227;7.366806;,
  -1.311808;29.925664;6.674276;,
  -0.776033;30.513856;8.211231;,
  -0.007060;29.921734;8.705959;,
  -0.147265;30.561024;8.185669;,
  -0.470612;29.897155;8.798000;,
  -1.442964;30.154237;7.846022;,
  -1.830434;30.098179;7.103607;,
  -1.253707;30.263142;6.353282;,
  -1.907093;30.409718;6.779480;,
  -1.262291;30.659869;5.987385;,
  -1.499973;30.479248;7.557760;,
  -1.556485;30.878925;7.266834;,
  -1.918600;30.858083;6.436252;,
  -1.634524;32.380925;6.163610;,
  -0.901940;31.505613;7.149383;,
  -0.902310;32.516070;6.340227;,
  -1.584016;31.308438;6.982559;,
  -1.953410;31.911024;5.684574;,
  -0.874233;31.158870;7.449403;,
  -0.825557;30.828998;7.852295;,
  -0.269809;31.439197;7.103237;,
  -0.326283;32.443958;6.252515;,
  -0.258532;31.172765;7.383560;,
  -0.219145;30.873642;7.765191;,
  0.174196;30.216192;7.685922;,
  0.033243;30.614678;7.330679;,
  -0.026966;30.844634;7.059688;,
  -0.057040;31.135331;6.799925;,
  -0.084806;32.221958;6.027887;,
  -0.240162;33.288432;5.241992;,
  -0.237122;33.004550;4.898366;,
  -0.092386;31.902685;5.668739;,
  -0.531003;30.630086;5.922329;,
  -0.594354;31.557811;5.277563;,
  -0.066317;30.828851;6.439178;,
  -0.078261;30.546509;6.665811;,
  -0.042271;30.339248;6.863644;,
  0.093155;29.859613;7.255789;,
  -0.515904;30.269904;6.194282;,
  -0.478756;29.989894;6.414675;,
  -0.400357;29.451818;6.729222;,
  -1.261856;29.456080;6.872683;,
  -1.311808;29.925664;6.674276;,
  -1.172388;28.916781;7.512472;,
  -0.254692;28.834176;7.257162;,
  0.301134;29.359078;7.744554;,
  0.370711;29.667296;8.215328;,
  -0.734909;32.718112;4.616912;,
  -1.392091;31.619462;5.299531;,
  -1.262291;30.659869;5.987385;,
  -1.253707;30.263142;6.353282;,
  -1.514591;32.750768;4.629992;,
  1.989656;33.722672;0.380196;,
  1.680045;34.013766;0.298260;,
  1.840046;33.995107;0.504248;,
  2.203245;33.689635;0.609490;,
  2.133121;33.447936;0.300068;,
  2.052413;33.943018;0.762169;,
  1.538555;34.315651;0.506970;,
  1.573422;34.016832;0.122177;,
  1.713460;33.715504;0.054070;,
  1.695185;33.717149;0.000000;,
  1.855097;33.412323;0.036938;,
  1.852686;33.400128;0.000000;,
  1.680279;34.332416;1.051012;,
  1.187913;34.752080;0.749401;,
  1.454633;34.317869;0.220081;,
  1.240175;34.743482;0.393797;,
  0.917439;35.262272;0.544054;,
  0.894205;35.220339;0.000000;,
  1.172842;34.780390;0.000000;,
  1.435886;34.345123;0.000000;,
  1.577344;34.031136;0.000000;,
  0.336958;35.881645;1.545361;,
  0.876854;35.285869;0.973381;,
  0.483491;35.864768;0.979013;,
  0.522028;35.803738;0.397394;,
  0.538042;35.671075;0.000000;,
  0.361452;35.940182;0.000000;,
  0.433125;36.194957;0.410032;,
  0.067409;36.368166;0.334808;,
  0.014225;36.364246;0.793016;,
  -0.230152;36.918022;0.601612;,
  -0.860559;37.291062;1.103415;,
  -0.588136;37.884080;0.923035;,
  -0.046973;37.033882;0.358652;,
  0.076201;36.214387;0.000000;,
  0.021689;37.054246;0.000000;,
  -0.097002;37.879482;0.579142;,
  -0.622236;38.482666;1.007135;,
  0.147965;37.824310;0.000000;,
  -0.156194;38.405923;0.700439;,
  0.088559;38.185974;0.376280;,
  0.227297;38.076150;0.000000;,
  -1.375821;37.242438;1.481571;,
  -1.040786;36.838477;2.045767;,
  -0.998118;37.019667;1.486935;,
  -1.257150;37.540150;1.206772;,
  -1.167019;38.030038;1.093653;,
  -1.123324;38.572541;1.045326;,
  -1.157175;38.986384;1.067444;,
  -0.668707;38.924358;1.107483;,
  -0.449651;36.746278;0.912819;,
  -0.596323;36.536790;1.402777;,
  -0.714939;36.604272;2.045479;,
  -1.084224;36.750640;2.650927;,
  -1.529832;36.718736;2.753798;,
  -1.546332;36.933014;2.086109;,
  0.315350;36.201562;0.930332;,
  -0.234276;36.441117;1.439194;,
  -0.409438;36.521267;2.049578;,
  -0.700854;36.645750;2.613094;,
  -0.420501;36.461507;2.580807;,
  0.083330;36.248320;1.465828;,
  -0.133919;36.297718;2.022699;,
  0.055012;35.879075;2.257221;,
  -0.037146;35.933427;2.780601;,
  0.791186;34.388298;2.455992;,
  0.650655;35.293334;1.933613;,
  0.234485;35.270314;2.628452;,
  0.190101;35.880304;1.916145;,
  2.256384;33.757408;2.047488;,
  1.690662;33.933571;2.371311;,
  2.098152;33.674950;2.365517;,
  1.828880;34.108925;1.969778;,
  1.291466;34.170048;2.358608;,
  1.455098;34.359584;1.870362;,
  1.044328;34.687821;1.834744;,
  0.806696;35.283635;1.438616;,
  1.152346;34.749878;1.232502;,
  2.402511;33.745446;1.773699;,
  2.726662;33.288301;1.878350;,
  2.559802;33.615462;1.569302;,
  2.367548;33.815680;1.133521;,
  2.026413;34.087875;1.430129;,
  2.662140;33.484237;1.443156;,
  2.481091;33.614195;0.990487;,
  2.580133;33.400230;0.904095;,
  2.301409;33.435101;0.501130;,
  2.422610;33.154115;0.468569;,
  2.692982;33.173866;0.858649;,
  2.501023;32.920870;0.475354;,
  2.758070;32.975514;0.857128;,
  2.627687;32.445741;0.596371;,
  2.805259;32.781254;0.879458;,
  2.840056;32.576013;0.940531;,
  2.567438;32.686256;0.528090;,
  2.398011;32.642784;0.325535;,
  2.340027;32.897146;0.276484;,
  2.264077;33.147021;0.265763;,
  1.825877;33.724534;0.194464;,
  1.991821;33.434566;0.139353;,
  2.129210;33.122691;0.129503;,
  2.206885;32.854909;0.151089;,
  2.274994;32.593053;0.191828;,
  2.079996;32.830054;0.054831;,
  2.129223;32.566144;0.106293;,
  1.995445;33.103104;0.040354;,
  2.309820;32.314317;0.268288;,
  2.172426;32.293651;0.179028;,
  2.463845;32.380173;0.401718;,
  2.933816;32.639293;1.470925;,
  2.867459;32.399258;1.060738;,
  2.668178;32.232253;0.706806;,
  2.499536;32.138675;0.531979;,
  2.303550;32.062810;0.388611;,
  2.201174;32.031021;0.317631;,
  2.216757;31.847882;0.488367;,
  2.518706;31.945149;0.660540;,
  2.315209;31.865830;0.527046;,
  2.315656;31.678394;0.690271;,
  2.525782;31.762608;0.852749;,
  2.693351;32.042992;0.828348;,
  2.886065;32.250531;1.191023;,
  2.933362;32.540429;1.534825;,
  2.703975;31.873043;0.988514;,
  2.892414;32.141366;1.324442;,
  2.933586;32.452115;1.628399;,
  2.832733;32.880131;1.852471;,
  2.915396;32.763373;1.414614;,
  2.836047;32.700544;2.033966;,
  2.844762;32.786083;1.906849;,
  2.834005;32.885850;2.006680;,
  2.826421;32.948442;1.968054;,
  2.827116;32.828202;2.095671;,
  2.884776;32.899101;1.383423;,
  2.816668;33.019318;1.803982;,
  2.804271;33.052918;1.930399;,
  2.768779;33.163568;1.800950;,
  2.770440;33.143088;1.934317;,
  2.808318;33.181718;1.362969;,
  2.851454;33.040266;1.361659;,
  2.734059;33.339277;1.385592;,
  2.644011;33.362301;2.018042;,
  2.516470;33.402349;2.159150;,
  2.741992;33.228845;1.988211;,
  2.661813;33.279715;2.086022;,
  2.605807;33.307258;2.179947;,
  2.563376;33.265725;2.287440;,
  2.457474;33.341939;2.314499;,
  2.241882;31.359670;0.693741;,
  2.197968;31.142883;0.357735;,
  2.284642;31.562387;0.395578;,
  2.240268;30.678685;0.336741;,
  2.192390;30.652602;0.831013;,
  2.198099;30.309533;0.676661;,
  2.197872;31.138915;0.929651;,
  2.169550;31.414806;1.051649;,
  2.207290;31.762790;0.252857;,
  2.259404;31.450480;0.000000;,
  2.187349;31.976291;0.000000;,
  2.279537;30.919194;0.000000;,
  2.264408;29.094659;0.000000;,
  2.006939;28.993718;1.063948;,
  2.008387;29.812173;1.250214;,
  2.017344;30.137875;1.322785;,
  2.129577;27.601904;0.000000;,
  2.005713;27.600026;0.752123;,
  2.012167;30.803670;1.435183;,
  1.964782;31.243370;1.503113;,
  2.258929;31.384291;1.094395;,
  2.096083;31.227565;1.556461;,
  2.304296;31.274598;1.650383;,
  2.466727;31.460464;1.215470;,
  2.509892;31.430458;1.749369;,
  2.519032;31.594272;1.028765;,
  2.647642;31.566906;1.386219;,
  2.853720;31.937299;1.660500;,
  2.790704;31.867062;1.913887;,
  2.892322;32.334157;1.850939;,
  2.838706;32.294650;2.035336;,
  2.796216;32.664701;2.166701;,
  2.799776;32.803046;2.186076;,
  2.912015;32.379795;1.743201;,
  2.877525;32.022365;1.491255;,
  2.697375;31.702557;1.204033;,
  2.220783;31.679530;0.662531;,
  2.307817;31.518826;0.891014;,
  2.214028;31.562253;0.855618;,
  2.005119;33.083107;0.000000;,
  2.089803;32.817363;0.000000;,
  2.136306;32.551619;0.000000;,
  2.161793;32.266013;0.000000;,
  -2.160298;36.887299;1.150745;,
  -2.096163;37.413296;0.406584;,
  -2.371215;36.716154;0.538952;,
  -1.895592;37.451392;1.006355;,
  -1.912055;38.070899;0.360750;,
  -1.710605;38.043866;0.860491;,
  -1.814715;38.630048;0.373241;,
  -1.571279;38.640915;0.808922;,
  -1.546332;36.933014;2.086109;,
  -1.375821;37.242438;1.481571;,
  -1.257150;37.540150;1.206772;,
  -1.167019;38.030038;1.093653;,
  -1.123324;38.572541;1.045326;,
  -1.545049;38.983197;0.778809;,
  -1.830541;38.972410;0.386967;,
  -1.157175;38.986384;1.067444;,
  -1.891149;38.968630;-0.000000;,
  -1.874868;38.592144;-0.000000;,
  -2.008195;38.066829;-0.000000;,
  -2.200471;37.423437;-0.000000;,
  -2.421761;36.705920;-0.000000;,
  -2.699416;37.171776;-1.379803;,
  -2.305494;36.808915;-2.344944;,
  -2.825181;36.691139;-1.694649;,
  -2.190384;37.189722;-1.855288;,
  -1.651028;37.214310;-2.064497;,
  -1.674768;36.988458;-2.442135;,
  -2.870014;35.777936;-1.756214;,
  -3.022952;35.980224;-1.247233;,
  -2.785906;36.026742;-1.982674;,
  -2.692499;36.132022;-2.348463;,
  -2.151283;36.620976;-2.769649;,
  -1.694023;36.834957;-2.838844;,
  -2.510168;36.137018;-2.713522;,
  -2.588930;35.931565;-2.052892;,
  -2.527222;36.031594;-2.413347;,
  -2.366979;36.032659;-2.841619;,
  -2.026405;36.456765;-2.873104;,
  -1.661262;36.659027;-2.940340;,
  -1.114020;36.699750;-2.989824;,
  -1.078864;36.868435;-2.881933;,
  -1.052012;36.983491;-2.501368;,
  -1.022889;37.112954;-2.176388;,
  -1.603397;37.530877;-1.912611;,
  -2.201179;37.580947;-1.661705;,
  -2.685462;37.556198;-1.254334;,
  -0.962766;37.364826;-1.978777;,
  -0.886606;37.834074;-1.972320;,
  -1.556690;38.025418;-1.913475;,
  -2.215237;38.216419;-1.673859;,
  -2.793899;38.377990;-1.265434;,
  -3.050618;37.726781;-0.636307;,
  -3.077817;38.451002;-0.656698;,
  -3.262474;39.098381;-1.628081;,
  -3.712195;39.273968;-0.774218;,
  -2.477183;38.852650;-2.188644;,
  -2.746862;39.496672;-1.292095;,
  -3.080299;39.630675;-0.678105;,
  -3.281746;39.709507;-0.000000;,
  -3.894413;39.342288;-0.000000;,
  -3.228752;38.503770;-0.000000;,
  -3.198166;37.726470;-0.000000;,
  -2.077108;39.220125;-1.796858;,
  -1.562790;38.551210;-2.421307;,
  -1.378960;38.941443;-2.017952;,
  -0.643501;38.602010;-2.075532;,
  -0.745445;38.278301;-2.497215;,
  -2.196078;31.352186;-1.110396;,
  -2.148645;31.640704;-0.978844;,
  -2.028475;31.321126;-1.203444;,
  -2.316247;31.671763;-0.885796;,
  -2.337522;32.244742;-0.998617;,
  -2.505124;32.275802;-0.905569;,
  -2.439589;32.606752;-1.334063;,
  -2.607191;32.637811;-1.241015;,
  -2.555814;33.104019;-1.301312;,
  -2.723417;33.135078;-1.208264;,
  -2.646662;33.583472;-1.441595;,
  -2.814265;33.614531;-1.348547;,
  -2.632437;34.023456;-1.910456;,
  -2.997335;33.541011;-0.618860;,
  -3.026700;34.350477;-1.054903;,
  -2.890901;33.064691;-0.605702;,
  -2.752513;32.596275;-0.571297;,
  -2.642267;32.199440;-0.508869;,
  -2.441832;31.574387;-0.475557;,
  -2.040794;30.645725;-0.461218;,
  -1.873192;30.614666;-0.554266;,
  -1.984877;30.143798;-0.000000;,
  -1.817274;30.143802;-0.000000;,
  -2.516967;31.461510;-0.000000;,
  -2.747646;32.162442;-0.000000;,
  -2.859779;32.575302;-0.000000;,
  -2.957704;33.015389;-0.000000;,
  -3.057893;33.383306;-0.000000;,
  -3.106661;34.136173;-0.722084;,
  -3.188115;35.050582;-0.840239;,
