xof 0303txt 0032
template ColorRGBA {
 <35ff44e0-6c7c-11cf-8f52-0040333594a3>
 FLOAT red;
 FLOAT green;
 FLOAT blue;
 FLOAT alpha;
}

template ColorRGB {
 <d3e16e81-7835-11cf-8f52-0040333594a3>
 FLOAT red;
 FLOAT green;
 FLOAT blue;
}

template Material {
 <3d82ab4d-62da-11cf-ab39-0020af71e433>
 ColorRGBA faceColor;
 FLOAT power;
 ColorRGB specularColor;
 ColorRGB emissiveColor;
 [...]
}

template TextureFilename {
 <a42790e1-7810-11cf-8f52-0040333594a3>
 STRING filename;
}

template Frame {
 <3d82ab46-62da-11cf-ab39-0020af71e433>
 [...]
}

template Matrix4x4 {
 <f6f23f45-7686-11cf-8f52-0040333594a3>
 array FLOAT matrix[16];
}

template FrameTransformMatrix {
 <f6f23f41-7686-11cf-8f52-0040333594a3>
 Matrix4x4 frameMatrix;
}

template Vector {
 <3d82ab5e-62da-11cf-ab39-0020af71e433>
 FLOAT x;
 FLOAT y;
 FLOAT z;
}

template MeshFace {
 <3d82ab5f-62da-11cf-ab39-0020af71e433>
 DWORD nFaceVertexIndices;
 array DWORD faceVertexIndices[nFaceVertexIndices];
}

template Mesh {
 <3d82ab44-62da-11cf-ab39-0020af71e433>
 DWORD nVertices;
 array Vector vertices[nVertices];
 DWORD nFaces;
 array MeshFace faces[nFaces];
 [...]
}

template MeshNormals {
 <f6f23f43-7686-11cf-8f52-0040333594a3>
 DWORD nNormals;
 array Vector normals[nNormals];
 DWORD nFaceNormals;
 array MeshFace faceNormals[nFaceNormals];
}

template MeshMaterialList {
 <f6f23f42-7686-11cf-8f52-0040333594a3>
 DWORD nMaterials;
 DWORD nFaceIndexes;
 array DWORD faceIndexes[nFaceIndexes];
 [Material <3d82ab4d-62da-11cf-ab39-0020af71e433>]
}

template Coords2d {
 <f6f23f44-7686-11cf-8f52-0040333594a3>
 FLOAT u;
 FLOAT v;
}

template MeshTextureCoords {
 <f6f23f40-7686-11cf-8f52-0040333594a3>
 DWORD nTextureCoords;
 array Coords2d textureCoords[nTextureCoords];
}

template XSkinMeshHeader {
 <3cf169ce-ff7c-44ab-93c0-f78f62d172e2>
 WORD nMaxSkinWeightsPerVertex;
 WORD nMaxSkinWeightsPerFace;
 WORD nBones;
}

template SkinWeights {
 <6f0d123b-bad2-4167-a0d0-80224f25fabb>
 STRING transformNodeName;
 DWORD nWeights;
 array DWORD vertexIndices[nWeights];
 array FLOAT weights[nWeights];
 Matrix4x4 matrixOffset;
}


Material Material__35 {
 1.000000;1.000000;1.000000;1.000000;;
 10.000000;
 0.000000;0.000000;0.000000;;
 0.000000;0.000000;0.000000;;

 TextureFilename {
  "Human_F_L14_Body_diff.dds";
 }
}

Frame Dummy_root {
 

 FrameTransformMatrix {
  1.000000,0.000000,0.000000,0.000000,0.000000,1.000000,0.000000,0.000000,0.000000,0.000000,1.000000,0.000000,0.000000,23.000000,0.000000,1.000000;;
 }

 Frame FxBottom {
  

  FrameTransformMatrix {
   1.000000,0.000000,0.000000,0.000000,0.000000,1.000000,0.000000,0.000000,0.000000,0.000000,1.000000,0.000000,0.000000,-23.000000,-0.000000,1.000000;;
  }
 }

 Frame Bip01 {
  

  FrameTransformMatrix {
   1.000000,0.000000,0.000001,0.000000,0.000000,1.000000,0.000000,0.000000,-0.000001,0.000000,1.000000,0.000000,-0.194762,0.659397,0.000000,1.000000;;
  }

  Frame Bip01-Pelvis {
   

   FrameTransformMatrix {
    -0.000001,1.000000,-0.000001,0.000000,-0.000001,0.000001,1.000000,0.000000,1.000000,0.000001,0.000001,0.000000,0.000000,0.000000,0.000000,1.000000;;
   }

   Frame Bip01-Spine {
    

    FrameTransformMatrix {
     0.999030,0.000001,0.044035,0.000000,-0.000001,1.000000,0.000004,0.000000,-0.044035,-0.000004,0.999030,0.000000,2.358109,0.000003,-0.000988,1.000000;;
    }

    Frame Bip01-Spine1 {
     

     FrameTransformMatrix {
      0.998814,0.000000,0.048692,0.000000,-0.000000,1.000000,0.000001,0.000000,-0.048692,-0.000001,0.998814,0.000000,0.209322,-0.000000,-0.002767,1.000000;;
     }

     Frame Bip01-Spine2 {
      

      FrameTransformMatrix {
       0.993206,-0.000000,-0.116369,0.000000,0.000000,1.000000,0.000001,0.000000,0.116369,-0.000001,0.993206,0.000000,3.478325,0.000000,-0.001153,1.000000;;
      }

      Frame Bip01-Spine3 {
       

       FrameTransformMatrix {
        0.996891,-0.000001,-0.078797,0.000000,0.000000,1.000000,-0.000001,0.000000,0.078797,0.000001,0.996891,0.000000,1.456831,-0.000000,-0.004310,1.000000;;
       }

       Frame Bip01-Neck {
        

        FrameTransformMatrix {
         0.976813,0.000001,0.214095,0.000000,-0.000000,1.000000,-0.000001,0.000000,-0.214095,0.000001,0.976813,0.000000,5.539906,-0.000000,-0.690874,1.000000;;
        }

        Frame Bip01-Head {
         

         FrameTransformMatrix {
          0.999958,-0.000000,-0.009206,0.000000,0.000000,1.000000,0.000000,0.000000,0.009206,-0.000000,0.999958,0.000000,2.474255,0.000000,-0.000002,1.000000;;
         }

         Frame Bip01-HeadNub {
          

          FrameTransformMatrix {
           1.000000,-0.000000,-0.000000,0.000000,0.000000,1.000000,0.000001,0.000000,0.000000,-0.000001,1.000000,0.000000,4.628929,0.000000,-0.000003,1.000000;;
          }
         }

         Frame FxTop {
          

          FrameTransformMatrix {
           0.103621,0.000001,0.994617,0.000000,0.994617,-0.000000,-0.103621,0.000000,0.000000,1.000000,-0.000001,0.000000,4.500027,-0.000003,-0.000002,1.000000;;
          }
         }
        }

        Frame Bip01-L-Clavicle {
         

         FrameTransformMatrix {
          -0.249952,0.966696,0.054990,0.000000,0.944116,0.255930,-0.207717,0.000000,-0.214872,-0.000002,-0.976642,0.000000,-0.753025,0.957158,0.028459,1.000000;;
         }

         Frame Bip01-L-UpperArm {
          

          FrameTransformMatrix {
           0.798872,-0.594050,0.094383,0.000000,0.578815,0.801906,0.148056,0.000000,-0.163639,-0.063647,0.984465,0.000000,2.305937,-0.000008,0.000001,1.000000;;
          }

          Frame Bip01-L-Forearm {
           

           FrameTransformMatrix {
            0.930628,-0.000000,-0.365965,0.000000,0.000000,1.000000,0.000000,0.000000,0.365965,-0.000000,0.930629,0.000000,6.131235,0.000002,0.000000,1.000000;;
           }

           Frame Bip01-L-Hand {
            

            FrameTransformMatrix {
             0.989065,-0.040580,0.141787,0.000000,-0.144470,-0.073386,0.986784,0.000000,-0.029638,-0.996478,-0.078446,0.000000,6.144241,0.000000,0.000000,1.000000;;
            }

            Frame Bip01-L-Finger0 {
             

             FrameTransformMatrix {
              0.722825,-0.531684,0.441402,0.000000,0.371542,-0.239557,-0.896978,0.000000,0.582650,0.812358,0.024385,0.000000,0.431653,-0.683447,0.267921,1.000000;;
             }

             Frame Bip01-L-Finger01 {
              

              FrameTransformMatrix {
               0.985852,-0.000000,0.167616,0.000000,0.000000,1.000000,0.000000,0.000000,-0.167616,0.000000,0.985853,0.000000,1.065219,0.000004,0.000000,1.000000;;
              }

              Frame Bip01-L-Finger02 {
               

               FrameTransformMatrix {
                0.950837,-0.000000,0.309691,0.000000,0.000000,1.000000,-0.000000,0.000000,-0.309691,0.000000,0.950837,0.000000,0.739170,-0.000002,-0.000003,1.000000;;
               }

               Frame Bip01-L-Finger0Nub {
                

                FrameTransformMatrix {
                 1.000000,0.000000,-0.000000,0.000000,-0.000000,1.000000,-0.000000,0.000000,0.000000,0.000000,1.000000,0.000000,0.862503,0.000004,0.000001,1.000000;;
                }
               }
              }
             }
            }

            Frame Bip01-L-Finger1 {
             

             FrameTransformMatrix {
              0.890676,0.007231,0.454582,0.000000,0.005920,0.999604,-0.027500,0.000000,-0.454601,0.027185,0.890280,0.000000,2.096302,-0.862209,-0.077709,1.000000;;
             }

             Frame Bip01-L-Finger11 {
              

              FrameTransformMatrix {
               0.877627,-0.000000,0.479344,0.000000,0.000000,1.000000,0.000000,0.000000,-0.479344,0.000000,0.877627,0.000000,1.331198,0.000001,0.000003,1.000000;;
              }

              Frame Bip01-L-Finger12 {
               

               FrameTransformMatrix {
                0.932921,-0.000000,0.360082,0.000000,0.000000,1.000000,0.000001,0.000000,-0.360082,-0.000000,0.932921,0.000000,0.723093,0.000001,0.000001,1.000000;;
               }

               Frame Bip01-L-Finger1Nub {
                

                FrameTransformMatrix {
                 1.000000,-0.000000,0.000000,0.000000,-0.000000,1.000000,0.000001,0.000000,-0.000000,-0.000001,1.000000,0.000000,0.679663,-0.000001,0.000001,1.000000;;
                }
               }
              }
             }
            }

            Frame Bip01-L-Finger2 {
             

             FrameTransformMatrix {
              0.882745,0.035112,0.468539,0.000000,-0.013270,0.998669,-0.049838,0.000000,-0.469666,0.037776,0.882036,0.000000,2.179712,-0.283318,-0.116970,1.000000;;
             }

             Frame Bip01-L-Finger21 {
              

              FrameTransformMatrix {
               0.795542,0.000000,0.605899,0.000000,-0.000000,1.000000,-0.000000,0.000000,-0.605899,-0.000000,0.795542,0.000000,1.406765,0.000000,0.000002,1.000000;;
              }

              Frame Bip01-L-Finger22 {
               

               FrameTransformMatrix {
                0.981120,-0.000000,0.193398,0.000000,0.000000,1.000000,0.000000,0.000000,-0.193399,-0.000000,0.981120,0.000000,0.840508,-0.000001,0.000000,1.000000;;
               }

               Frame Bip01-L-Finger2Nub {
                

                FrameTransformMatrix {
                 1.000000,0.000000,0.000000,0.000000,0.000000,1.000000,0.000000,0.000000,0.000000,-0.000000,1.000000,0.000000,0.664879,0.000001,-0.000003,1.000000;;
                }
               }
              }
             }
            }

            Frame Bip01-L-Finger3 {
             

             FrameTransformMatrix {
              0.896787,0.157211,0.413592,0.000000,-0.134986,0.987396,-0.082633,0.000000,-0.421370,0.018276,0.906705,0.000000,2.073349,0.186409,-0.130482,1.000000;;
             }

             Frame Bip01-L-Finger31 {
              

              FrameTransformMatrix {
               0.760569,-0.000000,0.649258,0.000000,0.000000,1.000000,0.000000,0.000000,-0.649258,-0.000000,0.760569,0.000000,1.365454,-0.000001,-0.000004,1.000000;;
              }

              Frame Bip01-L-Finger32 {
               

               FrameTransformMatrix {
                0.978941,0.000000,0.204143,0.000000,0.000000,1.000000,-0.000000,0.000000,-0.204142,0.000000,0.978941,0.000000,0.768673,0.000000,0.000005,1.000000;;
               }

               Frame Bip01-L-Finger3Nub {
                

                FrameTransformMatrix {
                 1.000000,-0.000000,0.000000,0.000000,0.000000,1.000000,-0.000000,0.000000,-0.000000,0.000000,1.000000,0.000000,0.649347,-0.000001,0.000002,1.000000;;
                }
               }
              }
             }
            }

            Frame Bip01-L-Finger4 {
             

             FrameTransformMatrix {
              0.885085,0.251358,0.391718,0.000000,-0.224521,0.967811,-0.113722,0.000000,-0.407694,0.012705,0.913030,0.000000,1.882342,0.690611,0.070724,1.000000;;
             }

             Frame Bip01-L-Finger41 {
              

              FrameTransformMatrix {
               0.785957,-0.000000,0.618281,0.000000,0.000000,1.000000,-0.000000,0.000000,-0.618281,0.000001,0.785957,0.000000,1.108315,-0.000001,-0.000002,1.000000;;
              }

              Frame Bip01-L-Finger42 {
               

               FrameTransformMatrix {
                0.944871,-0.000000,0.327444,0.000000,0.000000,1.000000,0.000001,0.000000,-0.327444,-0.000000,0.944871,0.000000,0.520342,0.000000,0.000000,1.000000;;
               }

               Frame Bip01-L-Finger4Nub {
                

                FrameTransformMatrix {
                 1.000000,0.000000,-0.000000,0.000000,-0.000000,1.000000,0.000000,0.000000,0.000000,-0.000000,1.000000,0.000000,0.515337,0.000001,-0.000002,1.000000;;
                }
               }
              }
             }
            }

            Frame FxHand00 {
             

             FrameTransformMatrix {
              0.220347,-0.936490,0.272824,0.000000,-0.759401,-0.340240,-0.554568,0.000000,0.612174,-0.084985,-0.786143,0.000000,1.500002,0.499996,2.000004,1.000000;;
             }
            }

            Frame L_Sword {
             

             FrameTransformMatrix {
              0.976767,0.039081,-0.210713,0.000000,0.070766,-0.986898,0.145000,0.000000,-0.202285,-0.156542,-0.966734,0.000000,0.000000,0.000000,0.000004,1.000000;;
             }
            }
           }

           Frame L_Elbow {
            

            FrameTransformMatrix {
             0.982504,0.000000,0.186241,0.000000,0.000000,1.000000,-0.000000,0.000000,-0.186241,0.000000,0.982504,0.000000,-0.000002,0.000000,0.000000,1.000000;;
            }
           }

           Frame L_Shield {
            

            FrameTransformMatrix {
             1.000000,0.000000,0.000000,0.000000,0.000001,1.000000,-0.000000,0.000000,0.000000,0.000000,1.000000,0.000000,2.500004,2.500000,0.000000,1.000000;;
            }
           }

           Frame Bip01-L-ForeTwist {
            

            FrameTransformMatrix {
             1.000000,0.000000,0.000000,0.000000,0.000000,0.999312,0.037107,0.000000,0.000000,-0.037107,0.999311,0.000000,-0.000002,-0.000004,0.000001,1.000000;;
            }
           }
          }

          Frame L_Shoulder {
           

           FrameTransformMatrix {
            0.948343,0.307755,-0.077029,0.000000,-0.311668,0.949122,-0.045063,0.000000,0.059241,0.066743,0.996010,0.000000,0.000000,0.000000,0.000000,1.000000;;
           }
          }

          Frame L_Shoulder_Twist {
           

           FrameTransformMatrix {
            1.000000,-0.000000,-0.000000,0.000000,0.000000,1.000000,0.000000,0.000000,0.000000,0.000000,1.000000,0.000000,0.000000,0.000000,0.000000,1.000000;;
           }
          }
         }
        }

        Frame Bip01-R-Clavicle {
         

         FrameTransformMatrix {
          -0.249952,-0.966695,0.054995,0.000000,-0.944116,0.255931,0.207716,0.000000,-0.214872,-0.000002,-0.976642,0.000000,-0.753025,-0.957160,0.028462,1.000000;;
         }

         Frame Bip01-R-UpperArm {
          

          FrameTransformMatrix {
           0.798871,0.594050,0.094384,0.000000,-0.578814,0.801906,-0.148056,0.000000,-0.163640,0.063647,0.984465,0.000000,2.305937,0.000008,0.000001,1.000000;;
          }

          Frame Bip01-R-Forearm {
           

           FrameTransformMatrix {
            0.930629,0.000000,-0.365965,0.000000,-0.000000,1.000000,0.000000,0.000000,0.365965,-0.000000,0.930629,0.000000,6.131231,0.000002,-0.000002,1.000000;;
           }

           Frame Bip01-R-Hand {
            

            FrameTransformMatrix {
             0.989065,0.040580,0.141786,0.000000,0.144470,-0.073386,-0.986784,0.000000,-0.029638,0.996478,-0.078447,0.000000,6.144238,-0.000002,0.000001,1.000000;;
            }

            Frame Bip01-R-Finger0 {
             

             FrameTransformMatrix {
              0.722825,0.531683,0.441402,0.000000,-0.371542,-0.239557,0.896978,0.000000,0.582649,-0.812358,0.024384,0.000000,0.431657,0.683449,0.267914,1.000000;;
             }

             Frame Bip01-R-Finger01 {
              

              FrameTransformMatrix {
               0.985853,-0.000000,0.167616,0.000000,0.000000,1.000001,-0.000000,0.000000,-0.167616,0.000000,0.985853,0.000000,1.065220,0.000000,0.000000,1.000000;;
              }

              Frame Bip01-R-Finger02 {
               

               FrameTransformMatrix {
                0.950837,-0.000000,0.309691,0.000000,0.000000,1.000000,0.000000,0.000000,-0.309691,-0.000000,0.950837,0.000000,0.739166,0.000002,-0.000001,1.000000;;
               }

               Frame Bip01-R-Finger0Nub {
                

                FrameTransformMatrix {
                 -1.000001,-0.000000,0.000000,0.000000,-0.000000,1.000000,-0.000000,0.000000,-0.000000,-0.000000,-1.000000,0.000000,0.862505,-0.000002,-0.000002,1.000000;;
                }
               }
              }
             }
            }

            Frame Bip01-R-Finger1 {
             

             FrameTransformMatrix {
              0.890676,-0.007232,0.454582,0.000000,-0.005919,0.999604,0.027500,0.000000,-0.454601,-0.027185,0.890280,0.000000,2.096308,0.862210,-0.077709,1.000000;;
             }

             Frame Bip01-R-Finger11 {
              

              FrameTransformMatrix {
               0.877627,0.000000,0.479343,0.000000,0.000000,1.000000,-0.000000,0.000000,-0.479343,0.000001,0.877627,0.000000,1.331190,-0.000002,-0.000004,1.000000;;
              }

              Frame Bip01-R-Finger12 {
               

               FrameTransformMatrix {
                0.932921,-0.000000,0.360082,0.000000,0.000000,1.000000,-0.000000,0.000000,-0.360082,0.000000,0.932921,0.000000,0.723099,0.000002,-0.000001,1.000000;;
               }

               Frame Bip01-R-Finger1Nub {
                

                FrameTransformMatrix {
                 -1.000000,0.000000,-0.000000,0.000000,0.000000,1.000000,0.000000,0.000000,0.000000,0.000000,-1.000000,0.000000,0.679665,0.000000,0.000002,1.000000;;
                }
               }
              }
             }
            }

            Frame Bip01-R-Finger2 {
             

             FrameTransformMatrix {
              0.882745,-0.035112,0.468539,0.000000,0.013271,0.998669,0.049837,0.000000,-0.469666,-0.037775,0.882036,0.000000,2.179714,0.283319,-0.116974,1.000000;;
             }

             Frame Bip01-R-Finger21 {
              

              FrameTransformMatrix {
               0.795542,-0.000001,0.605898,0.000000,0.000000,1.000000,0.000000,0.000000,-0.605899,-0.000000,0.795542,0.000000,1.406761,-0.000001,0.000000,1.000000;;
              }

              Frame Bip01-R-Finger22 {
               

               FrameTransformMatrix {
                0.981120,0.000000,0.193399,0.000000,-0.000000,1.000000,-0.000000,0.000000,-0.193399,0.000000,0.981121,0.000000,0.840500,0.000000,-0.000002,1.000000;;
               }

               Frame Bip01-R-Finger2Nub {
                

                FrameTransformMatrix {
                 -1.000000,0.000000,-0.000000,0.000000,0.000001,1.000000,0.000000,0.000000,0.000000,0.000001,-1.000000,0.000000,0.664879,0.000001,-0.000001,1.000000;;
                }
               }
              }
             }
            }

            Frame Bip01-R-Finger3 {
             

             FrameTransformMatrix {
              0.896787,-0.157212,0.413592,0.000000,0.134986,0.987396,0.082634,0.000000,-0.421370,-0.018276,0.906705,0.000000,2.073346,-0.186407,-0.130486,1.000000;;
             }

             Frame Bip01-R-Finger31 {
              

              FrameTransformMatrix {
               0.760569,-0.000000,0.649257,0.000000,0.000000,1.000000,-0.000000,0.000000,-0.649257,0.000000,0.760569,0.000000,1.365458,0.000000,-0.000004,1.000000;;
              }

              Frame Bip01-R-Finger32 {
               

               FrameTransformMatrix {
                0.978942,0.000000,0.204143,0.000000,-0.000000,1.000000,-0.000000,0.000000,-0.204143,0.000000,0.978941,0.000000,0.768671,0.000000,0.000004,1.000000;;
               }

               Frame Bip01-R-Finger3Nub {
                

                FrameTransformMatrix {
                 -1.000000,-0.000000,-0.000000,0.000000,-0.000000,1.000000,-0.000000,0.000000,0.000000,-0.000000,-1.000000,0.000000,0.649353,0.000000,-0.000002,1.000000;;
                }
               }
              }
             }
            }

            Frame Bip01-R-Finger4 {
             

             FrameTransformMatrix {
              0.885086,-0.251359,0.391718,0.000000,0.224522,0.967811,0.113722,0.000000,-0.407694,-0.012705,0.913031,0.000000,1.882347,-0.690607,0.070721,1.000000;;
             }

             Frame Bip01-R-Finger41 {
              

              FrameTransformMatrix {
               0.785957,0.000000,0.618281,0.000000,0.000000,1.000000,0.000000,0.000000,-0.618281,-0.000000,0.785957,0.000000,1.108318,0.000000,-0.000004,1.000000;;
              }

              Frame Bip01-R-Finger42 {
               

               FrameTransformMatrix {
                0.944871,0.000000,0.327444,0.000000,-0.000000,1.000000,-0.000000,0.000000,-0.327444,0.000000,0.944871,0.000000,0.520340,0.000000,0.000002,1.000000;;
               }

               Frame Bip01-R-Finger4Nub {
                

                FrameTransformMatrix {
                 -1.000000,0.000000,0.000000,0.000000,0.000000,1.000000,0.000000,0.000000,-0.000000,0.000000,-1.000000,0.000000,0.515339,-0.000000,0.000000,1.000000;;
                }
               }
              }
             }
            }

            Frame FxHand01 {
             

             FrameTransformMatrix {
              0.220350,0.936490,0.272822,0.000000,-0.759401,0.340241,-0.554568,0.000000,-0.612173,-0.084982,0.786144,0.000000,1.500006,-0.499998,2.000002,1.000000;;
             }
            }

            Frame R_Sword {
             

             FrameTransformMatrix {
              0.976767,-0.039081,-0.210712,0.000000,0.070766,0.986898,0.145000,0.000000,0.202285,-0.156543,0.966734,0.000000,0.000001,0.000002,0.000000,1.000000;;
             }
            }
           }

           Frame R_Elbow {
            

            FrameTransformMatrix {
             0.982504,-0.000000,0.186241,0.000000,0.000000,1.000000,0.000000,0.000000,-0.186241,0.000000,0.982504,0.000000,0.000000,0.000000,0.000001,1.000000;;
            }
           }

           Frame Bip01-R-ForeTwist {
            

            FrameTransformMatrix {
             1.000000,-0.000000,-0.000000,0.000000,0.000000,0.999311,-0.037108,0.000000,0.000000,0.037108,0.999311,0.000000,0.000000,0.000000,0.000001,1.000000;;
            }
           }
          }

          Frame R_Shoulder {
           

           FrameTransformMatrix {
            0.948342,-0.307756,-0.077029,0.000000,0.311669,0.949122,0.045064,0.000000,0.059241,-0.066743,0.996010,0.000000,0.000000,0.000000,0.000000,1.000000;;
           }
          }

          Frame R_Shoulder_Twist {
           

           FrameTransformMatrix {
            1.000000,0.000000,-0.000000,0.000000,-0.000000,1.000000,0.000000,0.000000,0.000000,-0.000000,1.000000,0.000000,0.000000,0.000000,0.000000,1.000000;;
           }
          }
         }
        }
       }

       Frame R_Breast {
        

        FrameTransformMatrix {
         0.063560,0.329543,-0.941999,0.000000,-0.003088,0.943968,0.330023,0.000000,0.997973,-0.018067,0.061016,0.000000,1.272751,-1.452000,1.209910,1.000000;;
        }
       }

       Frame L_Breast {
        

        FrameTransformMatrix {
         -0.063560,0.329545,0.941998,0.000000,0.003087,0.943967,-0.330025,0.000000,-0.997973,-0.018068,-0.061016,0.000000,1.272759,1.451767,1.209907,1.000000;;
        }
       }

       Frame L_spine3 {
        

        FrameTransformMatrix {
         0.980445,0.043405,-0.191946,0.000000,0.044221,-0.999022,-0.000033,0.000000,-0.191760,-0.008456,-0.981405,0.000000,2.104042,3.093146,-0.411917,1.000000;;
        }
       }

       Frame R_spine3 {
        

        FrameTransformMatrix {
         0.980446,-0.043405,-0.191942,0.000000,-0.044221,-0.999022,0.000038,0.000000,-0.191756,0.008451,-0.981406,0.000000,2.104042,-3.093147,-0.411909,1.000000;;
        }
       }

       Frame Acc_LA_Neck {
        

        FrameTransformMatrix {
         0.919454,-0.000000,-0.393199,0.000000,-0.000000,1.000000,-0.000001,0.000000,0.393198,0.000001,0.919454,0.000000,5.885692,0.000001,-1.489708,1.000000;;
        }
       }
      }

      Frame FxCenter {
       

       FrameTransformMatrix {
        -0.023870,0.000003,0.999715,0.000000,0.999715,-0.000000,0.023870,0.000000,0.000000,1.000000,-0.000003,0.000000,1.000006,-0.000002,-0.000000,1.000000;;
       }
      }

      Frame Weapon_Back {
       

       FrameTransformMatrix {
        -0.999295,-0.000000,-0.037550,0.000000,0.000000,-1.000000,-0.000002,0.000000,-0.037550,-0.000002,0.999295,0.000000,4.711460,-0.000010,-2.809573,1.000000;;
       }
      }
     }
    }

    Frame Bip01-L-Thigh {
     

     FrameTransformMatrix {
      -0.997342,0.010238,0.072130,0.000000,-0.003067,-0.995100,0.098825,0.000000,0.072788,0.098341,0.992487,0.000000,-2.355776,2.566189,0.104822,1.000000;;
     }

     Frame Bip01-L-Calf {
      

      FrameTransformMatrix {
       0.989801,0.000000,-0.142458,0.000000,0.000000,1.000000,0.000002,0.000000,0.142458,-0.000002,0.989801,0.000000,10.047710,-0.000001,-0.000001,1.000000;;
      }

      Frame Bip01-L-Foot {
       

       FrameTransformMatrix {
        0.993368,0.006533,0.114794,0.000000,-0.007677,0.999925,0.009526,0.000000,-0.114723,-0.010344,0.993344,0.000000,10.474945,-0.000000,0.000001,1.000000;;
       }

       Frame Bip01-L-Toe0 {
        

        FrameTransformMatrix {
         0.005122,-0.000012,0.999987,0.000000,0.000000,1.000000,0.000012,0.000000,-0.999987,-0.000000,0.005122,0.000000,3.213933,-0.000023,1.930074,1.000000;;
        }

        Frame Bip01-L-Toe0Nub {
         

         FrameTransformMatrix {
          -1.000000,-0.000000,0.000000,0.000000,-0.000000,1.000000,0.000000,0.000000,-0.000000,0.000000,-1.000000,0.000000,1.879583,0.000000,-0.000000,1.000000;;
         }
        }
       }
      }

      Frame L_Knee {
       

       FrameTransformMatrix {
        0.997447,0.000000,0.071411,0.000000,-0.000000,1.000000,0.000001,0.000000,-0.071411,-0.000001,0.997447,0.000000,0.000000,0.000000,0.000000,1.000000;;
       }
      }

      Frame Bip01-LCalfTwist {
       

       FrameTransformMatrix {
        1.000000,0.000000,0.000000,0.000000,0.000000,0.999989,0.004770,0.000000,0.000000,-0.004770,0.999989,0.000000,0.000000,0.000000,0.000000,1.000000;;
       }
      }
     }

     Frame L_Thigh {
      

      FrameTransformMatrix {
       1.000000,-0.000000,-0.000000,0.000000,0.000000,1.000000,0.000001,0.000000,0.000000,-0.000000,1.000000,0.000000,0.000000,0.000000,0.000000,1.000000;;
      }
     }
    }

    Frame Bip01-R-Thigh {
     

     FrameTransformMatrix {
      -0.997342,-0.010238,0.072130,0.000000,0.003068,-0.995101,-0.098821,0.000000,0.072788,-0.098337,0.992488,0.000000,-2.355778,-2.566190,0.104835,1.000000;;
     }

     Frame Bip01-R-Calf {
      

      FrameTransformMatrix {
       0.989801,-0.000000,-0.142458,0.000000,0.000000,1.000000,-0.000001,0.000000,0.142458,0.000001,0.989801,0.000000,10.047705,-0.000001,-0.000000,1.000000;;
      }

      Frame Bip01-R-Foot {
       

       FrameTransformMatrix {
        0.993368,-0.006533,0.114794,0.000000,0.007676,0.999925,-0.009520,0.000000,-0.114724,0.010338,0.993344,0.000000,10.474944,-0.000000,0.000001,1.000000;;
       }

       Frame Bip01-R-Toe0 {
        

        FrameTransformMatrix {
         0.005122,0.000019,0.999987,0.000000,-0.000000,1.000000,-0.000019,0.000000,-0.999987,-0.000000,0.005122,0.000000,3.213932,0.000037,1.930074,1.000000;;
        }

        Frame Bip01-R-Toe0Nub {
         

         FrameTransformMatrix {
          1.000000,0.000000,-0.000000,0.000000,-0.000000,1.000000,0.000000,0.000000,0.000000,-0.000000,1.000000,0.000000,1.879584,-0.000000,-0.000000,1.000000;;
         }
        }
       }
      }

      Frame R_Knee {
       

       FrameTransformMatrix {
        0.997447,0.000000,0.071411,0.000000,-0.000000,1.000000,-0.000001,0.000000,-0.071411,0.000001,0.997447,0.000000,0.000002,0.000000,0.000000,1.000000;;
       }
      }

      Frame Bip01-RCalfTwist {
       

       FrameTransformMatrix {
        1.000000,-0.000000,0.000000,0.000000,0.000000,0.999989,-0.004770,0.000000,-0.000000,0.004770,0.999989,0.000000,0.000001,0.000000,0.000000,1.000000;;
       }
      }
     }

     Frame R_Thigh {
      

      FrameTransformMatrix {
       1.000000,-0.000000,-0.000000,0.000000,0.000000,1.000000,-0.000000,0.000000,-0.000000,0.000000,1.000000,0.000000,0.000000,0.000000,0.000000,1.000000;;
      }
     }
    }

    Frame Skirt_Dummy {
     

     FrameTransformMatrix {
      -1.000000,0.000002,0.000797,0.000000,-0.000002,-1.000000,-0.000001,0.000000,0.000797,-0.000001,1.000000,0.000000,-0.033838,-0.000002,-0.263520,1.000000;;
     }
    }
   }
  }
 }
}

Frame Human_F_L14_Body_Skel {
 

 FrameTransformMatrix {
  1.000000,0.000000,0.000000,0.000000,0.000000,1.000000,0.000000,0.000000,0.000000,0.000000,1.000000,0.000000,0.000000,0.000000,0.000000,1.000000;;
 }

 Mesh Human_F_L14_Body_Skel {
  2796;
  0.717674;35.596413;0.000000;,
  0.501269;35.772256;-0.095839;,
  0.605713;35.597069;0.000000;,
  0.992776;35.290202;-1.017464;,
  1.208399;34.928576;-0.841150;,
  1.101412;35.099683;-1.016876;,
  1.195405;34.971197;-0.712442;,
  0.923776;35.417904;-0.906479;,
  1.077310;35.186419;-0.597879;,
  1.125733;34.915475;-0.359867;,
  1.021729;35.075853;-0.580383;,
  1.117188;34.890416;-0.675606;,
  1.134033;34.835290;-0.846004;,
  1.011231;35.030742;-1.051485;,
  0.888428;35.246250;-1.051485;,
  1.201321;34.997178;-0.321159;,
  1.161889;35.026195;-0.128578;,
  1.337934;34.741517;-0.114855;,
  0.996663;35.303917;-0.296692;,
  0.873576;35.505187;-0.505283;,
  0.805321;35.600954;-0.734693;,
  0.777541;35.588630;-1.088470;,
  0.690558;35.757741;-0.889618;,
  0.542875;36.006419;-1.067987;,
  0.566662;35.938874;-0.867422;,
  0.456429;35.937421;-0.637531;,
  0.541131;36.017245;-0.636696;,
  0.490093;35.855562;-0.816402;,
  0.596363;35.707328;-0.823183;,
  0.691261;35.582749;-0.697346;,
  0.763672;35.471779;-0.480148;,
  0.891113;35.261286;-0.269655;,
  0.525939;36.036483;-0.251186;,
  0.494708;36.233421;-0.410030;,
  0.640840;35.846509;-0.414413;,
  0.604855;35.791610;-0.107958;,
  0.727109;35.670995;-0.289823;,
  0.883795;35.418720;-0.158743;,
  0.717674;35.596413;0.000000;,
  1.175613;34.935683;0.000000;,
  1.173187;34.805568;0.000000;,
  0.805908;35.370678;-0.179016;,
  0.650158;35.612918;-0.312851;,
  0.555256;35.779805;-0.432697;,
  0.830322;35.356506;-0.951250;,
  0.710938;35.491830;-1.086567;,
  0.721162;35.525859;-1.377842;,
  0.445006;36.110675;-1.384943;,
  0.417871;36.234413;-0.918039;,
  0.115453;36.484326;-0.719482;,
  0.063981;36.461779;-1.265003;,
  0.030997;36.421760;-1.598000;,
  -0.333925;36.624704;-1.546146;,
  -0.160934;36.520000;-1.849960;,
  -0.373069;36.637882;-1.729992;,
  0.652140;35.433814;-1.362787;,
  0.647146;35.608301;-1.644169;,
  0.298259;36.190010;-1.685318;,
  0.138921;36.194608;-1.870270;,
  0.058840;36.112083;-1.884228;,
  -0.262967;36.454141;-1.871101;,
  0.368653;35.672246;-1.883432;,
  0.452718;35.754074;-1.877838;,
  0.575196;35.511872;-1.652893;,
  -0.483438;36.575843;-1.761833;,
  -0.478271;36.514214;-1.572704;,
  -0.783159;36.901469;-1.740948;,
  -0.843750;36.799885;-1.743103;,
  -1.464271;37.231862;-1.825209;,
  -1.473045;37.108336;-1.806753;,
  -1.876887;37.164726;-1.568796;,
  -1.866161;37.057754;-1.533007;,
  -2.148235;36.937731;-1.185103;,
  -0.219642;36.637872;-0.993368;,
  -0.525984;36.844406;-1.318232;,
  -0.823604;37.039155;-1.465212;,
  -1.377246;37.308717;-1.628189;,
  -1.782489;37.354371;-1.442699;,
  -2.077878;37.317862;-1.169531;,
  -2.230606;37.014854;-1.190613;,
  -2.229254;37.192138;-0.801289;,
  -2.125732;37.172608;-0.747005;,
  -1.985186;37.298304;-1.091442;,
  -1.737303;37.312752;-1.360235;,
  -1.381030;37.241398;-1.544718;,
  -0.892578;36.975296;-1.397295;,
  -0.632568;36.744758;-1.251955;,
  -2.372379;36.773757;-1.059034;,
  -2.451972;36.715322;-0.804949;,
  -2.365714;36.952288;-0.655291;,
  -2.378174;36.625245;-0.767300;,
  -2.274902;36.908448;-0.593868;,
  -2.282959;36.694826;-1.066341;,
  1.057129;34.980630;0.099257;,
  1.304932;34.769603;0.000000;,
  1.173187;34.805568;0.000000;,
  -2.451972;36.715325;0.804949;,
  -2.229254;37.192138;0.801289;,
  -2.365715;36.952288;0.655291;,
  -2.372379;36.773757;1.059034;,
  -2.230607;37.014854;1.190613;,
  -2.077878;37.317869;1.169531;,
  -2.274903;36.908448;0.593868;,
  -2.378174;36.625245;0.767300;,
  -2.282959;36.694826;1.066341;,
  -2.148235;36.937731;1.185102;,
  -1.876888;37.164733;1.568796;,
  -1.782489;37.354371;1.442699;,
  -0.525984;36.844406;1.318232;,
  -0.892578;36.975296;1.397295;,
  -0.823604;37.039155;1.465212;,
  -1.381030;37.241398;1.544718;,
  -1.377246;37.308717;1.628189;,
  -1.737303;37.312755;1.360235;,
  -1.985186;37.298301;1.091442;,
  -2.125732;37.172608;0.747005;,
  -1.464271;37.231862;1.825209;,
  -0.783160;36.901475;1.740948;,
  -0.843750;36.799885;1.743103;,
  -0.478272;36.514218;1.572705;,
  -0.333925;36.624704;1.546147;,
  -0.483439;36.575846;1.761833;,
  -0.373069;36.637885;1.729992;,
  -0.262967;36.454144;1.871101;,
  -0.160934;36.520000;1.849960;,
  -1.473046;37.108346;1.806753;,
  -1.866161;37.057757;1.533007;,
  0.058839;36.112086;1.884228;,
  0.138920;36.194608;1.870270;,
  0.368652;35.672250;1.883433;,
  0.452717;35.754077;1.877838;,
  0.575195;35.511872;1.652893;,
  0.647146;35.608301;1.644169;,
  0.652140;35.433814;1.362787;,
  0.721162;35.525859;1.377842;,
  0.710938;35.491830;1.086567;,
  0.445006;36.110675;1.384943;,
  0.777541;35.588630;1.088470;,
  0.542874;36.006422;1.067987;,
  0.298258;36.190013;1.685318;,
  0.030997;36.421760;1.598000;,
  0.063981;36.461779;1.265003;,
  0.417871;36.234416;0.918039;,
  0.566662;35.938880;0.867422;,
  0.541131;36.017242;0.636696;,
  -0.219642;36.637866;0.993368;,
  0.115453;36.484326;0.719482;,
  0.494708;36.233421;0.410030;,
  0.525939;36.036483;0.251186;,
  0.640840;35.846509;0.414413;,
  0.604855;35.791610;0.107958;,
  0.419434;36.008029;0.229561;,
  0.422517;36.209456;0.399103;,
  0.042751;36.409213;0.675533;,
  -0.298096;36.564336;0.951250;,
  -0.632569;36.744758;1.251955;,
  0.727109;35.670995;0.289824;,
  0.883795;35.418720;0.158743;,
  0.805908;35.370678;0.179016;,
  1.173187;34.805568;0.000000;,
  1.175613;34.935683;0.000000;,
  0.717674;35.596413;0.000000;,
  0.501269;35.772256;0.095839;,
  0.490093;35.855562;0.816402;,
  0.690557;35.757741;0.889618;,
  0.596363;35.707328;0.823183;,
  0.456429;35.937421;0.637531;,
  0.555256;35.779805;0.432697;,
  0.650158;35.612922;0.312851;,
  0.805321;35.600954;0.734694;,
  0.923776;35.417904;0.906479;,
  1.077310;35.186419;0.597880;,
  1.195405;34.971197;0.712443;,
  0.992775;35.290202;1.017464;,
  1.208399;34.928576;0.841150;,
  1.101412;35.099683;1.016876;,
  0.830322;35.356506;0.951250;,
  0.888428;35.246250;1.051485;,
  1.011231;35.030746;1.051485;,
  1.134033;34.835290;0.846005;,
  1.117188;34.890416;0.675606;,
  1.021729;35.075853;0.580383;,
  1.125732;34.915469;0.359867;,
  1.201321;34.997178;0.321159;,
  1.257813;34.669898;0.164410;,
  1.337934;34.741517;0.114855;,
  1.456787;34.299034;0.000000;,
  1.477499;34.430989;0.000000;,
  1.304932;34.769603;0.000000;,
  0.873576;35.505187;0.505283;,
  0.996663;35.303920;0.296692;,
  1.161889;35.026202;0.128578;,
  1.057129;34.980630;0.099257;,
  0.891113;35.261286;0.269655;,
  0.763672;35.471779;0.480148;,
  0.691261;35.582752;0.697346;,
  0.501269;35.772256;0.095839;,
  0.717674;35.596413;0.000000;,
  0.605713;35.597069;0.000000;,
  -2.479192;33.407578;-1.276599;,
  -2.393653;32.548826;-0.489733;,
  -2.505583;33.570838;-0.638298;,
  -2.376492;32.338214;-1.045389;,
  -2.061304;31.289296;-0.324617;,
  -2.074654;31.161786;-0.716471;,
  -2.910535;25.085830;-0.776194;,
  -2.470088;25.445917;-0.187067;,
  -2.378966;25.848890;-0.505789;,
  -2.832193;24.998498;-0.317932;,
  -2.691714;24.970454;-0.121941;,
  -2.541570;24.954662;-0.066441;,
  -2.450033;25.410243;-0.000000;,
  -2.510726;24.941200;-0.000000;,
  -2.391451;25.808930;-0.000000;,
  -2.199492;26.210102;-1.194510;,
  -2.777491;25.205666;-1.562170;,
  -2.214270;26.376938;-0.000000;,
  -2.361974;25.868526;-0.314898;,
  -2.189871;26.354339;-0.511536;,
  -1.807838;27.149232;-0.000000;,
  -1.790708;27.174880;-0.311287;,
  -1.479214;28.677123;-0.202095;,
  -1.478060;28.658957;-0.000000;,
  -1.572133;29.647306;-0.206389;,
  -1.574743;29.636790;-0.000000;,
  -1.563803;29.666541;-0.583901;,
  -1.455307;28.711709;-0.586825;,
  -1.716979;27.245290;-0.879877;,
  -2.049597;26.300749;-1.846661;,
  -2.554660;25.299630;-2.261890;,
  -1.493395;27.403610;-1.527229;,
  -1.336521;28.655709;-1.291849;,
  -1.360353;29.615155;-1.357403;,
  -2.074654;31.161786;-0.716471;,
  -1.034812;28.559712;-1.890612;,
  -1.210206;27.529126;-2.167021;,
  -1.729978;26.252326;-2.528620;,
  -1.909653;25.367768;-2.962761;,
  -0.879485;26.112478;-3.192617;,
  -1.048631;25.157565;-3.456532;,
  -0.680344;27.392234;-2.801506;,
  -0.484542;28.387408;-2.483707;,
  -0.557320;29.431590;-2.216961;,
  -1.028719;29.413488;-1.843485;,
  -1.490298;31.382806;-2.172449;,
  -0.789278;30.859677;-2.342434;,
  -1.490600;30.197722;-1.483275;,
  -1.637185;32.349098;-2.348349;,
  -0.925907;31.927926;-2.497890;,
  -2.479192;33.407578;-1.276599;,
  -2.376492;32.338214;-1.045389;,
  -2.061304;31.289296;-0.324617;,
  -2.050244;31.394928;-0.000000;,
  -2.393653;32.548826;-0.489733;,
  -2.408777;32.734445;-0.000000;,
  -2.505583;33.570838;-0.638298;,
  -2.531974;33.734099;-0.000000;,
  2.376245;26.183234;0.000000;,
  2.005712;27.600026;-0.752123;,
  2.129577;27.601904;0.000000;,
  2.203858;24.177355;-1.003971;,
  2.472968;24.818906;0.000000;,
  2.278810;23.972584;0.000000;,
  2.361204;25.087635;-1.013756;,
  2.320781;26.163686;-0.583366;,
  1.974040;26.378733;-1.567524;,
  1.854194;27.030550;-2.013063;,
  1.912478;26.341962;-2.270393;,
  1.641371;27.054454;-2.744659;,
  1.676692;26.004938;-3.202444;,
  1.906239;24.335075;-3.038538;,
  1.314824;24.639573;-3.690889;,
  2.004975;25.407338;-2.693699;,
  1.981097;25.657299;-1.785072;,
  2.014445;24.583413;-2.065603;,
  2.077137;23.281723;-1.316151;,
  2.022306;23.646541;-2.210325;,
  0.998563;26.206414;-3.452501;,
  0.099813;25.376949;-3.709846;,
  -0.010027;24.296128;-3.960295;,
  -1.048631;25.157565;-3.456532;,
  0.141635;26.223824;-3.490986;,
  -0.879485;26.112478;-3.192617;,
  0.217100;27.240938;-3.167185;,
  -0.680344;27.392234;-2.801506;,
  0.088163;28.134470;-2.807482;,
  -1.066575;24.145160;-3.740906;,
  0.911656;28.106038;-2.758677;,
  2.057232;28.993718;-1.063948;,
  1.860472;28.011917;-1.687960;,
  1.562557;28.912650;-2.053530;,
  1.585871;27.827520;-2.436516;,
  1.077409;27.218915;-2.996964;,
  2.264408;29.094659;0.000000;,
  2.240268;30.678685;-0.336740;,
  2.279537;30.919194;0.000000;,
  2.198099;30.309533;-0.676660;,
  2.008387;29.812173;-1.250213;,
  1.630624;29.638458;-1.784376;,
  2.017344;30.137875;-1.322784;,
  2.192390;30.652602;-0.831013;,
  2.197968;31.142883;-0.357735;,
  -0.484542;28.387408;-2.483707;,
  0.038621;29.251510;-2.433090;,
  0.924659;29.097533;-2.338230;,
  1.518826;29.636509;-2.036062;,
  1.758093;30.121040;-1.728878;,
  2.012167;30.803670;-1.435183;,
  1.964782;31.243370;-1.503113;,
  2.197872;31.138915;-0.929651;,
  1.760783;30.771206;-1.827888;,
  1.522840;30.147802;-2.063051;,
  0.888793;29.707165;-2.328045;,
  0.119684;30.068784;-2.429993;,
  -0.366211;30.504493;-2.350004;,
  -0.557320;29.431590;-2.216961;,
  -0.789278;30.859677;-2.342434;,
  -1.028719;29.413488;-1.843485;,
  0.370715;31.408714;-2.598811;,
  -0.322994;31.174816;-2.459683;,
  -0.267455;31.593725;-2.579801;,
  -0.925907;31.927926;-2.497890;,
  0.291981;30.927066;-2.527329;,
  0.902376;30.398288;-2.401881;,
  1.371452;30.798701;-2.149986;,
  1.684114;31.254918;-1.929491;,
  0.904272;31.089101;-2.444591;,
  1.367237;31.340550;-2.291431;,
  0.973949;31.593878;-2.482130;,
  2.693351;32.042992;-0.828348;,
  2.499536;32.138672;-0.531979;,
  2.518706;31.945146;-0.660540;,
  2.525782;31.762605;-0.852749;,
  2.315656;31.678394;-0.690271;,
  2.307817;31.518826;-0.891014;,
  2.220783;31.679530;-0.662531;,
  2.214028;31.562250;-0.855617;,
  2.241882;31.359670;-0.693741;,
  2.169550;31.414803;-1.051649;,
  2.284642;31.562387;-0.395578;,
  2.216756;31.847878;-0.488367;,
  2.315209;31.865830;-0.527046;,
  2.303550;32.062813;-0.388611;,
  2.309819;32.314310;-0.268288;,
  2.172426;32.293651;-0.179027;,
  2.129223;32.566144;-0.106293;,
  2.136306;32.551616;0.000000;,
  2.089803;32.817360;0.000000;,
  1.995445;33.103104;-0.040354;,
  1.852686;33.400128;0.000000;,
