xof 0303txt 0032
template ColorRGBA {
 <35ff44e0-6c7c-11cf-8f52-0040333594a3>
 FLOAT red;
 FLOAT green;
 FLOAT blue;
 FLOAT alpha;
}

template ColorRGB {
 <d3e16e81-7835-11cf-8f52-0040333594a3>
 FLOAT red;
 FLOAT green;
 FLOAT blue;
}

template Material {
 <3d82ab4d-62da-11cf-ab39-0020af71e433>
 ColorRGBA faceColor;
 FLOAT power;
 ColorRGB specularColor;
 ColorRGB emissiveColor;
 [...]
}

template TextureFilename {
 <a42790e1-7810-11cf-8f52-0040333594a3>
 STRING filename;
}

template Frame {
 <3d82ab46-62da-11cf-ab39-0020af71e433>
 [...]
}

template Matrix4x4 {
 <f6f23f45-7686-11cf-8f52-0040333594a3>
 array FLOAT matrix[16];
}

template FrameTransformMatrix {
 <f6f23f41-7686-11cf-8f52-0040333594a3>
 Matrix4x4 frameMatrix;
}

template Vector {
 <3d82ab5e-62da-11cf-ab39-0020af71e433>
 FLOAT x;
 FLOAT y;
 FLOAT z;
}

template MeshFace {
 <3d82ab5f-62da-11cf-ab39-0020af71e433>
 DWORD nFaceVertexIndices;
 array DWORD faceVertexIndices[nFaceVertexIndices];
}

template Mesh {
 <3d82ab44-62da-11cf-ab39-0020af71e433>
 DWORD nVertices;
 array Vector vertices[nVertices];
 DWORD nFaces;
 array MeshFace faces[nFaces];
 [...]
}

template MeshNormals {
 <f6f23f43-7686-11cf-8f52-0040333594a3>
 DWORD nNormals;
 array Vector normals[nNormals];
 DWORD nFaceNormals;
 array MeshFace faceNormals[nFaceNormals];
}

template MeshMaterialList {
 <f6f23f42-7686-11cf-8f52-0040333594a3>
 DWORD nMaterials;
 DWORD nFaceIndexes;
 array DWORD faceIndexes[nFaceIndexes];
 [Material <3d82ab4d-62da-11cf-ab39-0020af71e433>]
}

template Coords2d {
 <f6f23f44-7686-11cf-8f52-0040333594a3>
 FLOAT u;
 FLOAT v;
}

template MeshTextureCoords {
 <f6f23f40-7686-11cf-8f52-0040333594a3>
 DWORD nTextureCoords;
 array Coords2d textureCoords[nTextureCoords];
}

template XSkinMeshHeader {
 <3cf169ce-ff7c-44ab-93c0-f78f62d172e2>
 WORD nMaxSkinWeightsPerVertex;
 WORD nMaxSkinWeightsPerFace;
 WORD nBones;
}

template SkinWeights {
 <6f0d123b-bad2-4167-a0d0-80224f25fabb>
 STRING transformNodeName;
 DWORD nWeights;
 array DWORD vertexIndices[nWeights];
 array FLOAT weights[nWeights];
 Matrix4x4 matrixOffset;
}


Material Material__35 {
 1.000000;1.000000;1.000000;1.000000;;
 10.000000;
 0.000000;0.000000;0.000000;;
 0.000000;0.000000;0.000000;;

 TextureFilename {
  "Human_F_L15_Body_diff.dds";
 }
}

Frame Dummy_root {
 

 FrameTransformMatrix {
  1.000000,0.000000,0.000000,0.000000,0.000000,1.000000,0.000000,0.000000,0.000000,0.000000,1.000000,0.000000,0.000000,23.000000,0.000000,1.000000;;
 }

 Frame FxBottom {
  

  FrameTransformMatrix {
   1.000000,0.000000,0.000000,0.000000,0.000000,1.000000,0.000000,0.000000,-0.000000,0.000000,1.000000,0.000000,0.000000,-23.000000,-0.000000,1.000000;;
  }
 }

 Frame Bip01 {
  

  FrameTransformMatrix {
   1.000000,0.000000,0.000001,0.000000,0.000000,1.000000,0.000000,0.000000,-0.000001,0.000000,1.000000,0.000000,-0.194762,0.659397,-0.000000,1.000000;;
  }

  Frame Bip01-Pelvis {
   

   FrameTransformMatrix {
    0.000001,1.000000,-0.000001,0.000000,-0.000001,0.000001,1.000000,0.000000,1.000000,-0.000001,0.000001,0.000000,0.000000,0.000000,0.000000,1.000000;;
   }

   Frame Bip01-Spine {
    

    FrameTransformMatrix {
     0.999030,0.000001,0.044033,0.000000,-0.000001,1.000000,0.000003,0.000000,-0.044033,-0.000003,0.999030,0.000000,2.358109,0.000003,-0.000993,1.000000;;
    }

    Frame Bip01-Spine1 {
     

     FrameTransformMatrix {
      0.998814,-0.000000,0.048693,0.000000,-0.000000,1.000000,0.000001,0.000000,-0.048693,-0.000001,0.998814,0.000000,0.209326,0.000000,-0.002767,1.000000;;
     }

     Frame Bip01-Spine2 {
      

      FrameTransformMatrix {
       0.993206,-0.000000,-0.116369,0.000000,0.000000,1.000000,-0.000001,0.000000,0.116369,0.000001,0.993206,0.000000,3.478323,0.000000,-0.001152,1.000000;;
      }

      Frame Bip01-Spine3 {
       

       FrameTransformMatrix {
        0.996891,-0.000000,-0.078796,0.000000,0.000000,1.000000,0.000001,0.000000,0.078797,-0.000001,0.996890,0.000000,1.456833,0.000000,-0.004309,1.000000;;
       }

       Frame Bip01-Neck {
        

        FrameTransformMatrix {
         0.976813,0.000001,0.214095,0.000000,-0.000001,1.000000,-0.000000,0.000000,-0.214095,-0.000000,0.976813,0.000000,5.539909,0.000000,-0.690871,1.000000;;
        }

        Frame Bip01-Head {
         

         FrameTransformMatrix {
          0.999958,-0.000000,-0.009206,0.000000,0.000000,1.000000,-0.000000,0.000000,0.009206,0.000000,0.999958,0.000000,2.474251,-0.000000,0.000001,1.000000;;
         }

         Frame Bip01-HeadNub {
          

          FrameTransformMatrix {
           1.000000,-0.000000,0.000000,0.000000,0.000000,1.000000,0.000001,0.000000,-0.000000,-0.000001,1.000000,0.000000,4.628922,-0.000001,-0.000001,1.000000;;
          }
         }

         Frame FxTop {
          

          FrameTransformMatrix {
           0.103621,0.000001,0.994617,0.000000,0.994617,-0.000000,-0.103621,0.000000,0.000000,1.000000,-0.000001,0.000000,4.500019,-0.000004,-0.000001,1.000000;;
          }
         }
        }

        Frame Bip01-L-Clavicle {
         

         FrameTransformMatrix {
          -0.249952,0.966696,0.054990,0.000000,0.944116,0.255930,-0.207716,0.000000,-0.214872,-0.000003,-0.976642,0.000000,-0.753029,0.957158,0.028459,1.000000;;
         }

         Frame Bip01-L-UpperArm {
          

          FrameTransformMatrix {
           0.798872,-0.594049,0.094383,0.000000,0.578814,0.801906,0.148057,0.000000,-0.163640,-0.063648,0.984465,0.000000,2.305937,-0.000008,0.000001,1.000000;;
          }

          Frame Bip01-L-Forearm {
           

           FrameTransformMatrix {
            0.930629,-0.000000,-0.365965,0.000000,0.000000,1.000000,0.000000,0.000000,0.365965,-0.000000,0.930629,0.000000,6.131235,-0.000006,0.000001,1.000000;;
           }

           Frame Bip01-L-Hand {
            

            FrameTransformMatrix {
             0.989065,-0.040580,0.141786,0.000000,-0.144470,-0.073386,0.986784,0.000000,-0.029638,-0.996477,-0.078447,0.000000,6.144245,0.000000,0.000000,1.000000;;
            }

            Frame Bip01-L-Finger0 {
             

             FrameTransformMatrix {
              0.722826,-0.531683,0.441402,0.000000,0.371542,-0.239557,-0.896978,0.000000,0.582649,0.812358,0.024385,0.000000,0.431654,-0.683446,0.267916,1.000000;;
             }

             Frame Bip01-L-Finger01 {
              

              FrameTransformMatrix {
               0.985852,-0.000000,0.167616,0.000000,0.000000,1.000000,-0.000000,0.000000,-0.167616,0.000000,0.985852,0.000000,1.065220,0.000000,0.000000,1.000000;;
              }

              Frame Bip01-L-Finger02 {
               

               FrameTransformMatrix {
                0.950837,0.000000,0.309691,0.000000,-0.000000,1.000000,0.000000,0.000000,-0.309691,-0.000000,0.950837,0.000000,0.739173,0.000002,0.000001,1.000000;;
               }

               Frame Bip01-L-Finger0Nub {
                

                FrameTransformMatrix {
                 1.000000,0.000000,0.000000,0.000000,-0.000000,1.000000,0.000000,0.000000,0.000000,0.000000,1.000000,0.000000,0.862509,0.000000,0.000000,1.000000;;
                }
               }
              }
             }
            }

            Frame Bip01-L-Finger1 {
             

             FrameTransformMatrix {
              0.890676,0.007232,0.454582,0.000000,0.005920,0.999604,-0.027500,0.000000,-0.454601,0.027185,0.890281,0.000000,2.096305,-0.862208,-0.077711,1.000000;;
             }

             Frame Bip01-L-Finger11 {
              

              FrameTransformMatrix {
               0.877627,0.000000,0.479344,0.000000,0.000000,1.000000,-0.000000,0.000000,-0.479344,0.000000,0.877627,0.000000,1.331198,0.000001,0.000003,1.000000;;
              }

              Frame Bip01-L-Finger12 {
               

               FrameTransformMatrix {
                0.932921,0.000000,0.360082,0.000000,0.000000,1.000000,-0.000000,0.000000,-0.360082,0.000000,0.932921,0.000000,0.723097,-0.000001,0.000000,1.000000;;
               }

               Frame Bip01-L-Finger1Nub {
                

                FrameTransformMatrix {
                 1.000000,-0.000000,0.000000,0.000000,0.000000,1.000000,0.000000,0.000000,-0.000000,-0.000000,1.000000,0.000000,0.679663,-0.000002,0.000001,1.000000;;
                }
               }
              }
             }
            }

            Frame Bip01-L-Finger2 {
             

             FrameTransformMatrix {
              0.882745,0.035112,0.468539,0.000000,-0.013270,0.998669,-0.049838,0.000000,-0.469666,0.037776,0.882036,0.000000,2.179715,-0.283317,-0.116972,1.000000;;
             }

             Frame Bip01-L-Finger21 {
              

              FrameTransformMatrix {
               0.795542,-0.000000,0.605898,0.000000,0.000000,1.000000,0.000000,0.000000,-0.605898,-0.000000,0.795542,0.000000,1.406761,-0.000001,0.000001,1.000000;;
              }

              Frame Bip01-L-Finger22 {
               

               FrameTransformMatrix {
                0.981120,-0.000000,0.193399,0.000000,0.000000,1.000000,0.000000,0.000000,-0.193399,-0.000000,0.981120,0.000000,0.840508,0.000000,-0.000001,1.000000;;
               }

               Frame Bip01-L-Finger2Nub {
                

                FrameTransformMatrix {
                 1.000000,-0.000000,-0.000000,0.000000,-0.000000,1.000000,-0.000000,0.000000,0.000000,-0.000000,1.000000,0.000000,0.664879,0.000000,0.000000,1.000000;;
                }
               }
              }
             }
            }

            Frame Bip01-L-Finger3 {
             

             FrameTransformMatrix {
              0.896787,0.157212,0.413591,0.000000,-0.134986,0.987396,-0.082633,0.000000,-0.421369,0.018276,0.906705,0.000000,2.073350,0.186410,-0.130487,1.000000;;
             }

             Frame Bip01-L-Finger31 {
              

              FrameTransformMatrix {
               0.760568,-0.000000,0.649258,0.000000,0.000000,1.000000,0.000000,0.000000,-0.649258,-0.000000,0.760569,0.000000,1.365458,-0.000001,0.000000,1.000000;;
              }

              Frame Bip01-L-Finger32 {
               

               FrameTransformMatrix {
                0.978941,0.000000,0.204143,0.000000,0.000000,1.000000,-0.000000,0.000000,-0.204143,0.000001,0.978941,0.000000,0.768669,0.000000,0.000001,1.000000;;
               }

               Frame Bip01-L-Finger3Nub {
                

                FrameTransformMatrix {
                 1.000000,0.000000,-0.000000,0.000000,-0.000000,1.000000,-0.000000,0.000000,0.000000,0.000000,1.000000,0.000000,0.649355,0.000000,0.000002,1.000000;;
                }
               }
              }
             }
            }

            Frame Bip01-L-Finger4 {
             

             FrameTransformMatrix {
              0.885086,0.251359,0.391718,0.000000,-0.224521,0.967811,-0.113723,0.000000,-0.407694,0.012706,0.913031,0.000000,1.882347,0.690609,0.070719,1.000000;;
             }

             Frame Bip01-L-Finger41 {
              

              FrameTransformMatrix {
               0.785957,-0.000001,0.618281,0.000000,0.000000,1.000000,0.000001,0.000000,-0.618281,-0.000000,0.785957,0.000000,1.108316,-0.000001,-0.000004,1.000000;;
              }

              Frame Bip01-L-Finger42 {
               

               FrameTransformMatrix {
                0.944871,0.000000,0.327444,0.000000,-0.000000,1.000000,-0.000000,0.000000,-0.327444,-0.000000,0.944871,0.000000,0.520346,-0.000000,-0.000001,1.000000;;
               }

               Frame Bip01-L-Finger4Nub {
                

                FrameTransformMatrix {
                 1.000000,0.000000,0.000000,0.000000,0.000000,1.000000,0.000000,0.000000,0.000000,-0.000000,1.000000,0.000000,0.515341,0.000001,0.000006,1.000000;;
                }
               }
              }
             }
            }

            Frame FxHand00 {
             

             FrameTransformMatrix {
              0.220347,-0.936490,0.272825,0.000000,-0.759401,-0.340241,-0.554569,0.000000,0.612174,-0.084986,-0.786143,0.000000,1.500006,0.499999,2.000002,1.000000;;
             }
            }

            Frame L_Sword {
             

             FrameTransformMatrix {
              0.802942,0.578110,0.145171,0.000000,0.489177,-0.778282,0.393679,0.000000,0.340574,-0.245087,-0.907713,0.000000,0.287928,2.058994,-0.014986,1.000000;;
             }
            }
           }

           Frame L_Elbow {
            

            FrameTransformMatrix {
             0.982504,-0.000000,0.186241,0.000000,0.000000,1.000000,-0.000000,0.000000,-0.186241,0.000000,0.982504,0.000000,0.000004,0.000000,0.000002,1.000000;;
            }
           }

           Frame L_Shield {
            

            FrameTransformMatrix {
             1.000000,-0.000001,-0.000000,0.000000,0.000000,1.000000,-0.000000,0.000000,0.000000,0.000000,1.000000,0.000000,2.500004,2.500004,-0.000001,1.000000;;
            }
           }

           Frame Bip01-L-ForeTwist {
            

            FrameTransformMatrix {
             1.000000,-0.000000,0.000000,0.000000,-0.000000,0.999311,0.037107,0.000000,0.000000,-0.037107,0.999311,0.000000,0.000004,0.000000,0.000002,1.000000;;
            }
           }
          }

          Frame L_Shoulder {
           

           FrameTransformMatrix {
            0.948343,0.307755,-0.077029,0.000000,-0.311668,0.949122,-0.045064,0.000000,0.059241,0.066744,0.996010,0.000000,0.000000,0.000000,0.000001,1.000000;;
           }
          }

          Frame L_Shoulder_Twist {
           

           FrameTransformMatrix {
            1.000000,-0.000001,0.000000,0.000000,0.000001,1.000000,-0.000000,0.000000,0.000000,0.000001,1.000000,0.000000,0.000000,0.000000,0.000000,1.000000;;
           }
          }
         }
        }

        Frame Bip01-R-Clavicle {
         

         FrameTransformMatrix {
          -0.249952,-0.966695,0.054995,0.000000,-0.944116,0.255931,0.207715,0.000000,-0.214872,-0.000003,-0.976642,0.000000,-0.753029,-0.957160,0.028463,1.000000;;
         }

         Frame Bip01-R-UpperArm {
          

          FrameTransformMatrix {
           0.798873,0.594050,0.094384,0.000000,-0.578814,0.801906,-0.148057,0.000000,-0.163640,0.063648,0.984465,0.000000,2.305939,0.000008,0.000002,1.000000;;
          }

          Frame Bip01-R-Forearm {
           

           FrameTransformMatrix {
            0.930628,-0.000000,-0.365965,0.000000,-0.000000,1.000000,0.000000,0.000000,0.365965,-0.000000,0.930629,0.000000,6.131228,-0.000002,0.000001,1.000000;;
           }

           Frame Bip01-R-Hand {
            

            FrameTransformMatrix {
             0.989065,0.040580,0.141787,0.000000,0.144470,-0.073386,-0.986784,0.000000,-0.029638,0.996478,-0.078447,0.000000,6.144244,-0.000002,0.000001,1.000000;;
            }

            Frame Bip01-R-Finger0 {
             

             FrameTransformMatrix {
              0.722825,0.531684,0.441402,0.000000,-0.371541,-0.239557,0.896978,0.000000,0.582649,-0.812358,0.024384,0.000000,0.431650,0.683449,0.267916,1.000000;;
             }

             Frame Bip01-R-Finger01 {
              

              FrameTransformMatrix {
               0.985853,0.000000,0.167616,0.000000,-0.000000,1.000000,-0.000000,0.000000,-0.167616,-0.000000,0.985852,0.000000,1.065223,0.000004,0.000006,1.000000;;
              }

              Frame Bip01-R-Finger02 {
               

               FrameTransformMatrix {
                0.950837,0.000000,0.309691,0.000000,-0.000000,1.000000,0.000000,0.000000,-0.309691,-0.000000,0.950838,0.000000,0.739168,0.000000,-0.000002,1.000000;;
               }

               Frame Bip01-R-Finger0Nub {
                

                FrameTransformMatrix {
                 -1.000000,0.000000,0.000000,0.000000,0.000000,1.000000,-0.000000,0.000000,-0.000000,-0.000000,-1.000000,0.000000,0.862503,0.000000,0.000001,1.000000;;
                }
               }
              }
             }
            }

            Frame Bip01-R-Finger1 {
             

             FrameTransformMatrix {
              0.890676,-0.007232,0.454582,0.000000,-0.005920,0.999604,0.027500,0.000000,-0.454601,-0.027185,0.890281,0.000000,2.096302,0.862212,-0.077715,1.000000;;
             }

             Frame Bip01-R-Finger11 {
              

              FrameTransformMatrix {
               0.877627,-0.000000,0.479344,0.000000,0.000000,1.000000,-0.000000,0.000000,-0.479344,0.000000,0.877627,0.000000,1.331194,0.000000,0.000002,1.000000;;
              }

              Frame Bip01-R-Finger12 {
               

               FrameTransformMatrix {
                0.932921,0.000000,0.360082,0.000000,-0.000000,1.000000,0.000000,0.000000,-0.360082,-0.000000,0.932921,0.000000,0.723105,0.000001,0.000000,1.000000;;
               }

               Frame Bip01-R-Finger1Nub {
                

                FrameTransformMatrix {
                 -1.000000,0.000000,-0.000000,0.000000,0.000000,1.000000,0.000000,0.000000,-0.000000,0.000000,-1.000000,0.000000,0.679668,0.000000,0.000000,1.000000;;
                }
               }
              }
             }
            }

            Frame Bip01-R-Finger2 {
             

             FrameTransformMatrix {
              0.882745,-0.035112,0.468540,0.000000,0.013271,0.998669,0.049837,0.000000,-0.469666,-0.037776,0.882036,0.000000,2.179708,0.283318,-0.116972,1.000000;;
             }

             Frame Bip01-R-Finger21 {
              

              FrameTransformMatrix {
               0.795542,0.000000,0.605898,0.000000,-0.000000,1.000000,-0.000000,0.000000,-0.605898,-0.000000,0.795542,0.000000,1.406761,0.000001,-0.000001,1.000000;;
              }

              Frame Bip01-R-Finger22 {
               

               FrameTransformMatrix {
                0.981120,-0.000000,0.193399,0.000000,0.000000,1.000000,0.000000,0.000000,-0.193399,0.000000,0.981120,0.000000,0.840511,0.000000,-0.000007,1.000000;;
               }

               Frame Bip01-R-Finger2Nub {
                

                FrameTransformMatrix {
                 -1.000000,0.000000,-0.000000,0.000000,0.000000,1.000000,0.000000,0.000000,-0.000000,0.000000,-1.000000,0.000000,0.664881,0.000000,0.000002,1.000000;;
                }
               }
              }
             }
            }

            Frame Bip01-R-Finger3 {
             

             FrameTransformMatrix {
              0.896787,-0.157211,0.413591,0.000000,0.134986,0.987396,0.082633,0.000000,-0.421369,-0.018276,0.906705,0.000000,2.073347,-0.186409,-0.130487,1.000000;;
             }

             Frame Bip01-R-Finger31 {
              

              FrameTransformMatrix {
               0.760568,-0.000000,0.649258,0.000000,0.000000,1.000000,-0.000000,0.000000,-0.649258,0.000000,0.760568,0.000000,1.365459,0.000001,0.000002,1.000000;;
              }

              Frame Bip01-R-Finger32 {
               

               FrameTransformMatrix {
                0.978941,0.000000,0.204143,0.000000,-0.000000,1.000000,-0.000000,0.000000,-0.204143,-0.000000,0.978941,0.000000,0.768669,-0.000000,-0.000001,1.000000;;
               }

               Frame Bip01-R-Finger3Nub {
                

                FrameTransformMatrix {
                 -1.000000,-0.000000,0.000000,0.000000,-0.000000,1.000000,-0.000000,0.000000,-0.000000,-0.000000,-1.000000,0.000000,0.649353,0.000000,-0.000002,1.000000;;
                }
               }
              }
             }
            }

            Frame Bip01-R-Finger4 {
             

             FrameTransformMatrix {
              0.885086,-0.251358,0.391717,0.000000,0.224521,0.967811,0.113722,0.000000,-0.407693,-0.012705,0.913030,0.000000,1.882343,-0.690607,0.070719,1.000000;;
             }

             Frame Bip01-R-Finger41 {
              

              FrameTransformMatrix {
               0.785957,-0.000000,0.618282,0.000000,0.000000,1.000000,-0.000000,0.000000,-0.618281,0.000000,0.785957,0.000000,1.108322,0.000000,0.000002,1.000000;;
              }

              Frame Bip01-R-Finger42 {
               

               FrameTransformMatrix {
                0.944871,-0.000000,0.327444,0.000000,0.000000,1.000001,0.000000,0.000000,-0.327444,-0.000000,0.944871,0.000000,0.520340,-0.000000,0.000001,1.000000;;
               }

               Frame Bip01-R-Finger4Nub {
                

                FrameTransformMatrix {
                 -1.000000,-0.000000,-0.000000,0.000000,-0.000000,1.000000,0.000000,0.000000,0.000000,0.000000,-1.000000,0.000000,0.515343,0.000000,0.000000,1.000000;;
                }
               }
              }
             }
            }

            Frame FxHand01 {
             

             FrameTransformMatrix {
              0.220349,0.936490,0.272823,0.000000,-0.759400,0.340241,-0.554569,0.000000,-0.612174,-0.084983,0.786143,0.000000,1.499996,-0.499996,1.999998,1.000000;;
             }
            }

            Frame R_Sword {
             

             FrameTransformMatrix {
              0.891505,-0.451371,-0.038512,0.000000,0.452987,0.887373,0.085859,0.000000,-0.004579,-0.093989,0.995563,0.000000,1.091291,-2.202717,0.880976,1.000000;;
             }
            }
           }

           Frame R_Elbow {
            

            FrameTransformMatrix {
             0.982504,0.000000,0.186241,0.000000,0.000000,1.000000,0.000000,0.000000,-0.186240,-0.000000,0.982504,0.000000,0.000002,-0.000002,0.000002,1.000000;;
            }
           }

           Frame Bip01-R-ForeTwist {
            

            FrameTransformMatrix {
             1.000000,0.000000,0.000000,0.000000,0.000000,0.999311,-0.037108,0.000000,0.000000,0.037108,0.999312,0.000000,0.000002,-0.000002,0.000001,1.000000;;
            }
           }
          }

          Frame R_Shoulder {
           

           FrameTransformMatrix {
            0.948342,-0.307755,-0.077029,0.000000,0.311668,0.949121,0.045065,0.000000,0.059241,-0.066744,0.996010,0.000000,-0.000002,0.000000,0.000000,1.000000;;
           }

           Frame Acc_LA_R_ShoulderUp {
            

            FrameTransformMatrix {
             -0.000000,-1.000001,-0.000000,0.000000,1.000000,0.000000,-0.000000,0.000000,0.000000,-0.000000,1.000001,0.000000,-0.477085,-0.721338,-0.110438,1.000000;;
            }
           }
          }

          Frame R_Shoulder_Twist {
           

           FrameTransformMatrix {
            0.999999,0.000000,0.000001,0.000000,-0.000000,1.000000,0.000000,0.000000,-0.000001,-0.000000,1.000000,0.000000,-0.000002,0.000000,0.000000,1.000000;;
           }
          }
         }
        }
       }

       Frame R_Breast {
        

        FrameTransformMatrix {
         0.060794,0.329542,-0.942181,0.000000,-0.002120,0.943968,0.330030,0.000000,0.998148,-0.018067,0.058087,0.000000,1.258358,-1.440926,1.212656,1.000000;;
        }
       }

       Frame L_Breast {
        

        FrameTransformMatrix {
         -0.060795,0.329546,0.942180,0.000000,0.002121,0.943967,-0.330034,0.000000,-0.998148,-0.018066,-0.058087,0.000000,1.258373,1.440676,1.212651,1.000000;;
        }
       }

       Frame L_spine3 {
        

        FrameTransformMatrix {
         0.980445,0.043404,-0.191946,0.000000,0.044220,-0.999022,-0.000032,0.000000,-0.191759,-0.008456,-0.981405,0.000000,2.104034,3.093147,-0.411916,1.000000;;
        }
       }

       Frame R_spine3 {
        

        FrameTransformMatrix {
         0.980446,-0.043406,-0.191942,0.000000,-0.044221,-0.999022,0.000038,0.000000,-0.191756,0.008451,-0.981406,0.000000,2.104046,-3.093148,-0.411908,1.000000;;
        }
       }

       Frame Acc_LA_Neck {
        

        FrameTransformMatrix {
         0.919454,-0.000000,-0.393198,0.000000,-0.000000,1.000000,-0.000001,0.000000,0.393198,0.000001,0.919454,0.000000,5.885685,0.000002,-1.489706,1.000000;;
        }
       }
      }

      Frame FxCenter {
       

       FrameTransformMatrix {
        -0.023870,0.000000,0.999715,0.000000,0.999715,0.000000,0.023870,0.000000,-0.000000,1.000000,-0.000000,0.000000,1.000006,-0.000002,0.000000,1.000000;;
       }
      }

      Frame Weapon_Back {
       

       FrameTransformMatrix {
        -0.999295,-0.000000,-0.037550,0.000000,0.000000,-1.000000,0.000000,0.000000,-0.037550,0.000000,0.999294,0.000000,4.711470,-0.000002,-2.809569,1.000000;;
       }
      }
     }
    }

    Frame Bip01-L-Thigh {
     

     FrameTransformMatrix {
      -0.997343,0.010237,0.072129,0.000000,-0.003067,-0.995100,0.098829,0.000000,0.072787,0.098346,0.992487,0.000000,-2.355776,2.566189,0.104822,1.000000;;
     }

     Frame Bip01-L-Calf {
      

      FrameTransformMatrix {
       0.989801,-0.000000,-0.142459,0.000000,-0.000000,1.000000,-0.000004,0.000000,0.142459,0.000004,0.989801,0.000000,10.047707,0.000001,-0.000000,1.000000;;
      }

      Frame Bip01-L-Foot {
       

       FrameTransformMatrix {
        0.993368,0.006532,0.114795,0.000000,-0.007676,0.999925,0.009527,0.000000,-0.114724,-0.010345,0.993343,0.000000,10.474940,-0.000001,0.000000,1.000000;;
       }

       Frame Bip01-L-Toe0 {
        

        FrameTransformMatrix {
         0.005122,-0.000012,0.999987,0.000000,0.000000,1.000001,0.000012,0.000000,-0.999987,0.000000,0.005122,0.000000,3.213933,-0.000024,1.930075,1.000000;;
        }

        Frame Bip01-L-Toe0Nub {
         

         FrameTransformMatrix {
          -1.000000,-0.000000,0.000000,0.000000,-0.000000,1.000000,0.000000,0.000000,-0.000000,0.000000,-1.000000,0.000000,1.879583,0.000000,0.000000,1.000000;;
         }
        }
       }
      }

      Frame L_Knee {
       

       FrameTransformMatrix {
        0.997447,-0.000000,0.071411,0.000000,0.000000,1.000000,0.000001,0.000000,-0.071412,-0.000001,0.997447,0.000000,0.000000,0.000000,0.000000,1.000000;;
       }
      }

      Frame Bip01-LCalfTwist {
       

       FrameTransformMatrix {
        1.000000,-0.000000,-0.000000,0.000000,0.000000,0.999988,0.004771,0.000000,0.000000,-0.004770,0.999988,0.000000,0.000000,0.000000,0.000000,1.000000;;
       }
      }
     }

     Frame L_Thigh {
      

      FrameTransformMatrix {
       1.000000,-0.000000,0.000000,0.000000,0.000000,1.000000,-0.000004,0.000000,-0.000000,0.000004,1.000000,0.000000,0.000000,0.000000,-0.000000,1.000000;;
      }
     }
    }

    Frame Bip01-R-Thigh {
     

     FrameTransformMatrix {
      -0.997343,-0.010237,0.072129,0.000000,0.003067,-0.995100,-0.098825,0.000000,0.072787,-0.098342,0.992488,0.000000,-2.355778,-2.566190,0.104832,1.000000;;
     }

     Frame Bip01-R-Calf {
      

      FrameTransformMatrix {
       0.989801,0.000000,-0.142458,0.000000,-0.000000,1.000000,0.000002,0.000000,0.142458,-0.000002,0.989801,0.000000,10.047706,0.000001,0.000002,1.000000;;
      }

      Frame Bip01-R-Foot {
       

       FrameTransformMatrix {
        0.993368,-0.006533,0.114795,0.000000,0.007676,0.999925,-0.009519,0.000000,-0.114724,0.010337,0.993343,0.000000,10.474948,0.000000,0.000000,1.000000;;
       }

       Frame Bip01-R-Toe0 {
        

        FrameTransformMatrix {
         0.005122,0.000019,0.999987,0.000000,-0.000000,1.000000,-0.000019,0.000000,-0.999987,-0.000000,0.005122,0.000000,3.213932,0.000037,1.930074,1.000000;;
        }

        Frame Bip01-R-Toe0Nub {
         

         FrameTransformMatrix {
          1.000000,-0.000000,-0.000000,0.000000,0.000000,1.000000,0.000000,0.000000,0.000000,0.000000,1.000000,0.000000,1.879584,-0.000001,-0.000000,1.000000;;
         }
        }
       }
      }

      Frame R_Knee {
       

       FrameTransformMatrix {
        0.997447,0.000000,0.071412,0.000000,-0.000000,1.000000,0.000002,0.000000,-0.071412,-0.000002,0.997446,0.000000,0.000003,-0.000000,0.000000,1.000000;;
       }
      }

      Frame Bip01-RCalfTwist {
       

       FrameTransformMatrix {
        1.000000,-0.000000,-0.000000,0.000000,0.000000,0.999989,-0.004769,0.000000,-0.000000,0.004769,0.999988,0.000000,0.000002,-0.000000,0.000000,1.000000;;
       }
      }
     }

     Frame R_Thigh {
      

      FrameTransformMatrix {
       1.000000,0.000000,0.000000,0.000000,-0.000000,1.000000,0.000003,0.000000,-0.000000,-0.000003,1.000000,0.000000,0.000000,0.000001,-0.000000,1.000000;;
      }
     }
    }

    Frame Skirt_Dummy {
     

     FrameTransformMatrix {
      -1.000000,0.000002,0.000796,0.000000,-0.000002,-1.000000,0.000001,0.000000,0.000796,0.000001,1.000000,0.000000,-0.033834,-0.000001,-0.263520,1.000000;;
     }
    }
   }
  }
 }
}

Frame Human_F_L15_Body_Skel {
 

 FrameTransformMatrix {
  1.000000,0.000000,0.000000,0.000000,0.000000,1.000000,0.000000,0.000000,0.000000,0.000000,1.000000,0.000000,0.000000,0.000000,0.000000,1.000000;;
 }

 Mesh Human_F_L15_Body_Skel {
  2795;
  -0.611122;33.626678;-6.587967;,
  -0.819209;32.695142;-7.113487;,
  -0.815044;32.672694;-7.161710;,
  -0.905480;32.563635;6.393540;,
  -0.269809;31.439203;7.103243;,
  -0.268149;32.483850;6.296494;,
  -0.901940;31.505619;7.149388;,
  -0.258531;31.172768;7.383565;,
  -0.874232;31.158874;7.449408;,
  -0.219144;30.873645;7.765198;,
  -0.825557;30.829002;7.852300;,
  -0.147265;30.561030;8.185674;,
  -0.776033;30.513862;8.211237;,
  -1.499972;30.479251;7.557765;,
  -1.442963;30.154240;7.846027;,
  -1.556484;30.878928;7.266839;,
  -1.584016;31.308448;6.982564;,
  -1.715620;32.414109;6.198126;,
  -0.958717;33.631491;5.654172;,
  -0.308292;33.551638;5.514188;,
  -1.918599;30.858093;6.436258;,
  -1.447386;31.571603;5.242089;,
  -1.262290;30.659875;5.987390;,
  -2.068443;31.894192;5.668110;,
  -0.670572;32.591206;4.474089;,
  -0.564749;31.503389;5.217782;,
  -1.684100;32.633661;4.491091;,
  -2.191610;32.967194;4.909958;,
  -1.731094;33.458787;5.574974;,
  -1.172386;28.916784;7.512478;,
  -0.400355;29.451821;6.729229;,
  -0.254690;28.834182;7.257169;,
  -1.261854;29.456083;6.872688;,
  -0.478754;29.989898;6.414681;,
  -1.311806;29.925667;6.674281;,
  -0.515902;30.269907;6.194289;,
  -1.253705;30.263146;6.353288;,
  -0.531001;30.630096;5.922335;,
  -1.776488;29.774230;7.366811;,
  -1.830432;30.098182;7.103612;,
  -1.907091;30.409722;6.779485;,
  -1.538769;29.139427;7.971180;,
  -1.058593;29.626202;8.555609;,
  0.521886;28.787536;8.375462;,
  0.370712;29.667302;8.215335;,
  0.481483;29.045341;8.791500;,
  -0.007060;29.921741;8.705966;,
  0.125839;29.225850;9.156149;,
  -0.470612;29.897158;8.798006;,
  -0.327934;29.244006;9.204987;,
  -0.853617;29.016550;9.019454;,
  -1.279267;28.597686;8.441943;,
  -0.987998;28.355312;8.086135;,
  -0.116151;28.254384;7.852765;,
  0.174197;30.216195;7.685930;,
  0.033244;30.614682;7.330685;,
  -0.026965;30.844640;7.059694;,
  0.301136;29.359082;7.744562;,
  0.093156;29.859616;7.255795;,
  -0.042269;30.339251;6.863650;,
  -0.078260;30.546512;6.665818;,
  -0.057040;31.135338;6.799931;,
  -0.066316;30.828854;6.439185;,
  -0.000973;32.238218;6.047959;,
  -0.009360;31.884966;5.650590;,
  -0.515902;30.269907;6.194289;,
  -0.478754;29.989898;6.414681;,
  -0.400355;29.451821;6.729229;,
  -0.254690;28.834182;7.257169;,
  -0.116151;28.254384;7.852765;,
  -0.027438;33.332586;5.286643;,
  -0.023487;32.963558;4.839956;,
  -0.670572;32.591206;4.474089;,
  -0.564749;31.503389;5.217782;,
  -0.531001;30.630096;5.922335;,
  0.978602;35.659005;0.000000;,
  0.802408;35.746445;-0.202141;,
  0.760373;35.832189;0.000000;,
  0.721785;35.902282;0.000000;,
  0.838977;35.626637;-0.667982;,
  1.070869;35.048378;-0.319632;,
  0.729613;35.579158;-0.748224;,
  1.134309;35.140611;-0.271776;,
  1.612806;34.341846;0.000000;,
  1.163596;35.125187;0.000000;,
  1.036929;35.346109;0.000000;,
  0.992957;35.409658;-0.196115;,
  0.884833;35.596490;-0.275833;,
  0.708868;35.822496;-0.401308;,
  1.597934;34.175594;0.000000;,
  -0.262492;37.379226;-1.003296;,
  -0.003626;36.922890;-0.746923;,
  -0.323893;37.297206;-0.998077;,
  0.057775;37.000026;-0.730932;,
  0.277735;36.456595;-0.494282;,
  0.357781;36.507664;-0.453899;,
  0.490299;36.051162;-0.401779;,
  0.562012;36.093034;-0.343781;,
  0.614647;35.763859;-0.459307;,
  0.616668;36.093558;0.000000;,
  0.436579;36.469027;0.000000;,
  0.241093;37.299789;-0.000000;,
  0.197268;37.531488;-0.313290;,
  0.155377;37.419232;-0.000000;,
  0.130359;37.609834;-0.280212;,
  -0.024089;37.873734;-0.569408;,
  0.024962;37.805162;-0.626034;,
  -0.206288;38.052909;-0.875383;,
  -0.746041;37.687123;-1.199051;,
  -0.646203;38.367168;-1.109728;,
  -0.242032;38.106246;-0.800659;,
  -0.641233;38.404266;-1.012005;,
  -1.152906;38.660659;-1.058292;,
  -1.232099;37.873862;-1.260065;,
  -1.181638;38.644339;-1.158114;,
  -1.529470;38.784125;-0.866308;,
  -1.598347;38.777213;-0.933893;,
  -1.801899;38.828995;-0.512917;,
  -1.885455;38.826522;-0.554876;,
  -2.017773;38.838096;-0.000000;,
  -2.152704;38.080054;-0.000000;,
  -2.006599;38.074115;-0.617025;,
  -1.704468;38.015347;-1.023670;,
  -1.922409;38.850637;-0.000000;,
  -2.111780;37.978794;-0.000000;,
  -1.965675;37.972861;-0.617026;,
  -1.689325;37.915728;-0.987240;,
  -1.231413;37.780150;-1.229685;,
  -0.795281;37.592739;-1.192131;,
  -1.181638;38.644339;1.158114;,
  -1.704468;38.015344;1.023670;,
  -1.232099;37.873866;1.260065;,
  -1.598347;38.777213;0.933893;,
  -2.006599;38.074118;0.617025;,
  -1.885455;38.826522;0.554876;,
  -2.111780;37.978794;-0.000000;,
  -1.965675;37.972861;0.617025;,
  -1.689326;37.915734;0.987240;,
  -1.231412;37.780154;1.229685;,
  -0.795281;37.592739;1.192131;,
  -1.152906;38.660656;1.058292;,
  -0.646203;38.367168;1.109728;,
  -0.641233;38.404269;1.012005;,
  -1.529470;38.784125;0.866308;,
  -1.801898;38.828995;0.512917;,
  -2.017773;38.838096;-0.000000;,
  -2.152704;38.080054;-0.000000;,
  -1.922409;38.850637;-0.000000;,
  -0.746041;37.687123;1.199051;,
  -0.323893;37.297206;0.998077;,
  -0.262492;37.379226;1.003296;,
  -0.003626;36.922890;0.746923;,
  0.057775;37.000026;0.730932;,
  0.277735;36.456595;0.494282;,
  0.357781;36.507664;0.453899;,
  0.490299;36.051162;0.401779;,
  -0.206288;38.052909;0.875383;,
  0.024962;37.805162;0.626034;,
  0.197268;37.531488;0.313290;,
  0.241093;37.299789;-0.000000;,
  0.436579;36.469027;0.000000;,
  0.155377;37.419232;-0.000000;,
  0.130358;37.609834;0.280212;,
  -0.024089;37.873734;0.569408;,
  -0.242032;38.106246;0.800659;,
  1.134309;35.140611;0.271776;,
  1.036929;35.346109;0.000000;,
  0.992957;35.409658;0.196116;,
  0.978602;35.659005;0.000000;,
  0.884833;35.596490;0.275833;,
  0.802408;35.746445;0.202141;,
  0.708868;35.822496;0.401308;,
  0.721785;35.902282;0.000000;,
  0.562012;36.093034;0.343781;,
  0.616668;36.093558;0.000000;,
  0.760373;35.832189;0.000000;,
  0.838977;35.626637;0.667982;,
  0.614647;35.763859;0.459307;,
  0.729613;35.579162;0.748224;,
  1.070869;35.048378;0.319632;,
  1.612806;34.341846;0.000000;,
  1.163596;35.125187;0.000000;,
  1.597934;34.175594;0.000000;,
  -2.214270;26.376936;-0.000000;,
  -2.361974;25.868528;-0.314898;,
  -2.391451;25.808930;-0.000000;,
  -2.470088;25.445922;-0.187067;,
  -2.450033;25.410246;-0.000000;,
  -3.096993;24.371822;-0.375775;,
  -3.113579;24.564014;-0.891211;,
  -3.136425;24.397464;-0.671766;,
  -2.832192;24.998493;-0.317932;,
  -2.910534;25.085832;-0.776194;,
  -2.378966;25.848888;-0.505789;,
  -2.189871;26.354338;-0.511536;,
  -1.807837;27.149226;-0.000000;,
  -2.845700;25.022192;-1.604403;,
  -2.199492;26.210102;-1.194510;,
  -2.777491;25.205667;-1.562170;,
  -2.554660;25.299635;-2.261891;,
  -1.729978;26.252326;-2.528620;,
  -1.909653;25.367771;-2.962761;,
  -2.049597;26.300750;-1.846661;,
  -1.716979;27.245290;-0.879877;,
  -1.493394;27.403606;-1.527229;,
  -1.210206;27.529126;-2.167021;,
  -0.680343;27.392234;-2.801506;,
  -0.879485;26.112480;-3.192617;,
  -1.048630;25.157562;-3.456531;,
  -1.034811;28.559712;-1.890612;,
  -1.336520;28.655709;-1.291849;,
  -0.484542;28.387408;-2.483707;,
  -0.557319;29.431590;-2.216961;,
  -1.028718;29.413488;-1.843485;,
  -1.360352;29.615155;-1.357403;,
  -1.455307;28.711709;-0.586825;,
  -1.563802;29.666541;-0.583901;,
  -1.479214;28.677123;-0.202095;,
  -1.790707;27.174880;-0.311287;,
  -1.490599;30.197722;-1.483275;,
  -2.074654;31.161786;-0.716471;,
  -1.572132;29.647306;-0.206389;,
  -1.478060;28.658954;-0.000000;,
  -2.376492;32.338214;-1.045389;,
  -2.061303;31.289296;-0.324618;,
  -1.574743;29.636790;-0.000000;,
  -2.730162;35.294464;-1.410824;,
  -2.604255;36.021430;-0.697981;,
  -2.519668;36.191174;-1.282311;,
  -2.850757;35.065482;-0.892201;,
  -2.623484;33.939706;-1.911844;,
  -2.529575;33.407578;-1.326098;,
  -2.556989;33.570838;-0.663048;,
  -2.393652;32.548826;-0.489733;,
  -2.371215;36.716154;-0.538952;,
  -2.200470;37.423437;-0.000000;,
  -2.096161;37.413296;-0.406584;,
  -2.404593;36.709392;-0.183046;,
  -2.659592;35.916512;-0.348992;,
  -2.830418;34.994624;-0.446100;,
  -2.584403;33.734099;-0.000000;,
  -2.408777;32.734445;-0.000000;,
  -2.050243;31.394928;-0.000000;,
  -2.421761;36.705920;-0.000000;,
  -2.695760;35.811587;-0.000000;,
  -2.789907;34.923766;-0.000000;,
  -1.123322;38.572541;-1.045326;,
  -1.545048;38.983197;-0.778809;,
  -1.157173;38.986384;-1.067444;,
  -1.571277;38.640915;-0.808922;,
  -1.830540;38.972410;-0.386967;,
  -1.814713;38.630048;-0.373242;,
  -1.891148;38.968630;-0.000000;,
  -1.874866;38.592144;-0.000000;,
  -1.912054;38.070899;-0.360750;,
  -2.008194;38.066829;-0.000000;,
  -1.167018;38.030038;-1.093653;,
  -1.710604;38.043866;-0.860491;,
  -1.895591;37.451392;-1.006354;,
  -2.160297;36.887299;-1.150744;,
  -1.257149;37.540150;-1.206770;,
  -1.375820;37.242438;-1.481573;,
  -1.546331;36.933014;-2.086109;,
  -2.258381;36.323034;-2.023924;,
  -2.599722;35.524864;-2.168005;,
  -2.425761;34.380896;-2.605875;,
  -2.037538;34.225171;-3.212678;,
  -2.386836;34.666339;-3.049061;,
  -2.443425;35.548554;-2.855158;,
  -2.158004;36.290221;-2.721592;,
  -1.529831;36.718736;-2.753798;,
  -1.290195;33.560928;-3.042513;,
  -1.286876;33.995782;-3.193888;,
  -2.041524;33.694483;-2.813581;,
  -1.832097;33.184326;-2.646812;,
  -1.654920;32.349098;-2.439403;,
  -1.490298;31.382803;-2.172449;,
  -1.296501;32.935027;-2.741377;,
  -0.903124;33.839590;-2.804319;,
  -0.954610;34.079680;-3.229086;,
  -0.854435;32.792035;-2.801063;,
  -0.916063;31.927930;-2.594744;,
  -0.789278;30.859677;-2.342434;,
  1.902801;22.852096;-0.600664;,
  2.269814;23.975578;0.000000;,
  2.073913;22.839549;0.000000;,
  2.200307;24.178486;-1.003971;,
  2.472968;24.818906;0.000000;,
  1.740522;22.491702;-0.597492;,
  1.757106;22.424526;0.000000;,
  2.039704;23.294845;-1.316150;,
  1.989288;24.583413;-2.065603;,
  2.361204;25.087634;-1.013756;,
  2.376245;26.183232;0.000000;,
  2.320782;26.163686;-0.583366;,
  1.781514;24.335075;-2.952112;,
  1.967477;23.646576;-2.210325;,
  1.802085;22.899981;-1.290092;,
  1.320468;22.296958;-0.782515;,
  1.347876;22.210667;0.000000;,
  1.974040;26.378733;-1.567524;,
  2.005713;27.600022;-0.752123;,
  2.129577;27.601904;0.000000;,
  2.057232;28.993718;-1.063948;,
  2.264409;29.094659;0.000000;,
  2.198099;30.309533;-0.676660;,
  2.240269;30.678685;-0.336740;,
  2.192391;30.652602;-0.831013;,
  2.197969;31.142883;-0.357735;,
  2.279537;30.919194;0.000000;,
  2.259405;31.450480;0.000000;,
  1.760783;30.771206;-1.827888;,
  1.522841;30.147802;-2.063051;,
  1.423023;30.798701;-2.193445;,
  1.758093;30.121040;-1.728878;,
  2.012168;30.803670;-1.435183;,
  2.017344;30.137875;-1.322784;,
  2.008388;29.812173;-1.250213;,
  1.562558;28.912650;-2.053530;,
  1.860473;28.011917;-1.687960;,
  1.630625;29.638458;-1.784376;,
  1.518826;29.636509;-2.036062;,
  0.985080;31.089101;-2.539377;,
  1.368647;31.338099;-2.289410;,
  0.936936;30.398288;-2.441748;,
  0.888793;29.707165;-2.328045;,
  0.924659;29.097533;-2.338230;,
  0.911656;28.106038;-2.758677;,
  1.585871;27.827520;-2.436516;,
  1.077409;27.218912;-2.996963;,
  0.119685;30.068784;-2.429993;,
  0.330530;30.927062;-2.593525;,
  0.431038;31.408275;-2.699277;,
  1.031248;31.591344;-2.544805;,
  0.619899;32.120598;-2.739342;,
  0.918392;32.108794;-2.839286;,
  -0.298591;31.174816;-2.529737;,
  -0.232080;31.593725;-2.679831;,
  -0.190753;32.428723;-2.836485;,
  0.368926;32.850458;-2.854309;,
