xof 0303txt 0032
template ColorRGBA {
 <35ff44e0-6c7c-11cf-8f52-0040333594a3>
 FLOAT red;
 FLOAT green;
 FLOAT blue;
 FLOAT alpha;
}

template ColorRGB {
 <d3e16e81-7835-11cf-8f52-0040333594a3>
 FLOAT red;
 FLOAT green;
 FLOAT blue;
}

template Material {
 <3d82ab4d-62da-11cf-ab39-0020af71e433>
 ColorRGBA faceColor;
 FLOAT power;
 ColorRGB specularColor;
 ColorRGB emissiveColor;
 [...]
}

template TextureFilename {
 <a42790e1-7810-11cf-8f52-0040333594a3>
 STRING filename;
}

template Frame {
 <3d82ab46-62da-11cf-ab39-0020af71e433>
 [...]
}

template Matrix4x4 {
 <f6f23f45-7686-11cf-8f52-0040333594a3>
 array FLOAT matrix[16];
}

template FrameTransformMatrix {
 <f6f23f41-7686-11cf-8f52-0040333594a3>
 Matrix4x4 frameMatrix;
}

template Vector {
 <3d82ab5e-62da-11cf-ab39-0020af71e433>
 FLOAT x;
 FLOAT y;
 FLOAT z;
}

template MeshFace {
 <3d82ab5f-62da-11cf-ab39-0020af71e433>
 DWORD nFaceVertexIndices;
 array DWORD faceVertexIndices[nFaceVertexIndices];
}

template Mesh {
 <3d82ab44-62da-11cf-ab39-0020af71e433>
 DWORD nVertices;
 array Vector vertices[nVertices];
 DWORD nFaces;
 array MeshFace faces[nFaces];
 [...]
}

template MeshNormals {
 <f6f23f43-7686-11cf-8f52-0040333594a3>
 DWORD nNormals;
 array Vector normals[nNormals];
 DWORD nFaceNormals;
 array MeshFace faceNormals[nFaceNormals];
}

template MeshMaterialList {
 <f6f23f42-7686-11cf-8f52-0040333594a3>
 DWORD nMaterials;
 DWORD nFaceIndexes;
 array DWORD faceIndexes[nFaceIndexes];
 [Material <3d82ab4d-62da-11cf-ab39-0020af71e433>]
}

template Coords2d {
 <f6f23f44-7686-11cf-8f52-0040333594a3>
 FLOAT u;
 FLOAT v;
}

template MeshTextureCoords {
 <f6f23f40-7686-11cf-8f52-0040333594a3>
 DWORD nTextureCoords;
 array Coords2d textureCoords[nTextureCoords];
}

template XSkinMeshHeader {
 <3cf169ce-ff7c-44ab-93c0-f78f62d172e2>
 WORD nMaxSkinWeightsPerVertex;
 WORD nMaxSkinWeightsPerFace;
 WORD nBones;
}

template SkinWeights {
 <6f0d123b-bad2-4167-a0d0-80224f25fabb>
 STRING transformNodeName;
 DWORD nWeights;
 array DWORD vertexIndices[nWeights];
 array FLOAT weights[nWeights];
 Matrix4x4 matrixOffset;
}


Material Material__35 {
 1.000000;1.000000;1.000000;1.000000;;
 10.000000;
 0.000000;0.000000;0.000000;;
 0.000000;0.000000;0.000000;;

 TextureFilename {
  "Human_F_L16_Body_diff.dds";
 }
}

Frame Dummy_root {
 

 FrameTransformMatrix {
  1.000000,0.000000,0.000000,0.000000,0.000000,1.000000,0.000000,0.000000,0.000000,0.000000,1.000000,0.000000,0.000000,23.000000,0.000000,1.000000;;
 }

 Frame FxBottom {
  

  FrameTransformMatrix {
   1.000000,0.000000,0.000000,0.000000,0.000000,1.000000,0.000000,0.000000,-0.000000,0.000000,1.000000,0.000000,0.000000,-23.000000,-0.000000,1.000000;;
  }
 }

 Frame Bip01 {
  

  FrameTransformMatrix {
   1.000000,0.000000,0.000001,0.000000,0.000000,1.000000,0.000000,0.000000,-0.000001,0.000000,1.000000,0.000000,-0.194762,0.659397,0.000000,1.000000;;
  }

  Frame Bip01-Pelvis {
   

   FrameTransformMatrix {
    0.000001,1.000000,-0.000001,0.000000,-0.000001,0.000001,1.000000,0.000000,1.000000,-0.000001,0.000001,0.000000,0.000000,0.000000,0.000000,1.000000;;
   }

   Frame Bip01-Spine {
    

    FrameTransformMatrix {
     0.999030,0.000001,0.044033,0.000000,-0.000001,1.000000,0.000004,0.000000,-0.044033,-0.000004,0.999030,0.000000,2.358109,0.000003,-0.000993,1.000000;;
    }

    Frame Bip01-Spine1 {
     

     FrameTransformMatrix {
      0.998814,0.000000,0.048692,0.000000,-0.000000,1.000000,0.000001,0.000000,-0.048692,-0.000001,0.998814,0.000000,0.209322,0.000000,-0.002767,1.000000;;
     }

     Frame Bip01-Spine2 {
      

      FrameTransformMatrix {
       0.993206,-0.000000,-0.116369,0.000000,0.000000,1.000000,-0.000002,0.000000,0.116369,0.000002,0.993206,0.000000,3.478325,0.000000,-0.001152,1.000000;;
      }

      Frame Bip01-Spine3 {
       

       FrameTransformMatrix {
        0.996891,-0.000000,-0.078796,0.000000,0.000000,1.000000,0.000001,0.000000,0.078797,-0.000001,0.996891,0.000000,1.456833,0.000000,-0.004309,1.000000;;
       }

       Frame Bip01-Neck {
        

        FrameTransformMatrix {
         0.976813,0.000001,0.214095,0.000000,-0.000001,1.000000,-0.000000,0.000000,-0.214095,-0.000000,0.976813,0.000000,5.539904,0.000000,-0.690872,1.000000;;
        }

        Frame Bip01-Head {
         

         FrameTransformMatrix {
          0.999958,-0.000000,-0.009206,0.000000,0.000000,1.000000,0.000000,0.000000,0.009206,-0.000000,0.999958,0.000000,2.474255,-0.000000,0.000000,1.000000;;
         }

         Frame Bip01-HeadNub {
          

          FrameTransformMatrix {
           1.000000,0.000000,-0.000000,0.000000,0.000000,1.000000,-0.000000,0.000000,-0.000000,-0.000000,1.000000,0.000000,4.628922,0.000000,-0.000000,1.000000;;
          }
         }

         Frame FxTop {
          

          FrameTransformMatrix {
           0.103621,0.000001,0.994617,0.000000,0.994617,-0.000000,-0.103621,0.000000,0.000000,1.000000,-0.000002,0.000000,4.500019,-0.000003,-0.000001,1.000000;;
          }
         }
        }

        Frame Bip01-L-Clavicle {
         

         FrameTransformMatrix {
          -0.249952,0.966695,0.054990,0.000000,0.944116,0.255930,-0.207716,0.000000,-0.214872,-0.000003,-0.976642,0.000000,-0.753025,0.957158,0.028459,1.000000;;
         }

         Frame Bip01-L-UpperArm {
          

          FrameTransformMatrix {
           0.798872,-0.594050,0.094384,0.000000,0.578815,0.801906,0.148056,0.000000,-0.163640,-0.063647,0.984465,0.000000,2.305937,-0.000008,0.000001,1.000000;;
          }

          Frame Bip01-L-Forearm {
           

           FrameTransformMatrix {
            0.930629,-0.000001,-0.365965,0.000000,0.000000,1.000000,-0.000000,0.000000,0.365966,-0.000000,0.930628,0.000000,6.131237,-0.000004,-0.000001,1.000000;;
           }

           Frame Bip01-L-Hand {
            

            FrameTransformMatrix {
             0.989065,-0.040579,0.141787,0.000000,-0.144471,-0.073386,0.986784,0.000000,-0.029638,-0.996478,-0.078446,0.000000,6.144240,0.000004,-0.000001,1.000000;;
            }

            Frame Bip01-L-Finger0 {
             

             FrameTransformMatrix {
              0.722825,-0.531683,0.441402,0.000000,0.371542,-0.239557,-0.896978,0.000000,0.582649,0.812358,0.024385,0.000000,0.431653,-0.683446,0.267918,1.000000;;
             }

             Frame Bip01-L-Finger01 {
              

              FrameTransformMatrix {
               0.985852,0.000000,0.167616,0.000000,-0.000000,1.000000,0.000000,0.000000,-0.167616,-0.000000,0.985852,0.000000,1.065219,0.000002,-0.000002,1.000000;;
              }

              Frame Bip01-L-Finger02 {
               

               FrameTransformMatrix {
                0.950837,-0.000000,0.309691,0.000000,0.000000,1.000000,-0.000000,0.000000,-0.309692,0.000000,0.950837,0.000000,0.739171,0.000000,0.000000,1.000000;;
               }

               Frame Bip01-L-Finger0Nub {
                

                FrameTransformMatrix {
                 1.000000,0.000000,0.000000,0.000000,-0.000000,1.000000,-0.000000,0.000000,0.000000,0.000000,1.000000,0.000000,0.862501,-0.000004,0.000002,1.000000;;
                }
               }
              }
             }
            }

            Frame Bip01-L-Finger1 {
             

             FrameTransformMatrix {
              0.890676,0.007232,0.454582,0.000000,0.005919,0.999604,-0.027500,0.000000,-0.454601,0.027185,0.890280,0.000000,2.096306,-0.862208,-0.077709,1.000000;;
             }

             Frame Bip01-L-Finger11 {
              

              FrameTransformMatrix {
               0.877627,-0.000000,0.479344,0.000000,0.000000,1.000000,-0.000000,0.000000,-0.479344,0.000000,0.877627,0.000000,1.331192,0.000000,0.000002,1.000000;;
              }

              Frame Bip01-L-Finger12 {
               

               FrameTransformMatrix {
                0.932920,-0.000000,0.360082,0.000000,-0.000000,1.000000,0.000001,0.000000,-0.360082,-0.000001,0.932920,0.000000,0.723103,0.000000,0.000000,1.000000;;
               }

               Frame Bip01-L-Finger1Nub {
                

                FrameTransformMatrix {
                 1.000000,0.000000,-0.000000,0.000000,-0.000000,1.000000,-0.000001,0.000000,0.000001,0.000001,1.000001,0.000000,0.679663,0.000000,0.000002,1.000000;;
                }
               }
              }
             }
            }

            Frame Bip01-L-Finger2 {
             

             FrameTransformMatrix {
              0.882745,0.035112,0.468539,0.000000,-0.013270,0.998669,-0.049837,0.000000,-0.469666,0.037776,0.882036,0.000000,2.179712,-0.283319,-0.116974,1.000000;;
             }

             Frame Bip01-L-Finger21 {
              

              FrameTransformMatrix {
               0.795542,0.000000,0.605899,0.000000,-0.000000,1.000000,0.000000,0.000000,-0.605899,-0.000000,0.795542,0.000000,1.406761,-0.000002,0.000002,1.000000;;
              }

              Frame Bip01-L-Finger22 {
               

               FrameTransformMatrix {
                0.981120,0.000000,0.193399,0.000000,0.000000,1.000000,0.000000,0.000000,-0.193399,-0.000000,0.981120,0.000000,0.840515,0.000002,-0.000003,1.000000;;
               }

               Frame Bip01-L-Finger2Nub {
                

                FrameTransformMatrix {
                 1.000000,0.000000,0.000000,0.000000,-0.000000,1.000000,-0.000001,0.000000,-0.000000,0.000001,1.000000,0.000000,0.664877,0.000003,0.000002,1.000000;;
                }
               }
              }
             }
            }

            Frame Bip01-L-Finger3 {
             

             FrameTransformMatrix {
              0.896787,0.157211,0.413592,0.000000,-0.134986,0.987396,-0.082633,0.000000,-0.421370,0.018276,0.906705,0.000000,2.073350,0.186408,-0.130486,1.000000;;
             }

             Frame Bip01-L-Finger31 {
              

              FrameTransformMatrix {
               0.760569,-0.000000,0.649258,0.000000,0.000000,1.000000,0.000000,0.000000,-0.649258,-0.000000,0.760569,0.000000,1.365456,-0.000000,-0.000002,1.000000;;
              }

              Frame Bip01-L-Finger32 {
               

               FrameTransformMatrix {
                0.978941,0.000000,0.204143,0.000000,-0.000000,1.000000,-0.000000,0.000000,-0.204143,0.000000,0.978941,0.000000,0.768667,0.000001,0.000004,1.000000;;
               }

               Frame Bip01-L-Finger3Nub {
                

                FrameTransformMatrix {
                 1.000000,0.000000,0.000000,0.000000,0.000000,1.000000,0.000000,0.000000,0.000000,0.000000,1.000000,0.000000,0.649357,-0.000001,0.000001,1.000000;;
                }
               }
              }
             }
            }

            Frame Bip01-L-Finger4 {
             

             FrameTransformMatrix {
              0.885085,0.251359,0.391718,0.000000,-0.224522,0.967811,-0.113722,0.000000,-0.407694,0.012704,0.913030,0.000000,1.882344,0.690610,0.070721,1.000000;;
             }

             Frame Bip01-L-Finger41 {
              

              FrameTransformMatrix {
               0.785957,0.000000,0.618281,0.000000,0.000000,1.000000,-0.000001,0.000000,-0.618281,0.000001,0.785957,0.000000,1.108313,-0.000000,0.000000,1.000000;;
              }

              Frame Bip01-L-Finger42 {
               

               FrameTransformMatrix {
                0.944871,-0.000000,0.327444,0.000000,0.000000,1.000000,0.000000,0.000000,-0.327444,-0.000000,0.944871,0.000000,0.520340,0.000000,-0.000001,1.000000;;
               }

               Frame Bip01-L-Finger4Nub {
                

                FrameTransformMatrix {
                 1.000000,0.000000,0.000000,0.000000,0.000000,1.000000,-0.000000,0.000000,-0.000000,-0.000000,1.000000,0.000000,0.515339,-0.000000,0.000000,1.000000;;
                }
               }
              }
             }
            }

            Frame FxHand00 {
             

             FrameTransformMatrix {
              0.220347,-0.936490,0.272824,0.000000,-0.759401,-0.340240,-0.554568,0.000000,0.612174,-0.084985,-0.786143,0.000000,1.500002,0.499998,2.000002,1.000000;;
             }
            }

            Frame L_Sword {
             

             FrameTransformMatrix {
              0.976767,0.039081,-0.210712,0.000000,0.070766,-0.986898,0.145000,0.000000,-0.202285,-0.156542,-0.966734,0.000000,0.000000,0.000000,0.000000,1.000000;;
             }
            }
           }

           Frame L_Elbow {
            

            FrameTransformMatrix {
             0.982504,0.000000,0.186241,0.000000,-0.000000,1.000000,-0.000000,0.000000,-0.186241,-0.000000,0.982504,0.000000,-0.000002,-0.000002,-0.000001,1.000000;;
            }
           }

           Frame L_Shield {
            

            FrameTransformMatrix {
             1.000000,0.000000,0.000000,0.000000,0.000000,1.000000,-0.000000,0.000000,-0.000000,-0.000000,1.000000,0.000000,2.500000,2.500002,-0.000001,1.000000;;
            }
           }

           Frame Bip01-L-ForeTwist {
            

            FrameTransformMatrix {
             1.000000,0.000000,-0.000000,0.000000,0.000000,0.999311,0.037108,0.000000,0.000000,-0.037108,0.999311,0.000000,-0.000002,-0.000002,-0.000001,1.000000;;
            }
           }
          }

          Frame L_Shoulder {
           

           FrameTransformMatrix {
            0.948343,0.307755,-0.077029,0.000000,-0.311668,0.949122,-0.045064,0.000000,0.059241,0.066743,0.996010,0.000000,0.000000,-0.000002,0.000000,1.000000;;
           }
          }

          Frame L_Shoulder_Twist {
           

           FrameTransformMatrix {
            1.000000,-0.000000,-0.000000,0.000000,-0.000000,1.000000,-0.000000,0.000000,0.000000,0.000000,1.000000,0.000000,0.000000,-0.000002,-0.000000,1.000000;;
           }
          }
         }
        }

        Frame Bip01-R-Clavicle {
         

         FrameTransformMatrix {
          -0.249953,-0.966695,0.054995,0.000000,-0.944116,0.255931,0.207715,0.000000,-0.214872,-0.000003,-0.976642,0.000000,-0.753025,-0.957160,0.028464,1.000000;;
         }

         Frame Bip01-R-UpperArm {
          

          FrameTransformMatrix {
           0.798872,0.594050,0.094384,0.000000,-0.578814,0.801906,-0.148056,0.000000,-0.163640,0.063647,0.984465,0.000000,2.305936,0.000008,0.000002,1.000000;;
          }

          Frame Bip01-R-Forearm {
           

           FrameTransformMatrix {
            0.930628,0.000000,-0.365965,0.000000,-0.000000,1.000000,0.000000,0.000000,0.365965,-0.000000,0.930628,0.000000,6.131237,0.000004,-0.000002,1.000000;;
           }

           Frame Bip01-R-Hand {
            

            FrameTransformMatrix {
             0.989066,0.040580,0.141786,0.000000,0.144470,-0.073387,-0.986784,0.000000,-0.029639,0.996478,-0.078447,0.000000,6.144236,0.000000,-0.000005,1.000000;;
            }

            Frame Bip01-R-Finger0 {
             

             FrameTransformMatrix {
              0.722825,0.531683,0.441403,0.000000,-0.371541,-0.239557,0.896978,0.000000,0.582649,-0.812358,0.024384,0.000000,0.431656,0.683445,0.267914,1.000000;;
             }

             Frame Bip01-R-Finger01 {
              

              FrameTransformMatrix {
               0.985852,-0.000000,0.167616,0.000000,0.000000,1.000001,-0.000000,0.000000,-0.167616,0.000000,0.985852,0.000000,1.065221,0.000000,0.000000,1.000000;;
              }

              Frame Bip01-R-Finger02 {
               

               FrameTransformMatrix {
                0.950838,0.000000,0.309691,0.000000,0.000000,1.000000,-0.000000,0.000000,-0.309691,0.000000,0.950837,0.000000,0.739167,-0.000002,-0.000003,1.000000;;
               }

               Frame Bip01-R-Finger0Nub {
                

                FrameTransformMatrix {
                 -1.000000,0.000000,0.000001,0.000000,0.000000,1.000000,-0.000000,0.000000,-0.000001,-0.000000,-1.000000,0.000000,0.862501,0.000004,0.000002,1.000000;;
                }
               }
              }
             }
            }

            Frame Bip01-R-Finger1 {
             

             FrameTransformMatrix {
              0.890676,-0.007232,0.454582,0.000000,-0.005919,0.999605,0.027500,0.000000,-0.454601,-0.027184,0.890281,0.000000,2.096302,0.862207,-0.077711,1.000000;;
             }

             Frame Bip01-R-Finger11 {
              

              FrameTransformMatrix {
               0.877627,0.000000,0.479344,0.000000,0.000000,1.000000,-0.000000,0.000000,-0.479344,-0.000000,0.877627,0.000000,1.331188,0.000002,-0.000002,1.000000;;
              }

              Frame Bip01-R-Finger12 {
               

               FrameTransformMatrix {
                0.932921,-0.000000,0.360082,0.000000,0.000000,1.000000,0.000000,0.000000,-0.360082,0.000000,0.932921,0.000000,0.723097,0.000001,-0.000002,1.000000;;
               }

               Frame Bip01-R-Finger1Nub {
                

                FrameTransformMatrix {
                 -1.000000,-0.000000,0.000000,0.000000,-0.000000,1.000000,-0.000001,0.000000,-0.000000,-0.000001,-1.000000,0.000000,0.679668,-0.000002,0.000002,1.000000;;
                }
               }
              }
             }
            }

            Frame Bip01-R-Finger2 {
             

             FrameTransformMatrix {
              0.882745,-0.035112,0.468539,0.000000,0.013271,0.998669,0.049837,0.000000,-0.469666,-0.037775,0.882036,0.000000,2.179712,0.283315,-0.116974,1.000000;;
             }

             Frame Bip01-R-Finger21 {
              

              FrameTransformMatrix {
               0.795542,-0.000001,0.605898,0.000000,0.000000,1.000000,0.000000,0.000000,-0.605899,-0.000000,0.795542,0.000000,1.406761,0.000001,-0.000001,1.000000;;
              }

              Frame Bip01-R-Finger22 {
               

               FrameTransformMatrix {
                0.981121,0.000000,0.193398,0.000000,-0.000000,1.000000,-0.000000,0.000000,-0.193399,0.000000,0.981120,0.000000,0.840506,-0.000001,-0.000001,1.000000;;
               }

               Frame Bip01-R-Finger2Nub {
                

                FrameTransformMatrix {
                 -1.000000,0.000000,-0.000000,0.000000,0.000000,1.000000,0.000000,0.000000,-0.000000,0.000000,-1.000000,0.000000,0.664877,0.000001,-0.000001,1.000000;;
                }
               }
              }
             }
            }

            Frame Bip01-R-Finger3 {
             

             FrameTransformMatrix {
              0.896787,-0.157212,0.413591,0.000000,0.134986,0.987396,0.082633,0.000000,-0.421369,-0.018275,0.906705,0.000000,2.073345,-0.186409,-0.130489,1.000000;;
             }

             Frame Bip01-R-Finger31 {
              

              FrameTransformMatrix {
               0.760569,-0.000000,0.649257,0.000000,0.000000,1.000000,0.000000,0.000000,-0.649258,-0.000000,0.760569,0.000000,1.365458,0.000001,0.000002,1.000000;;
              }

              Frame Bip01-R-Finger32 {
               

               FrameTransformMatrix {
                0.978941,-0.000000,0.204143,0.000000,0.000000,1.000000,-0.000000,0.000000,-0.204143,0.000000,0.978941,0.000000,0.768673,0.000000,0.000000,1.000000;;
               }

               Frame Bip01-R-Finger3Nub {
                

                FrameTransformMatrix {
                 -1.000000,-0.000001,0.000000,0.000000,-0.000000,1.000000,0.000000,0.000000,-0.000000,0.000000,-1.000000,0.000000,0.649351,0.000000,0.000002,1.000000;;
                }
               }
              }
             }
            }

            Frame Bip01-R-Finger4 {
             

             FrameTransformMatrix {
              0.885085,-0.251359,0.391718,0.000000,0.224522,0.967810,0.113722,0.000000,-0.407694,-0.012705,0.913031,0.000000,1.882344,-0.690610,0.070721,1.000000;;
             }

             Frame Bip01-R-Finger41 {
              

              FrameTransformMatrix {
               0.785957,0.000000,0.618281,0.000000,0.000000,1.000000,-0.000000,0.000000,-0.618281,0.000000,0.785957,0.000000,1.108315,0.000001,-0.000004,1.000000;;
              }

              Frame Bip01-R-Finger42 {
               

               FrameTransformMatrix {
                0.944871,0.000000,0.327444,0.000000,-0.000000,1.000000,-0.000000,0.000000,-0.327444,0.000000,0.944871,0.000000,0.520342,0.000001,0.000002,1.000000;;
               }

               Frame Bip01-R-Finger4Nub {
                

                FrameTransformMatrix {
                 -1.000001,0.000000,0.000000,0.000000,0.000000,1.000000,0.000000,0.000000,-0.000000,0.000000,-1.000000,0.000000,0.515343,-0.000001,0.000004,1.000000;;
                }
               }
              }
             }
            }

            Frame FxHand01 {
             

             FrameTransformMatrix {
              0.220350,0.936491,0.272822,0.000000,-0.759401,0.340241,-0.554569,0.000000,-0.612173,-0.084982,0.786144,0.000000,1.500002,-0.499999,2.000000,1.000000;;
             }
            }

            Frame R_Sword {
             

             FrameTransformMatrix {
              0.976767,-0.039081,-0.210713,0.000000,0.070767,0.986898,0.145001,0.000000,0.202285,-0.156543,0.966735,0.000000,0.000000,-0.000002,0.000000,1.000000;;
             }
            }
           }

           Frame R_Elbow {
            

            FrameTransformMatrix {
             0.982504,0.000000,0.186241,0.000000,-0.000000,1.000000,-0.000000,0.000000,-0.186241,0.000000,0.982504,0.000000,-0.000002,0.000000,-0.000002,1.000000;;
            }
           }

           Frame Bip01-R-ForeTwist {
            

            FrameTransformMatrix {
             1.000000,0.000000,-0.000000,0.000000,-0.000000,0.999312,-0.037108,0.000000,0.000000,0.037108,0.999311,0.000000,-0.000002,0.000000,-0.000002,1.000000;;
            }
           }
          }

          Frame R_Shoulder {
           

           FrameTransformMatrix {
            0.948342,-0.307756,-0.077029,0.000000,0.311669,0.949121,0.045064,0.000000,0.059241,-0.066743,0.996010,0.000000,0.000002,0.000000,-0.000000,1.000000;;
           }
          }

          Frame R_Shoulder_Twist {
           

           FrameTransformMatrix {
            1.000000,-0.000000,-0.000000,0.000000,-0.000000,1.000000,0.000000,0.000000,0.000000,-0.000000,1.000000,0.000000,0.000002,0.000000,0.000000,1.000000;;
           }
          }
         }
        }
       }

       Frame R_Breast {
        

        FrameTransformMatrix {
         0.063560,0.329543,-0.941999,0.000000,-0.003088,0.943967,0.330023,0.000000,0.997973,-0.018067,0.061016,0.000000,1.272749,-1.452000,1.209911,1.000000;;
        }
       }

       Frame L_Breast {
        

        FrameTransformMatrix {
         -0.063561,0.329545,0.941998,0.000000,0.003087,0.943967,-0.330025,0.000000,-0.997973,-0.018069,-0.061017,0.000000,1.272757,1.451767,1.209908,1.000000;;
        }
       }

       Frame L_spine3 {
        

        FrameTransformMatrix {
         0.980445,0.043404,-0.191946,0.000000,0.044220,-0.999022,-0.000032,0.000000,-0.191760,-0.008456,-0.981405,0.000000,2.104033,3.093147,-0.411915,1.000000;;
        }
       }

       Frame R_spine3 {
        

        FrameTransformMatrix {
         0.980446,-0.043406,-0.191942,0.000000,-0.044220,-0.999022,0.000038,0.000000,-0.191756,0.008450,-0.981406,0.000000,2.104040,-3.093147,-0.411908,1.000000;;
        }
       }

       Frame Acc_LA_Neck {
        

        FrameTransformMatrix {
         0.919454,-0.000000,-0.393198,0.000000,-0.000000,1.000000,-0.000001,0.000000,0.393198,0.000001,0.919454,0.000000,5.885698,0.000002,-1.489705,1.000000;;
        }
       }
      }

      Frame FxCenter {
       

       FrameTransformMatrix {
        -0.023870,0.000000,0.999715,0.000000,0.999715,-0.000000,0.023870,0.000000,0.000000,1.000000,-0.000000,0.000000,1.000006,-0.000002,0.000000,1.000000;;
       }
      }

      Frame Weapon_Back {
       

       FrameTransformMatrix {
        -0.999294,-0.000000,-0.037550,0.000000,0.000000,-1.000000,0.000000,0.000000,-0.037550,0.000000,0.999295,0.000000,4.711468,-0.000002,-2.809570,1.000000;;
       }
      }
     }
    }

    Frame Bip01-L-Thigh {
     

     FrameTransformMatrix {
      -0.997343,0.010238,0.072129,0.000000,-0.003067,-0.995100,0.098825,0.000000,0.072788,0.098342,0.992487,0.000000,-2.355776,2.566188,0.104821,1.000000;;
     }

     Frame Bip01-L-Calf {
      

      FrameTransformMatrix {
       0.989801,0.000000,-0.142458,0.000000,0.000000,1.000000,0.000002,0.000000,0.142458,-0.000002,0.989801,0.000000,10.047705,-0.000001,0.000000,1.000000;;
      }

      Frame Bip01-L-Foot {
       

       FrameTransformMatrix {
        0.993368,0.006533,0.114794,0.000000,-0.007677,0.999925,0.009526,0.000000,-0.114723,-0.010344,0.993344,0.000000,10.474948,0.000001,0.000001,1.000000;;
       }

       Frame Bip01-L-Toe0 {
        

        FrameTransformMatrix {
         0.005122,-0.000012,0.999987,0.000000,0.000000,1.000000,0.000012,0.000000,-0.999987,0.000000,0.005122,0.000000,3.213932,-0.000023,1.930074,1.000000;;
        }

        Frame Bip01-L-Toe0Nub {
         

         FrameTransformMatrix {
          -1.000000,-0.000000,0.000000,0.000000,-0.000000,1.000000,0.000000,0.000000,-0.000000,0.000000,-1.000000,0.000000,1.879583,0.000000,-0.000000,1.000000;;
         }
        }
       }
      }

      Frame L_Knee {
       

       FrameTransformMatrix {
        0.997447,0.000000,0.071411,0.000000,-0.000000,1.000000,0.000001,0.000000,-0.071411,-0.000001,0.997447,0.000000,0.000001,0.000000,0.000000,1.000000;;
       }
      }

      Frame Bip01-LCalfTwist {
       

       FrameTransformMatrix {
        1.000000,0.000000,-0.000000,0.000000,-0.000000,0.999989,0.004770,0.000000,0.000000,-0.004769,0.999989,0.000000,0.000001,0.000000,0.000000,1.000000;;
       }
      }
     }

     Frame L_Thigh {
      

      FrameTransformMatrix {
       1.000000,0.000000,0.000000,0.000000,-0.000000,1.000000,0.000000,0.000000,-0.000000,-0.000000,1.000000,0.000000,0.000000,-0.000000,0.000000,1.000000;;
      }
     }
    }

    Frame Bip01-R-Thigh {
     

     FrameTransformMatrix {
      -0.997343,-0.010238,0.072130,0.000000,0.003068,-0.995101,-0.098819,0.000000,0.072788,-0.098335,0.992488,0.000000,-2.355778,-2.566190,0.104834,1.000000;;
     }

     Frame Bip01-R-Calf {
      

      FrameTransformMatrix {
       0.989801,-0.000001,-0.142458,0.000000,0.000000,1.000000,-0.000003,0.000000,0.142458,0.000003,0.989801,0.000000,10.047706,-0.000001,-0.000001,1.000000;;
      }

      Frame Bip01-R-Foot {
       

       FrameTransformMatrix {
        0.993368,-0.006533,0.114795,0.000000,0.007676,0.999926,-0.009520,0.000000,-0.114724,0.010338,0.993344,0.000000,10.474942,0.000000,0.000001,1.000000;;
       }

       Frame Bip01-R-Toe0 {
        

        FrameTransformMatrix {
         0.005122,0.000019,0.999987,0.000000,-0.000000,1.000000,-0.000019,0.000000,-0.999987,-0.000000,0.005122,0.000000,3.213933,0.000037,1.930074,1.000000;;
        }

        Frame Bip01-R-Toe0Nub {
         

         FrameTransformMatrix {
          1.000000,0.000000,-0.000000,0.000000,0.000000,1.000000,0.000000,0.000000,0.000000,0.000000,1.000000,0.000000,1.879583,-0.000001,0.000000,1.000000;;
         }
        }
       }
      }

      Frame R_Knee {
       

       FrameTransformMatrix {
        0.997447,0.000000,0.071411,0.000000,-0.000000,1.000001,-0.000001,0.000000,-0.071411,0.000001,0.997447,0.000000,0.000000,0.000000,-0.000000,1.000000;;
       }
      }

      Frame Bip01-RCalfTwist {
       

       FrameTransformMatrix {
        1.000000,-0.000000,0.000000,0.000000,0.000000,0.999989,-0.004770,0.000000,-0.000000,0.004770,0.999989,0.000000,-0.000001,-0.000000,-0.000000,1.000000;;
       }
      }
     }

     Frame R_Thigh {
      

      FrameTransformMatrix {
       1.000000,-0.000000,-0.000000,0.000000,0.000000,1.000000,-0.000003,0.000000,0.000000,0.000003,1.000000,0.000000,0.000000,-0.000001,0.000000,1.000000;;
      }
     }
    }

    Frame Skirt_Dummy {
     

     FrameTransformMatrix {
      -1.000000,0.000001,0.000796,0.000000,-0.000001,-1.000000,0.000002,0.000000,0.000796,0.000002,1.000000,0.000000,-0.033834,-0.000002,-0.263520,1.000000;;
     }
    }
   }
  }
 }
}

Frame Human_F_L16_Body_Skel {
 

 FrameTransformMatrix {
  1.000000,0.000000,0.000000,0.000000,0.000000,1.000000,0.000000,0.000000,0.000000,0.000000,1.000000,0.000000,0.000000,0.000000,0.000000,1.000000;;
 }

 Mesh Human_F_L16_Body_Skel {
  3179;
  -1.257501;33.803398;3.193889;,
  -0.946013;33.875261;3.277902;,
  -1.212897;33.818032;3.252852;,
  2.444625;30.208560;0.000004;,
  2.334603;30.342822;0.333498;,
  2.338758;30.152262;0.000004;,
  2.440629;30.375731;0.297823;,
  2.435296;30.598896;0.487412;,
  2.440629;30.375731;-0.297821;,
  2.435296;30.598896;-0.487409;,
  2.429880;30.825494;0.345190;,
  2.323411;30.823862;0.386547;,
  2.316539;31.146563;0.257740;,
  2.423277;31.128406;0.230166;,
  2.415596;31.469581;0.176722;,
  2.423277;31.128406;-0.230171;,
  2.429880;30.825494;-0.345192;,
  2.323411;30.823869;-0.386551;,
  2.329048;30.581613;-0.545801;,
  2.334603;30.342822;-0.333496;,
  2.415596;31.469581;-0.176723;,
  2.308547;31.510442;0.197891;,
  2.308547;31.510442;-0.197893;,
  2.316539;31.146563;-0.257746;,
  -1.549765;36.770819;2.753796;,
  -2.110363;36.291210;3.183254;,
  -1.574737;36.639152;3.174718;,
  -2.430839;35.544099;3.433505;,
  -2.456180;35.577414;3.156127;,
  -2.059059;36.165558;3.583862;,
  -1.603304;36.479306;3.659442;,
  -2.117312;35.992928;3.902657;,
  -1.615964;36.419955;4.175017;,
  -1.546330;36.985091;2.086109;,
  -2.198410;36.333782;2.760871;,
  -2.508038;35.578822;2.855157;,
  -2.425934;34.666342;3.083381;,
  -2.639882;35.524867;2.214306;,
  -2.475763;34.353066;2.605875;,
  -2.298787;36.350528;2.070219;,
  -1.725242;38.072301;0.881943;,
  -1.257148;37.562534;1.235889;,
  -1.167019;38.038938;1.122770;,
  -1.910239;37.464867;1.027809;,
  -1.375820;37.264822;1.527370;,
  -2.174946;36.887299;1.150745;,
  -2.560070;36.191162;1.282309;,
  -2.770324;35.294464;1.410822;,
  -2.911088;35.065482;0.892199;,
  -2.651924;33.939706;1.911844;,
  -2.644660;36.021427;0.697979;,
  -2.398778;36.716147;0.538952;,
  -2.123724;37.413290;0.406584;,
  -1.939619;38.070899;0.360748;,
  -1.842278;38.630048;0.373239;,
  -1.585925;38.640918;0.830376;,
  -1.123324;38.572531;1.066782;,
  -2.228035;37.423430;-0.000000;,
  -2.449324;36.705917;-0.000000;,
  -2.035757;38.066832;-0.000000;,
  -1.902429;38.592141;-0.000000;,
  -1.891148;38.968624;-0.000000;,
  -1.830539;38.972410;0.386967;,
  -1.545048;38.983197;0.778809;,
  -1.157174;38.986384;1.067442;,
  2.327201;29.337859;-0.128354;,
  2.320186;30.919190;0.109284;,
  2.327201;29.337859;0.128352;,
  2.320186;30.919190;-0.109285;,
  2.300541;31.450480;0.109284;,
  2.300541;31.450480;-0.109285;,
  1.978621;22.823763;-0.600664;,
  2.278810;23.972584;0.000000;,
  2.144446;22.813571;0.000000;,
  2.203858;24.177355;-1.003971;,
  2.472968;24.818906;0.000000;,
  1.846874;22.562670;-0.588228;,
  1.841090;22.387362;0.000000;,
  2.077137;23.281725;-1.316151;,
  2.014445;24.583413;-2.065603;,
  2.361204;25.087634;-1.013756;,
  2.376245;26.183234;0.000000;,
  2.320781;26.163686;-0.583366;,
  1.906240;24.335075;-3.038538;,
  2.022306;23.646546;-2.210325;,
  1.871314;22.879779;-1.290093;,
  1.282436;22.378187;-0.718173;,
  1.420556;22.166104;0.000000;,
  1.974040;26.378733;-1.567524;,
  2.005713;27.600026;-0.752123;,
  2.129577;27.601904;0.000000;,
  2.057232;28.993718;-1.063948;,
  2.264408;29.094659;0.000000;,
  2.198099;30.309533;-0.676660;,
  2.240268;30.678682;-0.336740;,
  2.192390;30.652602;-0.831013;,
  2.160947;31.142883;-0.357735;,
  1.860473;28.011917;-1.687960;,
  1.562557;28.912650;-2.053530;,
  2.201175;32.031024;-0.317631;,
  2.161793;32.266013;0.000000;,
  2.187349;31.976288;0.000000;,
  2.165574;31.762787;-0.252857;,
  2.259404;31.450480;0.000000;,
  2.240059;31.562384;-0.395578;,
  2.279537;30.919194;0.000000;,
  2.197872;31.138915;-0.929651;,
  2.202803;31.359667;-0.693741;,
  2.179993;31.679533;-0.662531;,
  2.216757;31.847882;-0.488367;,
  2.315656;31.678394;-0.690271;,
  2.315209;31.865830;-0.527046;,
  2.518707;31.945149;-0.660540;,
  2.303551;32.062813;-0.388611;,
  2.499536;32.138675;-0.531979;,
  2.214028;31.562253;-0.855618;,
  2.307817;31.518829;-0.891014;,
  2.525782;31.762605;-0.852749;,
  2.693352;32.042992;-0.828348;,
  2.668179;32.232253;-0.706806;,
  2.463845;32.380173;-0.401718;,
  2.627687;32.445741;-0.596371;,
  2.398011;32.642781;-0.325535;,
  2.840056;32.576006;-0.940531;,
  2.805259;32.781254;-0.879458;,
  2.567438;32.686253;-0.528090;,
  2.501023;32.920867;-0.475353;,
  2.340027;32.897146;-0.276484;,
  2.422610;33.154115;-0.468569;,
  2.692982;33.173866;-0.858648;,
  2.580134;33.400230;-0.904093;,
  2.808318;33.181712;-1.362968;,
  2.758070;32.975510;-0.857128;,
  2.851454;33.040259;-1.361658;,
  2.816668;33.019309;-1.803984;,
  2.884776;32.899101;-1.383423;,
  2.768779;33.163568;-1.800949;,
  2.734060;33.339270;-1.385592;,
  2.662140;33.484237;-1.443155;,
  2.726663;33.288301;-1.878349;,
  2.559802;33.615462;-1.569302;,
  2.481091;33.614195;-0.990486;,
  2.301409;33.435098;-0.501129;,
  2.367549;33.815677;-1.133520;,
  2.402511;33.745446;-1.773699;,
  2.644011;33.362298;-2.018042;,
  2.256384;33.757408;-2.047487;,
  2.516470;33.402349;-2.159149;,
  2.098152;33.674941;-2.365517;,
  2.457474;33.341939;-2.314499;,
  1.828881;34.108922;-1.969778;,
  2.026413;34.087872;-1.430128;,
  1.455098;34.359578;-1.870361;,
  1.291466;34.170051;-2.358608;,
  1.690662;33.933571;-2.371311;,
  1.044328;34.687821;-1.834743;,
  2.203245;33.689632;-0.609489;,
  2.052413;33.943018;-0.762169;,
  1.680279;34.332413;-1.051012;,
  1.152346;34.749882;-1.232504;,
  0.806696;35.283638;-1.438616;,
  0.876854;35.285866;-0.973383;,
  0.483492;35.864768;-0.979013;,
  0.917439;35.262275;-0.544054;,
  1.989656;33.722669;-0.380196;,
  1.840047;33.995101;-0.504248;,
  1.538555;34.315648;-0.506969;,
  1.187913;34.752080;-0.749401;,
  1.680045;34.013766;-0.298260;,
  1.240175;34.743482;-0.393797;,
  1.454633;34.317869;-0.220081;,
  1.573422;34.016826;-0.122177;,
  1.713460;33.715501;-0.054070;,
  1.825878;33.724534;-0.194464;,
  0.522028;35.803738;-0.397394;,
  0.433125;36.194957;-0.410032;,
  0.894205;35.220339;0.000000;,
  1.172843;34.780387;0.000000;,
  1.435886;34.345123;0.000000;,
  1.577345;34.031136;0.000000;,
  1.695185;33.717149;0.000000;,
  1.855097;33.412326;-0.036938;,
  1.991822;33.434570;-0.139353;,
  2.133121;33.447933;-0.300068;,
  1.995445;33.103104;-0.040354;,
  2.079996;32.830051;-0.054831;,
  2.129210;33.122688;-0.129503;,
  2.264078;33.147021;-0.265762;,
  2.206884;32.854909;-0.151089;,
  2.274994;32.593053;-0.191828;,
  2.129223;32.566141;-0.106293;,
  2.309820;32.314317;-0.268288;,
  2.172426;32.293654;-0.179028;,
  2.233457;30.297232;0.757689;,
  2.114869;28.985203;1.203507;,
  2.221035;29.044189;0.652456;,
  1.607882;28.912640;2.104633;,
  1.866619;29.638458;1.722216;,
  1.563063;29.636509;2.086729;,
  1.907075;28.937856;1.646080;,
  1.913211;27.873062;1.729965;,
  2.016104;27.514906;1.290720;,
  2.113244;27.371552;0.532959;,
  2.327200;29.094653;0.000000;,
  2.289380;30.678682;0.365315;,
  2.320186;30.919190;0.109379;,
  2.287565;31.085334;0.452675;,
  2.300541;31.450483;0.109379;,
  2.233526;30.740317;0.837813;,
  2.296463;31.431798;0.552698;,
  2.263659;31.909997;0.363087;,
  2.270632;31.575110;0.730505;,
  2.474875;31.603862;0.837351;,
  2.223098;31.375789;1.034687;,
  2.427724;31.383587;1.144463;,
  2.012387;31.199379;1.499256;,
  2.231074;31.109680;0.943739;,
  2.472869;31.981181;0.496199;,
  2.420793;32.474566;0.257870;,
  2.749152;32.119590;0.743347;,
  2.773180;31.759610;1.079431;,
  2.751811;31.546774;1.398621;,
  2.654730;32.560394;0.511831;,
  2.959284;32.062896;1.394442;,
  2.950838;32.312298;1.112049;,
  2.927126;31.913453;1.662188;,
  2.645515;31.434755;1.777622;,
  2.254628;31.207322;1.603453;,
  2.012263;31.163850;2.069059;,
  1.723574;31.211264;1.938008;,
  2.998213;32.412381;1.672199;,
  2.862282;31.830362;1.968304;,
  2.966849;32.321824;1.869213;,
  2.967442;32.576771;1.997406;,
  2.991765;32.652314;1.837957;,
  3.009315;32.596499;1.487373;,
  2.895161;32.688374;0.885799;,
  2.935895;32.921734;1.998539;,
  2.918643;32.817267;2.156504;,
  2.987983;32.777962;1.734358;,
  2.974838;32.865206;1.376192;,
  2.753023;33.126214;0.804651;,
  2.585230;33.527821;0.945526;,
  2.902600;33.154038;1.355345;,
  2.951355;32.965811;1.657936;,
  2.598449;32.723210;2.627753;,
  2.704375;32.956925;2.454735;,
  2.489655;32.908630;2.669468;,
  2.726584;32.595478;2.512226;,
  2.825250;32.817178;2.344647;,
  2.837327;32.534864;2.332739;,
  2.827567;33.098038;2.226832;,
  2.891795;33.107850;1.941936;,
  2.894609;33.174115;1.649983;,
  2.427240;33.062205;2.672752;,
  2.278864;32.792125;2.844261;,
  2.448255;32.520621;2.762272;,
  2.634401;32.349894;2.600067;,
  2.799817;32.269933;2.337128;,
  2.921718;32.533046;2.170973;,
  2.704804;31.811994;2.314934;,
  2.911676;32.261392;2.106674;,
  2.422312;31.893168;2.670370;,
  2.139430;32.136918;2.911875;,
  2.423238;31.400822;2.237428;,
  2.128734;31.527149;2.623614;,
  1.820989;31.776400;2.941200;,
  1.907030;32.534134;3.048792;,
  2.177304;33.027437;2.858015;,
  1.733869;32.948314;3.047043;,
  1.516877;32.273171;3.093524;,
  1.327890;31.618403;2.801060;,
  1.696822;31.283821;2.471338;,
  1.070551;32.117539;2.966093;,
  1.292055;32.873040;3.072350;,
  1.618429;33.343472;2.924961;,
  1.168190;33.374704;2.912851;,
  0.845466;32.848877;3.012547;,
  0.737102;33.371370;2.913162;,
  1.174208;33.840797;2.729597;,
  1.622825;33.681526;2.728878;,
  2.103231;33.276630;2.799689;,
  2.119195;33.490957;2.628279;,
  0.261541;33.986931;2.822201;,
  0.663412;34.098662;2.831143;,
  0.404657;34.509786;3.002823;,
  0.812949;34.487309;2.479792;,
  1.319528;34.211005;2.379578;,
  1.730310;33.967667;2.392651;,
  2.169297;33.701533;2.387667;,
  0.261095;35.270310;2.628452;,
  0.696430;35.325498;1.933611;,
  1.065218;34.743808;1.840511;,
  0.089602;35.916170;2.257219;,
  0.235877;35.912467;1.995335;,
  0.236857;34.746966;3.121061;,
  0.004436;34.163894;3.039827;,
  0.162672;35.330518;3.043291;,
  0.011943;35.928806;2.780600;,
  -0.406584;36.488992;2.580807;,
  -0.088142;36.329888;2.022699;,
  0.382732;35.913798;1.476336;,
  0.852472;35.315798;1.438616;,
  -0.455577;36.462848;3.106151;,
  -0.042477;35.937904;3.182597;,
  0.105397;35.400390;3.299226;,
  0.117855;34.833680;3.292858;,
  -0.153680;34.211357;3.173599;,
  -0.512345;34.011338;2.833517;,
  -0.917495;33.887290;3.189304;,
  -0.525588;34.092358;3.184129;,
  0.290617;33.317558;2.864269;,
  -0.292920;33.314262;2.847721;,
  -0.866010;33.798755;2.845209;,
  -1.257501;33.803398;3.193889;,
  -0.946013;33.875261;3.277902;,
  -0.492252;33.971270;3.313827;,
  -0.233906;34.083994;3.334945;,
  0.430833;31.408714;2.747307;,
  1.050496;31.560064;2.573183;,
  0.627556;32.104707;2.773232;,
  -0.232081;31.593718;2.727560;,
  -0.190751;32.428723;2.867613;,
  -0.854435;32.792038;2.832191;,
  -0.195455;32.826733;2.869139;,
  0.368459;32.852784;2.887005;,
  1.397499;31.299386;2.310452;,
  2.086054;30.246512;1.359997;,
  1.848785;30.121034;1.771900;,
  2.047430;30.830890;1.439423;,
  1.796044;30.750013;1.827839;,
  1.458283;30.798701;2.193444;,
  0.985077;31.089101;2.587107;,
  1.527086;30.147798;2.114393;,
  0.966689;30.398288;2.502512;,
  0.330529;30.927062;2.641253;,
  -0.298592;31.174813;2.619396;,
  0.999926;28.106032;2.827330;,
  0.954110;29.097533;2.396420;,
  0.938529;29.707165;2.385981;,
  0.129103;30.068784;2.490463;,
  -0.368883;30.504490;2.450417;,
  -0.789277;30.859674;2.390163;,
  -0.916063;31.927930;2.642471;,
  -1.296499;32.935027;2.777382;,
  -1.271211;33.560928;3.083409;,
  -2.056172;33.686278;2.882421;,
  -2.037537;34.003830;3.178949;,
  -1.685924;32.349098;2.476036;,
  -1.878238;33.071373;2.658997;,
  -2.435234;34.697590;3.285474;,
  -1.212897;33.818032;3.252852;,
  -2.002764;33.949882;3.284335;,
  -2.439889;34.697414;3.451110;,
  -2.382630;35.476522;3.664534;,
