xof 0303txt 0032
template ColorRGBA {
 <35ff44e0-6c7c-11cf-8f52-0040333594a3>
 FLOAT red;
 FLOAT green;
 FLOAT blue;
 FLOAT alpha;
}

template ColorRGB {
 <d3e16e81-7835-11cf-8f52-0040333594a3>
 FLOAT red;
 FLOAT green;
 FLOAT blue;
}

template Material {
 <3d82ab4d-62da-11cf-ab39-0020af71e433>
 ColorRGBA faceColor;
 FLOAT power;
 ColorRGB specularColor;
 ColorRGB emissiveColor;
 [...]
}

template TextureFilename {
 <a42790e1-7810-11cf-8f52-0040333594a3>
 STRING filename;
}

template Frame {
 <3d82ab46-62da-11cf-ab39-0020af71e433>
 [...]
}

template Matrix4x4 {
 <f6f23f45-7686-11cf-8f52-0040333594a3>
 array FLOAT matrix[16];
}

template FrameTransformMatrix {
 <f6f23f41-7686-11cf-8f52-0040333594a3>
 Matrix4x4 frameMatrix;
}

template Vector {
 <3d82ab5e-62da-11cf-ab39-0020af71e433>
 FLOAT x;
 FLOAT y;
 FLOAT z;
}

template MeshFace {
 <3d82ab5f-62da-11cf-ab39-0020af71e433>
 DWORD nFaceVertexIndices;
 array DWORD faceVertexIndices[nFaceVertexIndices];
}

template Mesh {
 <3d82ab44-62da-11cf-ab39-0020af71e433>
 DWORD nVertices;
 array Vector vertices[nVertices];
 DWORD nFaces;
 array MeshFace faces[nFaces];
 [...]
}

template MeshNormals {
 <f6f23f43-7686-11cf-8f52-0040333594a3>
 DWORD nNormals;
 array Vector normals[nNormals];
 DWORD nFaceNormals;
 array MeshFace faceNormals[nFaceNormals];
}

template MeshMaterialList {
 <f6f23f42-7686-11cf-8f52-0040333594a3>
 DWORD nMaterials;
 DWORD nFaceIndexes;
 array DWORD faceIndexes[nFaceIndexes];
 [Material <3d82ab4d-62da-11cf-ab39-0020af71e433>]
}

template Coords2d {
 <f6f23f44-7686-11cf-8f52-0040333594a3>
 FLOAT u;
 FLOAT v;
}

template MeshTextureCoords {
 <f6f23f40-7686-11cf-8f52-0040333594a3>
 DWORD nTextureCoords;
 array Coords2d textureCoords[nTextureCoords];
}

template XSkinMeshHeader {
 <3cf169ce-ff7c-44ab-93c0-f78f62d172e2>
 WORD nMaxSkinWeightsPerVertex;
 WORD nMaxSkinWeightsPerFace;
 WORD nBones;
}

template SkinWeights {
 <6f0d123b-bad2-4167-a0d0-80224f25fabb>
 STRING transformNodeName;
 DWORD nWeights;
 array DWORD vertexIndices[nWeights];
 array FLOAT weights[nWeights];
 Matrix4x4 matrixOffset;
}


Material Material__35 {
 1.000000;1.000000;1.000000;1.000000;;
 10.000000;
 0.000000;0.000000;0.000000;;
 0.000000;0.000000;0.000000;;

 TextureFilename {
  "Human_F_L17_Body_diff.dds";
 }
}

Frame Dummy_root {
 

 FrameTransformMatrix {
  1.000000,0.000000,0.000000,0.000000,0.000000,1.000000,0.000000,0.000000,0.000000,0.000000,1.000000,0.000000,0.000000,23.000000,0.000000,1.000000;;
 }

 Frame FxBottom {
  

  FrameTransformMatrix {
   1.000000,0.000000,0.000000,0.000000,0.000000,1.000000,0.000000,0.000000,-0.000000,0.000000,1.000000,0.000000,0.000000,-23.000000,-0.000000,1.000000;;
  }
 }

 Frame Bip01 {
  

  FrameTransformMatrix {
   1.000000,0.000000,0.000001,0.000000,0.000000,1.000000,0.000000,0.000000,-0.000001,0.000000,1.000000,0.000000,-0.194762,0.659397,0.000000,1.000000;;
  }

  Frame Bip01-Pelvis {
   

   FrameTransformMatrix {
    0.000001,1.000000,-0.000001,0.000000,-0.000001,0.000001,1.000000,0.000000,1.000000,-0.000001,0.000001,0.000000,0.000000,0.000000,0.000000,1.000000;;
   }

   Frame Bip01-Spine {
    

    FrameTransformMatrix {
     0.999030,0.000001,0.044033,0.000000,-0.000001,1.000000,0.000003,0.000000,-0.044033,-0.000003,0.999030,0.000000,2.358109,0.000003,-0.000993,1.000000;;
    }

    Frame Bip01-Spine1 {
     

     FrameTransformMatrix {
      0.998814,-0.000000,0.048692,0.000000,-0.000000,1.000000,0.000001,0.000000,-0.048692,-0.000002,0.998814,0.000000,0.209326,0.000000,-0.002766,1.000000;;
     }

     Frame Bip01-Spine2 {
      

      FrameTransformMatrix {
       0.993206,-0.000000,-0.116368,0.000000,0.000000,1.000000,0.000001,0.000000,0.116369,-0.000000,0.993206,0.000000,3.478323,0.000000,-0.001152,1.000000;;
      }

      Frame Bip01-Spine3 {
       

       FrameTransformMatrix {
        0.996891,-0.000001,-0.078797,0.000000,0.000000,1.000000,-0.000001,0.000000,0.078797,0.000001,0.996891,0.000000,1.456833,-0.000000,-0.004310,1.000000;;
       }

       Frame Bip01-Neck {
        

        FrameTransformMatrix {
         0.976813,0.000001,0.214094,0.000000,-0.000001,1.000000,-0.000000,0.000000,-0.214094,0.000000,0.976813,0.000000,5.539902,0.000000,-0.690872,1.000000;;
        }

        Frame Bip01-Head {
         

         FrameTransformMatrix {
          0.999958,-0.000000,-0.009206,0.000000,0.000000,1.000000,-0.000000,0.000000,0.009206,0.000000,0.999958,0.000000,2.474255,-0.000000,0.000002,1.000000;;
         }

         Frame Bip01-HeadNub {
          

          FrameTransformMatrix {
           1.000000,-0.000000,0.000000,0.000000,0.000000,1.000000,0.000001,0.000000,-0.000000,-0.000001,1.000000,0.000000,4.628929,-0.000000,0.000000,1.000000;;
          }
         }

         Frame FxTop {
          

          FrameTransformMatrix {
           0.103621,0.000001,0.994617,0.000000,0.994617,-0.000000,-0.103621,0.000000,0.000000,1.000000,-0.000001,0.000000,4.500027,-0.000004,0.000000,1.000000;;
          }
         }
        }

        Frame Bip01-L-Clavicle {
         

         FrameTransformMatrix {
          -0.249953,0.966696,0.054990,0.000000,0.944116,0.255930,-0.207716,0.000000,-0.214872,-0.000002,-0.976642,0.000000,-0.753033,0.957158,0.028458,1.000000;;
         }

         Frame Bip01-L-UpperArm {
          

          FrameTransformMatrix {
           0.798871,-0.594050,0.094384,0.000000,0.578814,0.801906,0.148056,0.000000,-0.163639,-0.063647,0.984465,0.000000,2.305933,-0.000011,0.000000,1.000000;;
          }

          Frame Bip01-L-Forearm {
           

           FrameTransformMatrix {
            0.930629,0.000000,-0.365965,0.000000,0.000000,1.000000,-0.000000,0.000000,0.365965,0.000000,0.930629,0.000000,6.131237,0.000004,0.000001,1.000000;;
           }

           Frame Bip01-L-Hand {
            

            FrameTransformMatrix {
             0.989065,-0.040580,0.141787,0.000000,-0.144470,-0.073387,0.986784,0.000000,-0.029638,-0.996478,-0.078447,0.000000,6.144238,0.000002,-0.000004,1.000000;;
            }

            Frame Bip01-L-Finger0 {
             

             FrameTransformMatrix {
              0.722825,-0.531684,0.441402,0.000000,0.371542,-0.239557,-0.896978,0.000000,0.582649,0.812358,0.024385,0.000000,0.431654,-0.683448,0.267918,1.000000;;
             }

             Frame Bip01-L-Finger01 {
              

              FrameTransformMatrix {
               0.985853,0.000000,0.167616,0.000000,-0.000000,1.000000,0.000000,0.000000,-0.167616,0.000000,0.985852,0.000000,1.065219,0.000002,-0.000002,1.000000;;
              }

              Frame Bip01-L-Finger02 {
               

               FrameTransformMatrix {
                0.950837,0.000000,0.309691,0.000000,0.000000,1.000000,-0.000000,0.000000,-0.309691,0.000000,0.950838,0.000000,0.739168,-0.000002,-0.000002,1.000000;;
               }

               Frame Bip01-L-Finger0Nub {
                

                FrameTransformMatrix {
                 1.000000,0.000000,0.000000,0.000000,0.000000,1.000000,0.000000,0.000000,-0.000000,-0.000000,1.000000,0.000000,0.862507,0.000002,0.000002,1.000000;;
                }
               }
              }
             }
            }

            Frame Bip01-L-Finger1 {
             

             FrameTransformMatrix {
              0.890675,0.007232,0.454582,0.000000,0.005919,0.999604,-0.027500,0.000000,-0.454601,0.027185,0.890280,0.000000,2.096303,-0.862212,-0.077713,1.000000;;
             }

             Frame Bip01-L-Finger11 {
              

              FrameTransformMatrix {
               0.877627,-0.000000,0.479344,0.000000,0.000000,1.000000,-0.000000,0.000000,-0.479344,0.000000,0.877627,0.000000,1.331194,0.000003,0.000001,1.000000;;
              }

              Frame Bip01-L-Finger12 {
               

               FrameTransformMatrix {
                0.932921,-0.000000,0.360082,0.000000,0.000000,1.000000,0.000000,0.000000,-0.360082,-0.000000,0.932921,0.000000,0.723099,0.000001,0.000000,1.000000;;
               }

               Frame Bip01-L-Finger1Nub {
                

                FrameTransformMatrix {
                 1.000000,-0.000000,0.000000,0.000000,0.000000,1.000000,-0.000000,0.000000,0.000000,0.000000,1.000000,0.000000,0.679661,0.000000,0.000002,1.000000;;
                }
               }
              }
             }
            }

            Frame Bip01-L-Finger2 {
             

             FrameTransformMatrix {
              0.882744,0.035112,0.468539,0.000000,-0.013270,0.998669,-0.049838,0.000000,-0.469665,0.037776,0.882036,0.000000,2.179713,-0.283320,-0.116974,1.000000;;
             }

             Frame Bip01-L-Finger21 {
              

              FrameTransformMatrix {
               0.795542,0.000000,0.605899,0.000000,0.000000,1.000001,0.000000,0.000000,-0.605899,-0.000000,0.795542,0.000000,1.406761,0.000001,-0.000001,1.000000;;
              }

              Frame Bip01-L-Finger22 {
               

               FrameTransformMatrix {
                0.981120,-0.000000,0.193399,0.000000,-0.000000,1.000000,0.000000,0.000000,-0.193399,-0.000000,0.981120,0.000000,0.840511,0.000002,-0.000001,1.000000;;
               }

               Frame Bip01-L-Finger2Nub {
                

                FrameTransformMatrix {
                 1.000000,0.000000,0.000000,0.000000,0.000000,1.000000,0.000000,0.000000,0.000000,0.000000,1.000000,0.000000,0.664879,-0.000001,0.000000,1.000000;;
                }
               }
              }
             }
            }

            Frame Bip01-L-Finger3 {
             

             FrameTransformMatrix {
              0.896787,0.157211,0.413591,0.000000,-0.134986,0.987396,-0.082633,0.000000,-0.421369,0.018276,0.906705,0.000000,2.073348,0.186407,-0.130487,1.000000;;
             }

             Frame Bip01-L-Finger31 {
              

              FrameTransformMatrix {
               0.760569,0.000000,0.649258,0.000000,0.000001,1.000001,-0.000001,0.000000,-0.649258,0.000001,0.760569,0.000000,1.365458,0.000002,-0.000002,1.000000;;
              }

              Frame Bip01-L-Finger32 {
               

               FrameTransformMatrix {
                0.978941,-0.000000,0.204143,0.000000,0.000000,1.000000,0.000001,0.000000,-0.204143,-0.000000,0.978941,0.000000,0.768667,-0.000000,0.000002,1.000000;;
               }

               Frame Bip01-L-Finger3Nub {
                

                FrameTransformMatrix {
                 1.000000,0.000000,-0.000000,0.000000,0.000000,1.000000,0.000000,0.000000,0.000000,0.000000,1.000000,0.000000,0.649357,0.000000,0.000002,1.000000;;
                }
               }
              }
             }
            }

            Frame Bip01-L-Finger4 {
             

             FrameTransformMatrix {
              0.885085,0.251358,0.391718,0.000000,-0.224522,0.967811,-0.113722,0.000000,-0.407694,0.012705,0.913030,0.000000,1.882345,0.690607,0.070721,1.000000;;
             }

             Frame Bip01-L-Finger41 {
              

              FrameTransformMatrix {
               0.785957,-0.000000,0.618281,0.000000,0.000000,1.000000,-0.000000,0.000000,-0.618281,0.000000,0.785957,0.000000,1.108316,0.000001,-0.000002,1.000000;;
              }

              Frame Bip01-L-Finger42 {
               

               FrameTransformMatrix {
                0.944871,-0.000000,0.327444,0.000000,0.000000,1.000000,0.000001,0.000000,-0.327444,-0.000000,0.944871,0.000000,0.520344,0.000000,0.000002,1.000000;;
               }

               Frame Bip01-L-Finger4Nub {
                

                FrameTransformMatrix {
                 1.000000,-0.000000,-0.000000,0.000000,-0.000000,1.000000,-0.000000,0.000000,-0.000000,-0.000000,1.000000,0.000000,0.515343,-0.000000,0.000001,1.000000;;
                }
               }
              }
             }
            }

            Frame FxHand00 {
             

             FrameTransformMatrix {
              0.220347,-0.936490,0.272824,0.000000,-0.759401,-0.340240,-0.554568,0.000000,0.612173,-0.084986,-0.786143,0.000000,1.500003,0.499998,1.999998,1.000000;;
             }
            }

            Frame L_Sword {
             

             FrameTransformMatrix {
              0.976766,0.039081,-0.210712,0.000000,0.070766,-0.986898,0.145000,0.000000,-0.202285,-0.156543,-0.966734,0.000000,0.000001,-0.000001,0.000000,1.000000;;
             }
            }
           }

           Frame L_Elbow {
            

            FrameTransformMatrix {
             0.982504,-0.000000,0.186241,0.000000,-0.000000,1.000000,0.000000,0.000000,-0.186241,-0.000000,0.982504,0.000000,-0.000004,0.000002,-0.000003,1.000000;;
            }
           }

           Frame L_Shield {
            

            FrameTransformMatrix {
             1.000000,-0.000000,0.000000,0.000000,0.000000,1.000000,0.000000,0.000000,0.000000,-0.000000,1.000000,0.000000,2.499999,2.500006,-0.000003,1.000000;;
            }
           }

           Frame Bip01-L-ForeTwist {
            

            FrameTransformMatrix {
             1.000000,0.000000,-0.000000,0.000000,-0.000000,0.999312,0.037108,0.000000,0.000000,-0.037108,0.999311,0.000000,-0.000004,0.000002,-0.000003,1.000000;;
            }
           }
          }

          Frame L_Shoulder {
           

           FrameTransformMatrix {
            0.948343,0.307755,-0.077028,0.000000,-0.311669,0.949122,-0.045063,0.000000,0.059241,0.066743,0.996010,0.000000,0.000000,0.000004,0.000000,1.000000;;
           }
          }

          Frame L_Shoulder_Twist {
           

           FrameTransformMatrix {
            1.000000,0.000000,-0.000000,0.000000,-0.000000,1.000000,-0.000000,0.000000,-0.000000,-0.000000,1.000000,0.000000,0.000000,0.000004,-0.000000,1.000000;;
           }
          }
         }
        }

        Frame Bip01-R-Clavicle {
         

         FrameTransformMatrix {
          -0.249952,-0.966695,0.054995,0.000000,-0.944116,0.255931,0.207715,0.000000,-0.214872,-0.000003,-0.976642,0.000000,-0.753033,-0.957160,0.028463,1.000000;;
         }

         Frame Bip01-R-UpperArm {
          

          FrameTransformMatrix {
           0.798872,0.594050,0.094384,0.000000,-0.578815,0.801907,-0.148056,0.000000,-0.163640,0.063647,0.984465,0.000000,2.305939,0.000004,0.000001,1.000000;;
          }

          Frame Bip01-R-Forearm {
           

           FrameTransformMatrix {
            0.930628,0.000001,-0.365965,0.000000,-0.000001,1.000000,0.000000,0.000000,0.365965,0.000000,0.930629,0.000000,6.131230,0.000004,-0.000001,1.000000;;
           }

           Frame Bip01-R-Hand {
            

            FrameTransformMatrix {
             0.989065,0.040580,0.141786,0.000000,0.144470,-0.073387,-0.986784,0.000000,-0.029638,0.996478,-0.078447,0.000000,6.144240,-0.000004,-0.000003,1.000000;;
            }

            Frame Bip01-R-Finger0 {
             

             FrameTransformMatrix {
              0.722825,0.531683,0.441402,0.000000,-0.371541,-0.239558,0.896978,0.000000,0.582649,-0.812358,0.024384,0.000000,0.431653,0.683448,0.267914,1.000000;;
             }

             Frame Bip01-R-Finger01 {
              

              FrameTransformMatrix {
               0.985852,-0.000000,0.167616,0.000000,0.000000,1.000000,-0.000000,0.000000,-0.167616,0.000000,0.985852,0.000000,1.065220,0.000000,0.000004,1.000000;;
              }

              Frame Bip01-R-Finger02 {
               

               FrameTransformMatrix {
                0.950837,-0.000000,0.309691,0.000000,-0.000000,1.000000,0.000000,0.000000,-0.309692,-0.000000,0.950837,0.000000,0.739165,0.000002,-0.000004,1.000000;;
               }

               Frame Bip01-R-Finger0Nub {
                

                FrameTransformMatrix {
                 -1.000001,0.000000,0.000001,0.000000,0.000000,1.000000,-0.000001,0.000000,-0.000001,-0.000001,-1.000000,0.000000,0.862503,0.000002,0.000000,1.000000;;
                }
               }
              }
             }
            }

            Frame Bip01-R-Finger1 {
             

             FrameTransformMatrix {
              0.890676,-0.007232,0.454582,0.000000,-0.005920,0.999604,0.027501,0.000000,-0.454601,-0.027185,0.890280,0.000000,2.096302,0.862210,-0.077713,1.000000;;
             }

             Frame Bip01-R-Finger11 {
              

              FrameTransformMatrix {
               0.877627,0.000000,0.479343,0.000000,0.000000,1.000000,-0.000000,0.000000,-0.479343,0.000001,0.877627,0.000000,1.331190,-0.000001,-0.000002,1.000000;;
              }

              Frame Bip01-R-Finger12 {
               

               FrameTransformMatrix {
                0.932921,-0.000000,0.360082,0.000000,0.000000,1.000000,0.000000,0.000000,-0.360082,-0.000000,0.932921,0.000000,0.723097,0.000001,-0.000002,1.000000;;
               }

               Frame Bip01-R-Finger1Nub {
                

                FrameTransformMatrix {
                 -1.000000,-0.000000,0.000000,0.000000,-0.000000,1.000000,0.000000,0.000000,0.000000,-0.000000,-1.000000,0.000000,0.679668,-0.000002,0.000002,1.000000;;
                }
               }
              }
             }
            }

            Frame Bip01-R-Finger2 {
             

             FrameTransformMatrix {
              0.882744,-0.035112,0.468539,0.000000,0.013271,0.998669,0.049837,0.000000,-0.469666,-0.037775,0.882036,0.000000,2.179712,0.283319,-0.116974,1.000000;;
             }

             Frame Bip01-R-Finger21 {
              

              FrameTransformMatrix {
               0.795542,-0.000000,0.605898,0.000000,0.000000,1.000000,0.000000,0.000000,-0.605899,-0.000000,0.795542,0.000000,1.406757,0.000000,-0.000001,1.000000;;
              }

              Frame Bip01-R-Finger22 {
               

               FrameTransformMatrix {
                0.981120,0.000000,0.193399,0.000000,0.000000,1.000000,-0.000000,0.000000,-0.193399,-0.000000,0.981120,0.000000,0.840508,-0.000002,-0.000004,1.000000;;
               }

               Frame Bip01-R-Finger2Nub {
                

                FrameTransformMatrix {
                 -1.000000,0.000000,-0.000000,0.000000,0.000000,1.000000,0.000000,0.000000,0.000000,0.000000,-1.000000,0.000000,0.664879,-0.000001,-0.000002,1.000000;;
                }
               }
              }
             }
            }

            Frame Bip01-R-Finger3 {
             

             FrameTransformMatrix {
              0.896787,-0.157212,0.413591,0.000000,0.134986,0.987396,0.082634,0.000000,-0.421369,-0.018276,0.906705,0.000000,2.073344,-0.186407,-0.130486,1.000000;;
             }

             Frame Bip01-R-Finger31 {
              

              FrameTransformMatrix {
               0.760569,0.000000,0.649258,0.000000,0.000000,1.000000,-0.000000,0.000000,-0.649258,0.000000,0.760569,0.000000,1.365458,0.000000,0.000000,1.000000;;
              }

              Frame Bip01-R-Finger32 {
               

               FrameTransformMatrix {
                0.978941,0.000000,0.204142,0.000000,-0.000000,1.000000,-0.000000,0.000000,-0.204142,0.000000,0.978941,0.000000,0.768667,-0.000000,0.000000,1.000000;;
               }

               Frame Bip01-R-Finger3Nub {
                

                FrameTransformMatrix {
                 -1.000000,0.000000,0.000000,0.000000,0.000000,1.000000,-0.000000,0.000000,-0.000000,-0.000000,-1.000000,0.000000,0.649359,-0.000001,0.000003,1.000000;;
                }
               }
              }
             }
            }

            Frame Bip01-R-Finger4 {
             

             FrameTransformMatrix {
              0.885085,-0.251359,0.391717,0.000000,0.224522,0.967810,0.113722,0.000000,-0.407694,-0.012705,0.913030,0.000000,1.882342,-0.690607,0.070721,1.000000;;
             }

             Frame Bip01-R-Finger41 {
              

              FrameTransformMatrix {
               0.785957,0.000000,0.618281,0.000000,-0.000000,1.000000,-0.000000,0.000000,-0.618281,0.000000,0.785957,0.000000,1.108318,0.000000,-0.000002,1.000000;;
              }

              Frame Bip01-R-Finger42 {
               

               FrameTransformMatrix {
                0.944871,0.000000,0.327444,0.000000,0.000000,1.000000,0.000000,0.000000,-0.327444,0.000000,0.944871,0.000000,0.520340,0.000000,-0.000001,1.000000;;
               }

               Frame Bip01-R-Finger4Nub {
                

                FrameTransformMatrix {
                 -1.000000,0.000000,0.000000,0.000000,0.000000,1.000000,0.000000,0.000000,-0.000000,0.000000,-1.000000,0.000000,0.515337,-0.000000,0.000001,1.000000;;
                }
               }
              }
             }
            }

            Frame FxHand01 {
             

             FrameTransformMatrix {
              0.220350,0.936490,0.272822,0.000000,-0.759401,0.340241,-0.554568,0.000000,-0.612173,-0.084982,0.786144,0.000000,1.499998,-0.499998,2.000000,1.000000;;
             }
            }

            Frame R_Sword {
             

             FrameTransformMatrix {
              0.976766,-0.039081,-0.210713,0.000000,0.070766,0.986898,0.145000,0.000000,0.202285,-0.156542,0.966734,0.000000,0.000000,0.000000,0.000000,1.000000;;
             }
            }
           }

           Frame R_Elbow {
            

            FrameTransformMatrix {
             0.982505,-0.000000,0.186241,0.000000,0.000000,1.000000,0.000000,0.000000,-0.186241,-0.000000,0.982504,0.000000,0.000000,0.000000,0.000001,1.000000;;
            }
           }

           Frame Bip01-R-ForeTwist {
            

            FrameTransformMatrix {
             1.000000,-0.000000,-0.000001,0.000000,0.000000,0.999311,-0.037108,0.000000,0.000000,0.037108,0.999311,0.000000,0.000000,0.000000,0.000000,1.000000;;
            }
           }
          }

          Frame R_Shoulder {
           

           FrameTransformMatrix {
            0.948342,-0.307756,-0.077029,0.000000,0.311669,0.949121,0.045063,0.000000,0.059241,-0.066743,0.996010,0.000000,0.000000,0.000002,0.000000,1.000000;;
           }
          }

          Frame R_Shoulder_Twist {
           

           FrameTransformMatrix {
            1.000000,0.000000,-0.000000,0.000000,-0.000000,1.000000,0.000000,0.000000,-0.000000,0.000000,1.000000,0.000000,0.000000,0.000000,0.000000,1.000000;;
           }
          }
         }
        }
       }

       Frame R_Breast {
        

        FrameTransformMatrix {
         0.063560,0.329543,-0.941998,0.000000,-0.003088,0.943968,0.330023,0.000000,0.997973,-0.018067,0.061016,0.000000,1.272751,-1.451999,1.209910,1.000000;;
        }
       }

       Frame L_Breast {
        

        FrameTransformMatrix {
         -0.063560,0.329545,0.941998,0.000000,0.003087,0.943967,-0.330025,0.000000,-0.997973,-0.018068,-0.061016,0.000000,1.272759,1.451767,1.209907,1.000000;;
        }
       }

       Frame L_spine3 {
        

        FrameTransformMatrix {
         0.980445,0.043405,-0.191946,0.000000,0.044221,-0.999022,-0.000033,0.000000,-0.191760,-0.008456,-0.981405,0.000000,2.104034,3.093147,-0.411916,1.000000;;
        }
       }

       Frame R_spine3 {
        

        FrameTransformMatrix {
         0.980446,-0.043405,-0.191942,0.000000,-0.044220,-0.999022,0.000038,0.000000,-0.191756,0.008451,-0.981406,0.000000,2.104046,-3.093147,-0.411907,1.000000;;
        }
       }

       Frame Acc_LA_Neck {
        

        FrameTransformMatrix {
         0.919453,-0.000000,-0.393199,0.000000,-0.000000,1.000000,-0.000001,0.000000,0.393199,0.000001,0.919453,0.000000,5.885692,0.000002,-1.489705,1.000000;;
        }
       }
      }

      Frame FxCenter {
       

       FrameTransformMatrix {
        -0.023870,0.000003,0.999715,0.000000,0.999715,-0.000000,0.023870,0.000000,0.000000,1.000000,-0.000003,0.000000,1.000006,-0.000002,0.000000,1.000000;;
       }
      }

      Frame Weapon_Back {
       

       FrameTransformMatrix {
        -0.999295,-0.000000,-0.037550,0.000000,0.000000,-1.000000,-0.000002,0.000000,-0.037550,-0.000002,0.999295,0.000000,4.711462,-0.000010,-2.809572,1.000000;;
       }
      }
     }
    }

    Frame Bip01-L-Thigh {
     

     FrameTransformMatrix {
      -0.997343,0.010238,0.072129,0.000000,-0.003068,-0.995100,0.098825,0.000000,0.072788,0.098341,0.992488,0.000000,-2.355776,2.566189,0.104822,1.000000;;
     }

     Frame Bip01-L-Calf {
      

      FrameTransformMatrix {
       0.989800,0.000000,-0.142458,0.000000,0.000000,1.000000,0.000002,0.000000,0.142458,-0.000002,0.989801,0.000000,10.047704,-0.000001,0.000001,1.000000;;
      }

      Frame Bip01-L-Foot {
       

       FrameTransformMatrix {
        0.993368,0.006533,0.114794,0.000000,-0.007677,0.999925,0.009526,0.000000,-0.114723,-0.010344,0.993344,0.000000,10.474949,0.000000,0.000001,1.000000;;
       }

       Frame Bip01-L-Toe0 {
        

        FrameTransformMatrix {
         0.005122,-0.000012,0.999987,0.000000,0.000000,1.000000,0.000012,0.000000,-0.999987,-0.000000,0.005122,0.000000,3.213933,-0.000023,1.930074,1.000000;;
        }

        Frame Bip01-L-Toe0Nub {
         

         FrameTransformMatrix {
          -1.000000,-0.000000,0.000000,0.000000,-0.000000,1.000000,0.000000,0.000000,-0.000000,0.000000,-1.000000,0.000000,1.879583,0.000000,0.000000,1.000000;;
         }
        }
       }
      }

      Frame L_Knee {
       

       FrameTransformMatrix {
        0.997447,-0.000000,0.071411,0.000000,-0.000000,1.000001,0.000001,0.000000,-0.071411,-0.000001,0.997447,0.000000,0.000002,0.000000,0.000000,1.000000;;
       }
      }

      Frame Bip01-LCalfTwist {
       

       FrameTransformMatrix {
        1.000000,-0.000000,-0.000000,0.000000,-0.000000,0.999989,0.004769,0.000000,0.000000,-0.004769,0.999989,0.000000,0.000002,0.000000,0.000000,1.000000;;
       }
      }
     }

     Frame L_Thigh {
      

      FrameTransformMatrix {
       1.000000,0.000000,0.000000,0.000000,-0.000000,1.000000,0.000000,0.000000,-0.000000,-0.000000,1.000000,0.000000,0.000000,0.000000,-0.000000,1.000000;;
      }
     }
    }

    Frame Bip01-R-Thigh {
     

     FrameTransformMatrix {
      -0.997343,-0.010238,0.072129,0.000000,0.003068,-0.995101,-0.098819,0.000000,0.072788,-0.098335,0.992488,0.000000,-2.355778,-2.566190,0.104832,1.000000;;
     }

     Frame Bip01-R-Calf {
      

      FrameTransformMatrix {
       0.989801,-0.000001,-0.142458,0.000000,0.000000,1.000000,-0.000003,0.000000,0.142458,0.000003,0.989801,0.000000,10.047704,-0.000000,-0.000001,1.000000;;
      }

      Frame Bip01-R-Foot {
       

       FrameTransformMatrix {
        0.993368,-0.006533,0.114794,0.000000,0.007676,0.999925,-0.009520,0.000000,-0.114724,0.010338,0.993344,0.000000,10.474940,-0.000001,0.000001,1.000000;;
       }

       Frame Bip01-R-Toe0 {
        

        FrameTransformMatrix {
         0.005122,0.000019,0.999987,0.000000,-0.000000,1.000000,-0.000019,0.000000,-0.999987,-0.000000,0.005122,0.000000,3.213933,0.000037,1.930074,1.000000;;
        }

        Frame Bip01-R-Toe0Nub {
         

         FrameTransformMatrix {
          1.000000,0.000000,-0.000000,0.000000,-0.000000,1.000000,0.000000,0.000000,0.000000,-0.000000,1.000000,0.000000,1.879583,-0.000000,0.000000,1.000000;;
         }
        }
       }
      }

      Frame R_Knee {
       

       FrameTransformMatrix {
        0.997447,0.000000,0.071411,0.000000,0.000000,1.000000,-0.000001,0.000000,-0.071412,0.000001,0.997447,0.000000,0.000000,-0.000000,0.000000,1.000000;;
       }
      }

      Frame Bip01-RCalfTwist {
       

       FrameTransformMatrix {
        1.000000,-0.000000,0.000000,0.000000,0.000000,0.999989,-0.004770,0.000000,-0.000000,0.004770,0.999989,0.000000,-0.000001,-0.000000,-0.000000,1.000000;;
       }
      }
     }

     Frame R_Thigh {
      

      FrameTransformMatrix {
       1.000000,-0.000000,-0.000000,0.000000,0.000000,1.000000,-0.000003,0.000000,0.000000,0.000003,1.000000,0.000000,0.000000,0.000000,-0.000000,1.000000;;
      }
     }
    }

    Frame Skirt_Dummy {
     

     FrameTransformMatrix {
      -1.000000,0.000002,0.000797,0.000000,-0.000002,-1.000000,-0.000002,0.000000,0.000797,-0.000002,1.000000,0.000000,-0.033834,-0.000001,-0.263520,1.000000;;
     }
    }
   }
  }
 }
}

Frame Human_F_L17_Body_Skel {
 

 FrameTransformMatrix {
  1.000000,0.000000,0.000000,0.000000,0.000000,1.000000,0.000000,0.000000,0.000000,0.000000,1.000000,0.000000,0.000000,0.000000,0.000000,1.000000;;
 }

 Mesh Human_F_L17_Body_Skel {
  5033;
  2.999165;32.516138;1.122796;,
  2.431430;33.112266;1.553105;,
  3.009630;32.878566;1.232287;,
  -2.232492;36.689213;-1.586191;,
  -2.737780;36.500365;-1.304618;,
  -2.357508;36.912912;-1.566002;,
  -2.498353;36.365478;-1.406676;,
  -1.942367;36.872771;-1.813692;,
  -2.045558;37.128707;-1.831851;,
  -2.324789;37.216896;-1.532243;,
  -2.950830;36.508022;-1.132336;,
  -2.930866;36.053821;-1.251995;,
  -2.652221;36.008426;-1.378400;,
  -2.718340;35.644419;-1.585562;,
  -1.876638;36.667322;-1.602079;,
  -2.085627;36.543555;-1.430890;,
  -1.678378;36.963027;-2.018902;,
  -1.720340;37.172995;-2.028421;,
  -1.836438;37.395050;-1.766707;,
  -2.295028;37.226573;-1.418969;,
  -2.426357;37.357149;-1.412484;,
  -1.591326;36.770608;-1.728450;,
  -1.450262;36.919709;-2.107778;,
  -1.533390;36.750749;-1.854832;,
  -1.287411;36.666749;-1.938338;,
  -1.123382;36.852944;-1.986150;,
  -1.011796;36.555360;-1.946290;,
  -1.480025;37.121754;-2.108715;,
  -2.124159;37.589866;-1.374557;,
  -1.806977;37.381619;-1.360797;,
  -1.536331;37.457370;-1.898409;,
  -1.129675;36.999424;-1.989595;,
  -0.683744;36.755677;-1.912454;,
  -0.999148;36.648528;-1.739030;,
  -2.505434;37.471168;-0.960896;,
  -1.150216;37.216874;-1.745168;,
  -0.639022;36.776893;-1.585851;,
  -0.965007;36.718323;-1.369432;,
  -0.621556;36.799446;-1.429919;,
  -1.117673;37.210150;-1.458882;,
  -1.532656;37.425622;-1.474293;,
  -1.542885;37.243462;-1.389007;,
  -1.710995;37.164317;-1.355313;,
  -1.140010;37.104778;-1.392611;,
  -1.140016;37.104787;1.392572;,
  -1.117674;37.210157;1.458865;,
  -0.621565;36.799456;1.429888;,
  -1.542872;37.243478;1.389000;,
  -1.532653;37.425654;1.474253;,
  -0.683750;36.755683;1.912420;,
  -0.999160;36.648515;1.738999;,
  -0.639018;36.776886;1.585831;,
  -0.965010;36.718323;1.369433;,
  -1.150219;37.216874;1.745156;,
  -1.536335;37.457360;1.898384;,
  -1.806967;37.381616;1.360771;,
  -1.710998;37.164323;1.355272;,
  -1.129681;36.999427;1.989572;,
  -2.295021;37.226573;1.418949;,
  -2.124148;37.589885;1.374536;,
  -2.426362;37.357155;1.412473;,
  -1.836440;37.395059;1.766707;,
  -1.480015;37.121738;2.108689;,
  -1.123367;36.852934;1.986130;,
  -1.011797;36.555360;1.946285;,
  -2.324796;37.216896;1.532202;,
  -1.699404;37.173008;2.028404;,
  -1.450276;36.974128;2.107749;,
  -1.287414;36.666749;1.938329;,
  -2.045580;37.128717;1.831817;,
  -2.357495;36.912902;1.566003;,
  -1.678366;37.017450;2.018857;,
  -1.591327;36.770614;1.728424;,
  -1.533381;36.750749;1.854807;,
  -1.876644;36.667312;1.602054;,
  -1.942361;36.905846;1.813665;,
  -2.484892;35.918230;1.354860;,
  -2.718330;35.644416;1.585557;,
  -2.534633;35.644336;1.510775;,
  -2.652222;36.008426;1.378378;,
  -2.349565;36.299933;1.275424;,
  -2.498344;36.365478;1.406645;,
  -2.085615;36.543549;1.430857;,
  -2.232508;36.689216;1.586163;,
  -2.737789;36.500381;1.304586;,
  -2.950817;36.508022;1.132301;,
  -2.930871;36.053818;1.252008;,
  -3.089096;36.208614;1.136928;,
  -3.494026;36.553635;1.191623;,
  -3.459577;36.370477;0.806095;,
  -3.056493;36.726893;1.048623;,
  -3.215037;36.964797;0.893585;,
  -3.462809;36.240678;1.167860;,
  -3.725742;36.114387;0.854137;,
  -3.586125;36.414275;0.628289;,
  -3.586296;37.265984;-0.000031;,
  -2.910302;37.591354;0.687683;,
  -3.645175;37.588291;0.000003;,
  -3.521334;37.902570;-0.000003;,
  -3.212091;37.903738;0.358050;,
  -3.591986;38.345814;0.000001;,
  -3.267413;38.304634;-0.000021;,
  -2.985426;37.862541;0.353923;,
  -2.729973;37.552400;0.675357;,
  -2.667186;37.514579;0.998830;,
  -2.799517;37.470947;1.170351;,
  -2.505425;37.471178;0.960902;,
  -3.143370;34.933837;-0.796897;,
  -2.787055;34.324550;-1.137114;,
  -3.124224;34.556813;-0.777124;,
  -3.086347;34.231882;-0.516223;,
  -2.760920;34.043565;-0.839943;,
  -2.685464;33.655219;-0.832993;,
  -3.183119;35.855123;-1.274031;,
  -2.824894;35.526131;-1.339547;,
  -3.202854;35.380950;-0.978557;,
  -2.828648;35.009021;-1.459467;,
  -2.857992;34.723034;-1.127703;,
  -2.592213;34.723014;-1.127715;,
  -2.521277;34.324554;-1.137123;,
  -2.495153;34.043568;-0.839934;,
  -2.562869;35.009002;-1.459479;,
  -2.419687;33.655222;-0.833002;,
  -2.636950;33.386432;-0.645615;,
  -2.371182;33.386413;-0.645609;,
  -2.584902;33.109389;-0.409348;,
  -2.319129;33.109386;-0.409349;,
  -2.524120;32.768576;0.000001;,
  -2.258347;32.768570;-0.000001;,
  -2.862190;33.132797;0.000003;,
  -2.908113;33.355312;-0.129156;,
  -2.976058;33.645344;-0.337508;,
  -3.011523;33.835408;-0.480035;,
  -3.378199;34.234378;-0.408549;,
  -3.313262;33.389760;0.000000;,
  -3.395031;33.667907;-0.000024;,
  -3.524922;34.237395;-0.351368;,
  -3.597796;34.552883;-0.645015;,
  -3.764065;34.557613;-0.383276;,
  -3.629861;34.936877;-0.726967;,
  -3.932158;34.949059;-0.532479;,
  -3.319346;35.587968;-0.980007;,
  -3.358028;35.999898;-1.011319;,
  -3.089080;36.208618;-1.136962;,
  -3.462816;36.240669;-1.167893;,
  -3.825682;35.343491;-0.801852;,
  -3.748378;35.467437;-0.587485;,
  -3.683409;35.503136;-0.719850;,
  -3.725738;36.114394;-0.854157;,
  -3.538627;36.015968;-1.020632;,
  -3.586296;37.265984;-0.000031;,
  -3.586111;36.414269;-0.628318;,
  -3.738956;37.055830;0.000002;,
  -4.032635;36.431270;0.004152;,
  -3.982434;36.123862;-0.000007;,
  -4.208256;35.499290;-0.000018;,
  -4.023628;34.945267;-0.000007;,
  -3.790382;34.400186;0.000006;,
  -3.143379;34.933846;0.796861;,
  -2.828660;35.009030;1.459461;,
  -3.202851;35.380950;0.978555;,
  -2.824902;35.526109;1.339546;,
  -3.183112;35.855130;1.274029;,
  -2.787063;34.324554;1.137111;,
  -2.858002;34.723014;1.127709;,
  -2.562887;35.009021;1.459459;,
  -2.583330;35.546998;1.334705;,
  -2.592229;34.723008;1.127707;,
  -2.521279;34.324550;1.137091;,
  -2.760936;34.043568;0.839914;,
  -2.495162;34.043565;0.839913;,
  -2.371179;33.386413;0.645582;,
  -2.584901;33.109389;0.409356;,
  -2.319125;33.109398;0.409321;,
  -2.636941;33.386426;0.645565;,
  -2.419679;33.655213;0.832966;,
  -2.685458;33.655229;0.832978;,
  -3.086347;34.231866;0.516211;,
  -3.124230;34.556813;0.777140;,
  -2.524120;32.768576;0.000001;,
  -2.258347;32.768570;-0.000001;,
  -2.862190;33.132797;0.000003;,
  -2.908120;33.355302;0.129124;,
  -2.976061;33.645341;0.337480;,
  -3.011509;33.835424;0.480020;,
  -3.378202;34.234374;0.408563;,
  -3.313262;33.389760;0.000000;,
  -3.395031;33.667907;-0.000024;,
  -3.524908;34.237402;0.351320;,
  -3.790382;34.400186;0.000006;,
  -3.764080;34.557622;0.383248;,
  -3.932155;34.949082;0.532470;,
  -3.629856;34.936874;0.726933;,
  -3.825673;35.343507;0.801832;,
  -3.597795;34.552880;0.644988;,
  -4.023628;34.945267;-0.000007;,
  -3.748372;35.467437;0.587445;,
  -4.208256;35.499290;-0.000018;,
  -3.982434;36.123862;-0.000007;,
  -3.319350;35.587952;0.979962;,
  -3.683403;35.503130;0.719821;,
  -4.032635;36.431270;0.004152;,
  -3.738956;37.055830;0.000002;,
  -3.538634;36.015974;1.020611;,
  -3.358003;35.999907;1.011289;,
  -2.799512;37.470947;-1.170387;,
  -2.667175;37.514573;-0.998868;,
  -2.729989;37.552400;-0.675392;,
  -3.212090;37.903709;-0.358104;,
  -3.521334;37.902570;-0.000003;,
  -3.591986;38.345814;0.000001;,
  -3.267413;38.304634;-0.000021;,
  -2.985413;37.862550;-0.353920;,
  -2.910296;37.591347;-0.687752;,
  -3.215030;36.964784;-0.893600;,
  -3.494026;36.553632;-1.191642;,
  -3.459579;36.370483;-0.806110;,
  -3.645175;37.588291;0.000003;,
  -3.056509;36.726906;-1.048650;,
  -2.583346;35.546998;-1.334706;,
  -2.534646;35.644346;-1.510781;,
  -2.484878;35.918221;-1.354900;,
  -2.349574;36.299949;-1.275421;,
  0.154448;10.171796;-2.758092;,
  -0.174073;8.777559;-3.369084;,
  -0.157319;10.180538;-3.492566;,
  0.118912;8.781670;-2.722937;,
  -0.001714;10.219672;-2.299092;,
  -0.053951;8.799988;-2.253935;,
  -0.548926;10.259065;-1.856252;,
  -0.512020;8.841384;-1.909266;,
  -1.428124;10.332002;-1.541927;,
  -1.286040;8.883305;-1.664135;,
  -0.782889;8.780110;-3.721897;,
  -1.167122;7.607533;-3.535549;,
  -1.377329;8.753291;-3.750309;,
  -0.695718;7.568966;-3.497475;,
  -0.202768;7.605540;-3.242325;,
  0.032886;7.649291;-2.744734;,
  -0.130223;7.768482;-2.284086;,
  -0.532453;7.822170;-1.998861;,
  -1.098113;7.848496;-1.806213;,
  -2.315878;10.449430;-2.771332;,
  -1.873763;8.819198;-1.928129;,
  -2.166755;10.434764;-1.982247;,
  -2.155299;8.817158;-2.693838;,
  -1.940810;10.405806;-3.671118;,
  -1.858114;8.754892;-3.459869;,
  -1.404072;10.326462;-3.933958;,
  -0.836185;10.221602;-3.862636;,
  -1.286040;8.883305;-1.664135;,
  -1.428124;10.332002;-1.541927;,
  -1.098113;7.848496;-1.806213;,
  -1.731668;7.886594;-1.979689;,
  -1.937437;7.832390;-2.691818;,
  -1.682466;7.735434;-3.291622;,
  -0.174074;8.777558;3.369084;,
  0.154447;10.171795;2.758092;,
  -0.157320;10.180538;3.492566;,
  0.118911;8.781669;2.722937;,
  -0.001715;10.219671;2.299092;,
  -0.053951;8.799987;2.253935;,
  -0.548926;10.259064;1.856252;,
  -0.512020;8.841383;1.909266;,
  -1.428124;10.332001;1.541927;,
  -1.286040;8.883302;1.664135;,
  -0.532453;7.822167;1.998861;,
  -1.098113;7.848494;1.806214;,
  -0.130223;7.768480;2.284086;,
  0.032886;7.649290;2.744734;,
  -0.202768;7.605539;3.242325;,
  -0.695719;7.568965;3.497475;,
  -0.782890;8.780110;3.721897;,
  -1.873763;8.819198;1.928129;,
  -2.315878;10.449428;2.771333;,
  -2.166755;10.434763;1.982247;,
  -2.155299;8.817158;2.693838;,
  -1.940810;10.405805;3.671119;,
  -1.858114;8.754890;3.459869;,
  -1.404072;10.326461;3.933958;,
  -1.377329;8.753290;3.750309;,
  -0.836186;10.221601;3.862636;,
  -1.167123;7.607531;3.535549;,
  -1.682466;7.735433;3.291622;,
  -1.937437;7.832389;2.691818;,
  -1.731668;7.886594;1.979689;,
  -1.098113;7.848494;1.806214;,
  -1.286040;8.883302;1.664135;,
  -1.428124;10.332001;1.541927;,
  -1.058594;29.626198;8.555603;,
  -0.327934;29.244000;9.204982;,
  -0.470612;29.897155;8.798000;,
  -0.853618;29.016547;9.019447;,
  -1.538770;29.139421;7.971172;,
  -1.279268;28.597683;8.441937;,
  -1.172388;28.916781;7.512470;,
  -0.988000;28.355312;8.086128;,
  -0.254692;28.834179;7.257160;,
  -0.988000;28.355312;8.086128;,
  -1.172388;28.916781;7.512470;,
  -0.116154;28.254381;7.852757;,
  0.301134;29.359078;7.744557;,
  0.521885;28.787530;8.375454;,
  0.370710;29.667296;8.215328;,
  0.481482;29.045338;8.791493;,
  -0.007060;29.921738;8.705959;,
  0.125839;29.225843;9.156139;,
  -1.556485;30.878925;7.266834;,
  -1.830434;30.098179;7.103607;,
  -1.499973;30.479248;7.557758;,
  -1.907092;30.409718;6.779480;,
  -1.253707;30.263142;6.353282;,
  -1.311808;29.925667;6.674274;,
  -1.538770;29.139421;7.971172;,
  -1.261856;29.456080;6.872685;,
  -1.172388;28.916781;7.512470;,
  -1.776490;29.774227;7.366806;,
  -1.442964;30.154237;7.846020;,
  -0.776033;30.513856;8.211231;,
  -0.825557;30.828995;7.852295;,
  -0.147266;30.561027;8.185669;,
  -0.219145;30.873642;7.765194;,
  -1.058594;29.626198;8.555603;,
  -0.470612;29.897155;8.798000;,
  -0.007060;29.921738;8.705959;,
  0.370710;29.667296;8.215328;,
  0.174196;30.216192;7.685925;,
  0.301134;29.359078;7.744557;,
  0.093154;29.859613;7.255787;,
  0.033243;30.614678;7.330677;,
  -0.042271;30.339248;6.863644;,
  -0.400358;29.451818;6.729221;,
  -0.478756;29.989894;6.414677;,
  -1.261856;29.456080;6.872685;,
  -1.311808;29.925667;6.674274;,
  -0.515903;30.269904;6.194282;,
  -1.253707;30.263142;6.353282;,
  -0.254692;28.834179;7.257160;,
  -1.172388;28.916781;7.512470;,
  -0.078261;30.546506;6.665814;,
  -0.026965;30.844634;7.059688;,
  -0.258532;31.172765;7.383560;,
  -0.874232;31.158870;7.449406;,
  -1.447011;31.583498;5.242528;,
  -1.962853;30.810762;6.414643;,
  -2.067602;31.905850;5.668246;,
  -1.263401;30.692416;5.960184;,
  -0.564995;31.515328;5.218221;,
