xof 0303txt 0032
template ColorRGBA {
 <35ff44e0-6c7c-11cf-8f52-0040333594a3>
 FLOAT red;
 FLOAT green;
 FLOAT blue;
 FLOAT alpha;
}

template ColorRGB {
 <d3e16e81-7835-11cf-8f52-0040333594a3>
 FLOAT red;
 FLOAT green;
 FLOAT blue;
}

template Material {
 <3d82ab4d-62da-11cf-ab39-0020af71e433>
 ColorRGBA faceColor;
 FLOAT power;
 ColorRGB specularColor;
 ColorRGB emissiveColor;
 [...]
}

template TextureFilename {
 <a42790e1-7810-11cf-8f52-0040333594a3>
 STRING filename;
}

template Frame {
 <3d82ab46-62da-11cf-ab39-0020af71e433>
 [...]
}

template Matrix4x4 {
 <f6f23f45-7686-11cf-8f52-0040333594a3>
 array FLOAT matrix[16];
}

template FrameTransformMatrix {
 <f6f23f41-7686-11cf-8f52-0040333594a3>
 Matrix4x4 frameMatrix;
}

template Vector {
 <3d82ab5e-62da-11cf-ab39-0020af71e433>
 FLOAT x;
 FLOAT y;
 FLOAT z;
}

template MeshFace {
 <3d82ab5f-62da-11cf-ab39-0020af71e433>
 DWORD nFaceVertexIndices;
 array DWORD faceVertexIndices[nFaceVertexIndices];
}

template Mesh {
 <3d82ab44-62da-11cf-ab39-0020af71e433>
 DWORD nVertices;
 array Vector vertices[nVertices];
 DWORD nFaces;
 array MeshFace faces[nFaces];
 [...]
}

template MeshNormals {
 <f6f23f43-7686-11cf-8f52-0040333594a3>
 DWORD nNormals;
 array Vector normals[nNormals];
 DWORD nFaceNormals;
 array MeshFace faceNormals[nFaceNormals];
}

template MeshMaterialList {
 <f6f23f42-7686-11cf-8f52-0040333594a3>
 DWORD nMaterials;
 DWORD nFaceIndexes;
 array DWORD faceIndexes[nFaceIndexes];
 [Material <3d82ab4d-62da-11cf-ab39-0020af71e433>]
}

template Coords2d {
 <f6f23f44-7686-11cf-8f52-0040333594a3>
 FLOAT u;
 FLOAT v;
}

template MeshTextureCoords {
 <f6f23f40-7686-11cf-8f52-0040333594a3>
 DWORD nTextureCoords;
 array Coords2d textureCoords[nTextureCoords];
}

template XSkinMeshHeader {
 <3cf169ce-ff7c-44ab-93c0-f78f62d172e2>
 WORD nMaxSkinWeightsPerVertex;
 WORD nMaxSkinWeightsPerFace;
 WORD nBones;
}

template SkinWeights {
 <6f0d123b-bad2-4167-a0d0-80224f25fabb>
 STRING transformNodeName;
 DWORD nWeights;
 array DWORD vertexIndices[nWeights];
 array FLOAT weights[nWeights];
 Matrix4x4 matrixOffset;
}


Material Material__35 {
 1.000000;1.000000;1.000000;1.000000;;
 10.000000;
 0.000000;0.000000;0.000000;;
 0.000000;0.000000;0.000000;;

 TextureFilename {
  "Human_F_L18_Body_diff.dds";
 }
}

Frame Dummy_root {
 

 FrameTransformMatrix {
  1.000000,0.000000,0.000000,0.000000,0.000000,1.000000,0.000000,0.000000,0.000000,0.000000,1.000000,0.000000,0.000000,23.000000,0.000000,1.000000;;
 }

 Frame FxBottom {
  

  FrameTransformMatrix {
   1.000000,0.000000,0.000000,0.000000,0.000000,1.000000,0.000000,0.000000,-0.000000,0.000000,1.000000,0.000000,0.000000,-23.000000,-0.000000,1.000000;;
  }
 }

 Frame Bip01 {
  

  FrameTransformMatrix {
   1.000000,0.000000,0.000001,0.000000,0.000000,1.000000,0.000000,0.000000,-0.000001,0.000000,1.000000,0.000000,-0.194762,0.659397,0.000000,1.000000;;
  }

  Frame Bip01-Pelvis {
   

   FrameTransformMatrix {
    0.000001,1.000000,-0.000001,0.000000,-0.000001,0.000001,1.000000,0.000000,1.000000,-0.000001,0.000001,0.000000,0.000000,0.000000,0.000000,1.000000;;
   }

   Frame Bip01-Spine {
    

    FrameTransformMatrix {
     0.999030,0.000001,0.044033,0.000000,-0.000001,1.000000,0.000003,0.000000,-0.044033,-0.000003,0.999030,0.000000,2.358109,0.000003,-0.000993,1.000000;;
    }

    Frame Bip01-Spine1 {
     

     FrameTransformMatrix {
      0.998814,-0.000000,0.048692,0.000000,-0.000000,1.000000,0.000001,0.000000,-0.048692,-0.000002,0.998814,0.000000,0.209326,0.000000,-0.002766,1.000000;;
     }

     Frame Bip01-Spine2 {
      

      FrameTransformMatrix {
       0.993206,-0.000000,-0.116368,0.000000,0.000000,1.000000,0.000001,0.000000,0.116369,-0.000000,0.993206,0.000000,3.478323,0.000000,-0.001152,1.000000;;
      }

      Frame Bip01-Spine3 {
       

       FrameTransformMatrix {
        0.996891,-0.000001,-0.078797,0.000000,0.000000,1.000000,-0.000001,0.000000,0.078797,0.000001,0.996891,0.000000,1.456833,-0.000000,-0.004310,1.000000;;
       }

       Frame Bip01-Neck {
        

        FrameTransformMatrix {
         0.976813,0.000001,0.214094,0.000000,-0.000001,1.000000,-0.000000,0.000000,-0.214094,0.000000,0.976813,0.000000,5.539902,0.000000,-0.690871,1.000000;;
        }

        Frame Bip01-Head {
         

         FrameTransformMatrix {
          0.999958,-0.000000,-0.009206,0.000000,0.000000,1.000000,-0.000000,0.000000,0.009206,0.000000,0.999958,0.000000,2.474255,-0.000000,0.000000,1.000000;;
         }

         Frame Bip01-HeadNub {
          

          FrameTransformMatrix {
           1.000000,-0.000000,0.000000,0.000000,0.000000,1.000000,0.000001,0.000000,-0.000000,-0.000001,1.000000,0.000000,4.628929,-0.000000,-0.000001,1.000000;;
          }
         }

         Frame FxTop {
          

          FrameTransformMatrix {
           0.103621,0.000001,0.994617,0.000000,0.994617,-0.000000,-0.103621,0.000000,0.000000,1.000000,-0.000001,0.000000,4.500027,-0.000004,-0.000001,1.000000;;
          }
         }
        }

        Frame Bip01-L-Clavicle {
         

         FrameTransformMatrix {
          -0.249952,0.966696,0.054990,0.000000,0.944116,0.255930,-0.207716,0.000000,-0.214871,-0.000003,-0.976642,0.000000,-0.753033,0.957158,0.028457,1.000000;;
         }

         Frame Bip01-L-UpperArm {
          

          FrameTransformMatrix {
           0.798871,-0.594050,0.094383,0.000000,0.578814,0.801906,0.148056,0.000000,-0.163639,-0.063647,0.984465,0.000000,2.305935,-0.000004,-0.000000,1.000000;;
          }

          Frame Bip01-L-Forearm {
           

           FrameTransformMatrix {
            0.930629,-0.000000,-0.365965,0.000000,0.000001,1.000000,0.000000,0.000000,0.365965,-0.000000,0.930629,0.000000,6.131237,0.000002,0.000001,1.000000;;
           }

           Frame Bip01-L-Hand {
            

            FrameTransformMatrix {
             0.989065,-0.040579,0.141786,0.000000,-0.144470,-0.073386,0.986784,0.000000,-0.029638,-0.996478,-0.078446,0.000000,6.144245,0.000004,-0.000004,1.000000;;
            }

            Frame Bip01-L-Finger0 {
             

             FrameTransformMatrix {
              0.722826,-0.531684,0.441403,0.000000,0.371542,-0.239557,-0.896978,0.000000,0.582649,0.812358,0.024385,0.000000,0.431650,-0.683448,0.267921,1.000000;;
             }

             Frame Bip01-L-Finger01 {
              

              FrameTransformMatrix {
               0.985852,0.000000,0.167616,0.000000,-0.000000,1.000000,0.000000,0.000000,-0.167616,-0.000000,0.985852,0.000000,1.065217,0.000004,0.000000,1.000000;;
              }

              Frame Bip01-L-Finger02 {
               

               FrameTransformMatrix {
                0.950837,-0.000000,0.309691,0.000000,0.000000,1.000000,-0.000000,0.000000,-0.309691,0.000000,0.950837,0.000000,0.739172,-0.000002,0.000000,1.000000;;
               }

               Frame Bip01-L-Finger0Nub {
                

                FrameTransformMatrix {
                 1.000000,0.000000,-0.000000,0.000000,-0.000000,1.000000,0.000000,0.000000,0.000000,-0.000000,1.000000,0.000000,0.862501,-0.000002,-0.000001,1.000000;;
                }
               }
              }
             }
            }

            Frame Bip01-L-Finger1 {
             

             FrameTransformMatrix {
              0.890676,0.007232,0.454582,0.000000,0.005919,0.999604,-0.027500,0.000000,-0.454601,0.027185,0.890280,0.000000,2.096300,-0.862209,-0.077711,1.000000;;
             }

             Frame Bip01-L-Finger11 {
              

              FrameTransformMatrix {
               0.877627,-0.000000,0.479344,0.000000,0.000000,1.000000,-0.000000,0.000000,-0.479344,0.000001,0.877627,0.000000,1.331194,0.000001,0.000001,1.000000;;
              }

              Frame Bip01-L-Finger12 {
               

               FrameTransformMatrix {
                0.932921,-0.000000,0.360082,0.000000,-0.000000,1.000000,0.000001,0.000000,-0.360082,-0.000001,0.932921,0.000000,0.723101,-0.000002,0.000000,1.000000;;
               }

               Frame Bip01-L-Finger1Nub {
                

                FrameTransformMatrix {
                 1.000000,0.000000,-0.000000,0.000000,0.000000,1.000000,-0.000001,0.000000,0.000000,0.000001,1.000000,0.000000,0.679663,0.000001,0.000002,1.000000;;
                }
               }
              }
             }
            }

            Frame Bip01-L-Finger2 {
             

             FrameTransformMatrix {
              0.882744,0.035112,0.468540,0.000000,-0.013271,0.998669,-0.049837,0.000000,-0.469666,0.037776,0.882036,0.000000,2.179710,-0.283319,-0.116970,1.000000;;
             }

             Frame Bip01-L-Finger21 {
              

              FrameTransformMatrix {
               0.795542,0.000000,0.605898,0.000000,-0.000000,1.000000,-0.000000,0.000000,-0.605899,-0.000000,0.795542,0.000000,1.406761,0.000000,0.000000,1.000000;;
              }

              Frame Bip01-L-Finger22 {
               

               FrameTransformMatrix {
                0.981120,0.000000,0.193399,0.000000,0.000000,1.000000,-0.000000,0.000000,-0.193399,0.000000,0.981120,0.000000,0.840513,0.000001,-0.000003,1.000000;;
               }

               Frame Bip01-L-Finger2Nub {
                

                FrameTransformMatrix {
                 1.000000,0.000000,0.000000,0.000000,-0.000000,1.000000,-0.000000,0.000000,0.000000,0.000000,1.000000,0.000000,0.664877,0.000000,0.000000,1.000000;;
                }
               }
              }
             }
            }

            Frame Bip01-L-Finger3 {
             

             FrameTransformMatrix {
              0.896787,0.157211,0.413592,0.000000,-0.134986,0.987396,-0.082634,0.000000,-0.421370,0.018276,0.906705,0.000000,2.073343,0.186407,-0.130486,1.000000;;
             }

             Frame Bip01-L-Finger31 {
              

              FrameTransformMatrix {
               0.760569,-0.000000,0.649258,0.000000,0.000000,1.000000,0.000000,0.000000,-0.649258,-0.000000,0.760569,0.000000,1.365459,0.000001,0.000000,1.000000;;
              }

              Frame Bip01-L-Finger32 {
               

               FrameTransformMatrix {
                0.978941,0.000000,0.204143,0.000000,0.000000,1.000000,-0.000000,0.000000,-0.204142,0.000000,0.978941,0.000000,0.768669,0.000000,0.000002,1.000000;;
               }

               Frame Bip01-L-Finger3Nub {
                

                FrameTransformMatrix {
                 1.000000,0.000000,-0.000000,0.000000,0.000000,1.000000,-0.000000,0.000000,0.000000,0.000000,1.000001,0.000000,0.649355,-0.000001,0.000002,1.000000;;
                }
               }
              }
             }
            }

            Frame Bip01-L-Finger4 {
             

             FrameTransformMatrix {
              0.885085,0.251358,0.391718,0.000000,-0.224522,0.967811,-0.113722,0.000000,-0.407693,0.012704,0.913031,0.000000,1.882339,0.690609,0.070724,1.000000;;
             }

             Frame Bip01-L-Finger41 {
              

              FrameTransformMatrix {
               0.785957,0.000000,0.618281,0.000000,0.000000,1.000000,-0.000001,0.000000,-0.618281,0.000001,0.785957,0.000000,1.108315,0.000000,-0.000004,1.000000;;
              }

              Frame Bip01-L-Finger42 {
               

               FrameTransformMatrix {
                0.944871,-0.000000,0.327444,0.000000,0.000001,1.000000,0.000001,0.000000,-0.327444,-0.000000,0.944871,0.000000,0.520342,0.000000,0.000000,1.000000;;
               }

               Frame Bip01-L-Finger4Nub {
                

                FrameTransformMatrix {
                 1.000000,-0.000000,0.000000,0.000000,0.000000,1.000000,-0.000000,0.000000,-0.000000,-0.000000,1.000000,0.000000,0.515339,0.000000,0.000000,1.000000;;
                }
               }
              }
             }
            }

            Frame FxHand00 {
             

             FrameTransformMatrix {
              0.220347,-0.936490,0.272824,0.000000,-0.759401,-0.340240,-0.554569,0.000000,0.612174,-0.084985,-0.786143,0.000000,1.500000,0.499996,2.000002,1.000000;;
             }
            }

            Frame L_Sword {
             

             FrameTransformMatrix {
              0.976767,0.039081,-0.210713,0.000000,0.070766,-0.986898,0.145000,0.000000,-0.202285,-0.156543,-0.966734,0.000000,-0.000002,0.000000,0.000002,1.000000;;
             }
            }
           }

           Frame L_Elbow {
            

            FrameTransformMatrix {
             0.982504,0.000000,0.186241,0.000000,-0.000000,1.000000,-0.000001,0.000000,-0.186241,0.000001,0.982504,0.000000,0.000000,0.000000,-0.000001,1.000000;;
            }
           }

           Frame L_Shield {
            

            FrameTransformMatrix {
             1.000000,-0.000000,-0.000000,0.000000,0.000000,1.000000,-0.000000,0.000000,0.000000,0.000000,1.000000,0.000000,2.500006,2.500004,-0.000002,1.000000;;
            }
           }

           Frame Bip01-L-ForeTwist {
            

            FrameTransformMatrix {
             1.000000,0.000000,-0.000000,0.000000,-0.000000,0.999311,0.037107,0.000000,0.000000,-0.037107,0.999311,0.000000,0.000000,0.000000,-0.000001,1.000000;;
            }
           }
          }

          Frame L_Shoulder {
           

           FrameTransformMatrix {
            0.948343,0.307755,-0.077028,0.000000,-0.311668,0.949122,-0.045063,0.000000,0.059241,0.066743,0.996010,0.000000,0.000000,0.000000,0.000000,1.000000;;
           }
          }

          Frame L_Shoulder_Twist {
           

           FrameTransformMatrix {
            1.000000,0.000000,0.000000,0.000000,0.000000,1.000000,-0.000000,0.000000,-0.000000,0.000000,1.000000,0.000000,0.000000,0.000000,-0.000000,1.000000;;
           }
          }
         }
        }

        Frame Bip01-R-Clavicle {
         

         FrameTransformMatrix {
          -0.249952,-0.966695,0.054995,0.000000,-0.944116,0.255931,0.207715,0.000000,-0.214872,-0.000003,-0.976642,0.000000,-0.753033,-0.957160,0.028461,1.000000;;
         }

         Frame Bip01-R-UpperArm {
          

          FrameTransformMatrix {
           0.798872,0.594050,0.094384,0.000000,-0.578814,0.801906,-0.148056,0.000000,-0.163640,0.063647,0.984465,0.000000,2.305936,0.000004,0.000000,1.000000;;
          }

          Frame Bip01-R-Forearm {
           

           FrameTransformMatrix {
            0.930629,0.000000,-0.365965,0.000000,-0.000001,1.000000,0.000000,0.000000,0.365965,-0.000000,0.930628,0.000000,6.131235,0.000000,-0.000001,1.000000;;
           }

           Frame Bip01-R-Hand {
            

            FrameTransformMatrix {
             0.989065,0.040580,0.141786,0.000000,0.144470,-0.073387,-0.986784,0.000000,-0.029638,0.996477,-0.078447,0.000000,6.144236,0.000000,-0.000002,1.000000;;
            }

            Frame Bip01-R-Finger0 {
             

             FrameTransformMatrix {
              0.722826,0.531683,0.441403,0.000000,-0.371541,-0.239557,0.896978,0.000000,0.582649,-0.812358,0.024384,0.000000,0.431656,0.683447,0.267914,1.000000;;
             }

             Frame Bip01-R-Finger01 {
              

              FrameTransformMatrix {
               0.985852,-0.000000,0.167616,0.000000,-0.000000,1.000000,-0.000000,0.000000,-0.167616,-0.000000,0.985853,0.000000,1.065220,-0.000002,0.000000,1.000000;;
              }

              Frame Bip01-R-Finger02 {
               

               FrameTransformMatrix {
                0.950837,0.000000,0.309691,0.000000,0.000000,1.000000,-0.000000,0.000000,-0.309691,0.000001,0.950837,0.000000,0.739166,0.000002,-0.000001,1.000000;;
               }

               Frame Bip01-R-Finger0Nub {
                

                FrameTransformMatrix {
                 -1.000000,0.000000,0.000000,0.000000,0.000000,1.000000,-0.000000,0.000000,-0.000000,-0.000000,-1.000000,0.000000,0.862503,0.000004,-0.000001,1.000000;;
                }
               }
              }
             }
            }

            Frame Bip01-R-Finger1 {
             

             FrameTransformMatrix {
              0.890676,-0.007232,0.454582,0.000000,-0.005919,0.999605,0.027500,0.000000,-0.454601,-0.027185,0.890281,0.000000,2.096306,0.862210,-0.077713,1.000000;;
             }

             Frame Bip01-R-Finger11 {
              

              FrameTransformMatrix {
               0.877627,-0.000000,0.479343,0.000000,0.000000,1.000000,-0.000000,0.000000,-0.479344,0.000001,0.877628,0.000000,1.331190,-0.000002,0.000001,1.000000;;
              }

              Frame Bip01-R-Finger12 {
               

               FrameTransformMatrix {
                0.932921,-0.000000,0.360082,0.000000,0.000000,1.000000,0.000000,0.000000,-0.360082,-0.000000,0.932921,0.000000,0.723095,0.000000,-0.000002,1.000000;;
               }

               Frame Bip01-R-Finger1Nub {
                

                FrameTransformMatrix {
                 -1.000000,-0.000000,0.000000,0.000000,-0.000000,1.000000,0.000000,0.000000,-0.000000,0.000000,-1.000000,0.000000,0.679668,0.000002,0.000003,1.000000;;
                }
               }
              }
             }
            }

            Frame Bip01-R-Finger2 {
             

             FrameTransformMatrix {
              0.882745,-0.035112,0.468540,0.000000,0.013271,0.998670,0.049837,0.000000,-0.469666,-0.037775,0.882036,0.000000,2.179712,0.283318,-0.116974,1.000000;;
             }

             Frame Bip01-R-Finger21 {
              

              FrameTransformMatrix {
               0.795542,-0.000000,0.605899,0.000000,0.000000,1.000000,0.000000,0.000000,-0.605898,-0.000000,0.795542,0.000000,1.406759,0.000000,0.000001,1.000000;;
              }

              Frame Bip01-R-Finger22 {
               

               FrameTransformMatrix {
                0.981120,-0.000000,0.193399,0.000000,0.000000,1.000000,-0.000000,0.000000,-0.193399,0.000000,0.981120,0.000000,0.840508,0.000001,-0.000003,1.000000;;
               }

               Frame Bip01-R-Finger2Nub {
                

                FrameTransformMatrix {
                 -1.000000,0.000000,0.000000,0.000000,0.000000,1.000000,0.000000,0.000000,0.000000,0.000000,-1.000000,0.000000,0.664873,-0.000002,0.000001,1.000000;;
                }
               }
              }
             }
            }

            Frame Bip01-R-Finger3 {
             

             FrameTransformMatrix {
              0.896787,-0.157212,0.413592,0.000000,0.134986,0.987396,0.082633,0.000000,-0.421369,-0.018276,0.906705,0.000000,2.073345,-0.186409,-0.130491,1.000000;;
             }

             Frame Bip01-R-Finger31 {
              

              FrameTransformMatrix {
               0.760569,-0.000000,0.649258,0.000000,0.000000,1.000000,-0.000000,0.000000,-0.649258,0.000000,0.760569,0.000000,1.365459,0.000000,0.000002,1.000000;;
              }

              Frame Bip01-R-Finger32 {
               

               FrameTransformMatrix {
                0.978941,-0.000000,0.204143,0.000000,0.000000,1.000000,-0.000000,0.000000,-0.204143,0.000000,0.978941,0.000000,0.768667,-0.000001,0.000000,1.000000;;
               }

               Frame Bip01-R-Finger3Nub {
                

                FrameTransformMatrix {
                 -1.000000,-0.000000,0.000000,0.000000,-0.000000,1.000000,0.000000,0.000000,-0.000000,-0.000000,-1.000000,0.000000,0.649353,0.000000,0.000000,1.000000;;
                }
               }
              }
             }
            }

            Frame Bip01-R-Finger4 {
             

             FrameTransformMatrix {
              0.885086,-0.251359,0.391718,0.000000,0.224522,0.967811,0.113722,0.000000,-0.407694,-0.012705,0.913030,0.000000,1.882346,-0.690608,0.070721,1.000000;;
             }

             Frame Bip01-R-Finger41 {
              

              FrameTransformMatrix {
               0.785957,-0.000000,0.618281,0.000000,0.000000,1.000000,-0.000000,0.000000,-0.618281,0.000000,0.785957,0.000000,1.108315,0.000000,-0.000002,1.000000;;
              }

              Frame Bip01-R-Finger42 {
               

               FrameTransformMatrix {
                0.944871,-0.000000,0.327444,0.000000,0.000000,1.000000,-0.000000,0.000000,-0.327444,0.000000,0.944871,0.000000,0.520338,-0.000001,-0.000001,1.000000;;
               }

               Frame Bip01-R-Finger4Nub {
                

                FrameTransformMatrix {
                 -1.000000,-0.000000,0.000000,0.000000,-0.000000,1.000000,0.000000,0.000000,-0.000000,0.000000,-1.000000,0.000000,0.515339,0.000000,0.000000,1.000000;;
                }
               }
              }
             }
            }

            Frame FxHand01 {
             

             FrameTransformMatrix {
              0.220350,0.936491,0.272822,0.000000,-0.759401,0.340241,-0.554569,0.000000,-0.612173,-0.084982,0.786144,0.000000,1.500000,-0.499997,1.999998,1.000000;;
             }
            }

            Frame R_Sword {
             

             FrameTransformMatrix {
              0.976767,-0.039081,-0.210713,0.000000,0.070766,0.986898,0.145000,0.000000,0.202285,-0.156543,0.966735,0.000000,0.000000,0.000000,0.000000,1.000000;;
             }
            }
           }

           Frame R_Elbow {
            

            FrameTransformMatrix {
             0.982504,0.000000,0.186241,0.000000,0.000000,1.000000,-0.000000,0.000000,-0.186241,0.000000,0.982504,0.000000,0.000000,0.000004,0.000000,1.000000;;
            }
           }

           Frame Bip01-R-ForeTwist {
            

            FrameTransformMatrix {
             1.000000,0.000000,-0.000000,0.000000,0.000000,0.999311,-0.037108,0.000000,0.000000,0.037108,0.999311,0.000000,0.000000,0.000002,-0.000002,1.000000;;
            }
           }
          }

          Frame R_Shoulder {
           

           FrameTransformMatrix {
            0.948342,-0.307756,-0.077029,0.000000,0.311669,0.949121,0.045063,0.000000,0.059241,-0.066743,0.996010,0.000000,0.000000,0.000000,0.000000,1.000000;;
           }

           Frame Acc_LA_R_ShoulderUp {
            

            FrameTransformMatrix {
             0.000001,-1.000001,0.000000,0.000000,1.000000,0.000001,0.000000,0.000000,-0.000000,0.000000,1.000001,0.000000,-0.477083,-0.721333,-0.110438,1.000000;;
            }
           }
          }

          Frame R_Shoulder_Twist {
           

           FrameTransformMatrix {
            1.000000,0.000000,-0.000000,0.000000,-0.000000,1.000000,0.000000,0.000000,0.000000,-0.000000,1.000000,0.000000,0.000002,-0.000002,0.000001,1.000000;;
           }
          }
         }
        }
       }

       Frame R_Breast {
        

        FrameTransformMatrix {
         0.063560,0.329543,-0.941999,0.000000,-0.003088,0.943968,0.330023,0.000000,0.997973,-0.018067,0.061016,0.000000,1.272751,-1.451999,1.209911,1.000000;;
        }
       }

       Frame L_Breast {
        

        FrameTransformMatrix {
         -0.063560,0.329545,0.941998,0.000000,0.003087,0.943967,-0.330025,0.000000,-0.997973,-0.018069,-0.061016,0.000000,1.272759,1.451767,1.209907,1.000000;;
        }
       }

       Frame L_spine3 {
        

        FrameTransformMatrix {
         0.980445,0.043405,-0.191946,0.000000,0.044221,-0.999022,-0.000032,0.000000,-0.191760,-0.008456,-0.981405,0.000000,2.104034,3.093147,-0.411916,1.000000;;
        }
       }

       Frame R_spine3 {
        

        FrameTransformMatrix {
         0.980446,-0.043405,-0.191942,0.000000,-0.044220,-0.999022,0.000038,0.000000,-0.191756,0.008450,-0.981406,0.000000,2.104046,-3.093147,-0.411907,1.000000;;
        }
       }

       Frame Acc_LA_Neck {
        

        FrameTransformMatrix {
         0.919454,-0.000000,-0.393198,0.000000,-0.000000,1.000000,-0.000001,0.000000,0.393198,0.000001,0.919453,0.000000,5.885692,0.000002,-1.489705,1.000000;;
        }
       }
      }

      Frame FxCenter {
       

       FrameTransformMatrix {
        -0.023870,0.000003,0.999715,0.000000,0.999715,-0.000000,0.023870,0.000000,0.000000,1.000000,-0.000003,0.000000,1.000006,-0.000002,0.000000,1.000000;;
       }
      }

      Frame Weapon_Back {
       

       FrameTransformMatrix {
        -0.999295,-0.000000,-0.037550,0.000000,0.000000,-1.000000,-0.000002,0.000000,-0.037550,-0.000002,0.999295,0.000000,4.711462,-0.000010,-2.809573,1.000000;;
       }
      }
     }
    }

    Frame Bip01-L-Thigh {
     

     FrameTransformMatrix {
      -0.997343,0.010238,0.072129,0.000000,-0.003067,-0.995100,0.098825,0.000000,0.072788,0.098341,0.992487,0.000000,-2.355776,2.566189,0.104822,1.000000;;
     }

     Frame Bip01-L-Calf {
      

      FrameTransformMatrix {
       0.989801,0.000000,-0.142458,0.000000,0.000000,1.000000,0.000002,0.000000,0.142458,-0.000002,0.989801,0.000000,10.047706,-0.000000,0.000001,1.000000;;
      }

      Frame Bip01-L-Foot {
       

       FrameTransformMatrix {
        0.993368,0.006533,0.114794,0.000000,-0.007678,0.999925,0.009533,0.000000,-0.114724,-0.010351,0.993344,0.000000,10.474947,-0.000000,0.000000,1.000000;;
       }

       Frame Bip01-L-Toe0 {
        

        FrameTransformMatrix {
         0.005122,-0.000005,0.999987,0.000000,-0.000000,1.000000,0.000005,0.000000,-0.999987,-0.000000,0.005122,0.000000,3.213933,-0.000009,1.930074,1.000000;;
        }

        Frame Bip01-L-Toe0Nub {
         

         FrameTransformMatrix {
          -1.000000,0.000000,0.000000,0.000000,-0.000000,1.000000,0.000000,0.000000,-0.000000,0.000000,-1.000000,0.000000,1.879583,0.000000,-0.000000,1.000000;;
         }
        }
       }
      }

      Frame L_Knee {
       

       FrameTransformMatrix {
        0.997447,0.000000,0.071411,0.000000,0.000000,1.000000,0.000001,0.000000,-0.071411,-0.000001,0.997447,0.000000,0.000001,0.000000,-0.000000,1.000000;;
       }
      }

      Frame Bip01-LCalfTwist {
       

       FrameTransformMatrix {
        1.000000,-0.000000,-0.000000,0.000000,-0.000000,0.999989,0.004769,0.000000,0.000000,-0.004769,0.999989,0.000000,0.000001,0.000000,-0.000000,1.000000;;
       }
      }
     }

     Frame L_Thigh {
      

      FrameTransformMatrix {
       1.000000,0.000000,0.000000,0.000000,0.000000,1.000000,0.000000,0.000000,-0.000000,-0.000000,1.000000,0.000000,0.000000,0.000000,0.000000,1.000000;;
      }
     }
    }

    Frame Bip01-R-Thigh {
     

     FrameTransformMatrix {
      -0.997343,-0.010238,0.072129,0.000000,0.003068,-0.995101,-0.098822,0.000000,0.072788,-0.098338,0.992488,0.000000,-2.355776,-2.566190,0.104832,1.000000;;
     }

     Frame Bip01-R-Calf {
      

      FrameTransformMatrix {
       0.989801,-0.000000,-0.142458,0.000000,0.000000,1.000000,-0.000001,0.000000,0.142458,0.000001,0.989801,0.000000,10.047704,-0.000001,-0.000000,1.000000;;
      }

      Frame Bip01-R-Foot {
       

       FrameTransformMatrix {
        0.993368,-0.006533,0.114794,0.000000,0.007676,0.999925,-0.009520,0.000000,-0.114724,0.010338,0.993344,0.000000,10.474942,-0.000000,0.000002,1.000000;;
       }

       Frame Bip01-R-Toe0 {
        

        FrameTransformMatrix {
         0.005122,0.000019,0.999987,0.000000,-0.000000,1.000000,-0.000019,0.000000,-0.999987,-0.000000,0.005122,0.000000,3.213933,0.000037,1.930074,1.000000;;
        }

        Frame Bip01-R-Toe0Nub {
         

         FrameTransformMatrix {
          1.000000,0.000000,-0.000000,0.000000,-0.000000,1.000000,0.000000,0.000000,0.000000,-0.000000,1.000000,0.000000,1.879584,-0.000001,-0.000000,1.000000;;
         }
        }
       }
      }

      Frame R_Knee {
       

       FrameTransformMatrix {
        0.997447,0.000000,0.071411,0.000000,-0.000000,1.000000,-0.000001,0.000000,-0.071411,0.000001,0.997447,0.000000,0.000001,0.000000,0.000000,1.000000;;
       }
      }

      Frame Bip01-RCalfTwist {
       

       FrameTransformMatrix {
        1.000000,-0.000000,0.000000,0.000000,0.000000,0.999989,-0.004770,0.000000,-0.000000,0.004770,0.999989,0.000000,0.000000,0.000000,0.000000,1.000000;;
       }
      }
     }

     Frame R_Thigh {
      

      FrameTransformMatrix {
       1.000000,-0.000000,-0.000000,0.000000,0.000000,1.000000,-0.000000,0.000000,-0.000000,0.000001,1.000000,0.000000,0.000000,0.000000,-0.000000,1.000000;;
      }
     }
    }

    Frame Skirt_Dummy {
     

     FrameTransformMatrix {
      -1.000000,0.000002,0.000797,0.000000,-0.000002,-1.000000,-0.000002,0.000000,0.000797,-0.000002,1.000000,0.000000,-0.033834,-0.000001,-0.263520,1.000000;;
     }
    }
   }
  }
 }
}

Frame Human_F_L18_Body_Skel {
 

 FrameTransformMatrix {
  1.000000,0.000000,0.000000,0.000000,0.000000,1.000000,0.000000,0.000000,0.000000,0.000000,1.000000,0.000000,0.000000,0.000000,0.000000,1.000000;;
 }

 Mesh Human_F_L18_Body_Skel {
  2754;
  -0.064261;23.343998;4.558872;,
  -1.420102;23.344950;4.336850;,
  -1.358427;23.212341;4.208413;,
  1.662739;27.021152;2.813148;,
  1.010261;26.259622;3.517078;,
  1.681772;26.085326;3.269804;,
  1.369753;24.590162;4.009446;,
  0.081261;25.058266;4.151744;,
  0.014555;24.293747;4.421657;,
  -1.334099;24.254957;4.011226;,
  -0.052152;23.488133;4.691570;,
  1.156277;23.186930;4.399774;,
  1.281047;23.269846;4.466414;,
  2.008590;25.777278;2.643902;,
  2.149384;26.536134;1.630628;,
  1.974715;26.776648;2.285369;,
  2.007560;24.235048;3.175905;,
  2.056792;23.500706;3.358661;,
  1.325400;23.890235;4.237930;,
  2.106025;22.790736;3.541418;,
  2.580815;23.014600;1.274663;,
  2.454393;22.454821;2.374941;,
  2.661109;22.266738;1.353983;,
  2.391847;23.204118;2.290330;,
  2.329301;23.953421;2.205719;,
  2.180942;25.502861;1.875003;,
  2.437498;25.253101;0.992889;,
  2.372838;26.336802;0.848721;,
  2.500522;23.762462;1.195342;,
  2.607943;23.603870;0.000001;,
  2.676844;22.876034;0.000001;,
  2.549262;25.085934;0.000001;,
  2.480946;26.193317;0.000001;,
  2.156816;27.694419;0.875616;,
  1.952867;27.806646;1.584302;,
  2.235594;27.601901;0.000001;,
  2.271063;29.775917;0.824491;,
  2.161724;28.727158;1.042788;,
  2.281598;28.683245;0.444802;,
  2.298375;30.445037;1.435184;,
  1.944872;29.807514;1.771351;,
  2.151190;29.769130;1.262045;,
  2.414132;30.457040;1.036685;,
  1.900489;28.822394;1.655649;,
  1.748289;27.893501;2.099083;,
  1.582216;27.985430;2.468900;,
  0.951476;28.101917;2.749454;,
  1.570079;28.929565;2.064480;,
  0.923005;29.104614;2.302038;,
  1.561295;29.869392;2.129672;,
  0.158109;26.340981;3.620332;,
  1.039871;27.194979;3.127683;,
  0.176296;27.269590;3.244652;,
  0.077623;28.198931;2.829528;,
  -1.171069;25.154056;3.685601;,
  -0.848503;26.518054;3.193730;,
  -0.665317;27.465600;2.796417;,
  -0.564359;28.370554;2.509163;,
  0.041823;29.256659;2.396795;,
  0.130535;30.060394;2.398938;,
  0.939246;29.960234;2.339896;,
  -0.554477;29.352490;2.224025;,
  -0.466904;30.168074;2.329268;,
  -0.385203;30.900371;2.521798;,
  0.385352;31.497869;2.710715;,
  -0.257726;31.679606;2.738912;,
  0.251525;30.752666;2.535414;,
  1.029121;30.638906;2.488947;,
  1.649169;30.521853;2.250386;,
  2.089428;30.465414;1.896305;,
  1.191490;31.296058;2.761255;,
  2.103254;32.154458;2.904967;,
  2.257297;32.775165;2.809233;,
  1.862395;32.540474;3.038023;,
  1.662888;31.722205;2.891849;,
  2.096627;31.444218;2.590282;,
  1.847206;30.994995;2.406213;,
  2.239184;30.905517;2.007210;,
  2.436859;30.905728;1.582830;,
  2.479617;33.138618;2.613701;,
  2.560437;32.855139;2.609596;,
  2.452950;31.372870;2.165397;,
  2.382492;31.892979;2.640245;,
  2.421770;32.527344;2.729557;,
  2.595453;32.563741;2.587162;,
  2.768612;32.913190;2.357722;,
  2.934134;32.342870;1.960575;,
  2.804084;32.597261;2.344769;,
  2.780349;32.283715;2.321847;,
  2.657015;31.814080;2.277798;,
  2.600505;32.361440;2.584006;,
  2.742965;33.278173;1.661623;,
  2.927106;32.993590;1.673131;,
  2.848493;32.978848;1.630951;,
  2.986910;32.732758;1.648104;,
  2.911726;32.965965;2.039946;,
  2.947670;32.654416;2.008772;,
  3.013267;32.471923;1.612511;,
  2.952202;31.997942;1.514427;,
  2.832144;31.877162;1.885490;,
  2.906770;32.720454;1.606404;,
  2.931603;32.462083;1.571293;,
  2.887015;32.029526;1.475717;,
  2.717026;31.445613;1.348971;,
  2.635470;31.373341;1.749370;,
  2.648727;31.483088;1.314489;,
  2.561011;30.974499;1.202337;,
  2.484595;31.009834;1.171604;,
  2.322335;30.457040;0.997049;,
  2.179265;29.775917;0.782653;,
  2.189799;28.683245;0.395587;,
  2.143799;27.704806;0.000001;,
  0.411863;36.019197;-0.034848;,
  0.383426;36.070256;0.066274;,
  0.411863;36.019200;0.034847;,
  0.383426;36.070253;-0.066274;,
  0.340662;36.147037;-0.033137;,
  0.340662;36.147040;0.033137;,
  0.315448;36.192314;-0.000000;,
  0.412695;36.017699;-0.181179;,
  0.444941;35.959802;-0.181180;,
  0.428818;35.988752;-0.233002;,
  0.396572;36.046650;-0.093292;,
  0.461065;35.930848;-0.093292;,
  0.445774;35.958304;-0.034847;,
  0.445774;35.958310;0.034847;,
  0.461065;35.930854;0.093292;,
  0.396572;36.046650;0.093292;,
  0.412694;36.017706;0.181179;,
  0.444941;35.959802;0.181180;,
  0.428818;35.988755;0.233002;,
  0.474210;35.907245;-0.066275;,
  0.474211;35.907245;0.066274;,
  0.516973;35.830464;0.033137;,
  0.516974;35.830461;-0.033137;,
  0.542188;35.785190;0.000000;,
  1.638491;19.288358;3.464818;,
  1.561195;19.360106;3.551808;,
  1.580189;19.291024;3.521816;,
  1.672076;19.355042;3.443410;,
  1.655328;19.458389;3.476963;,
  1.599887;19.460922;3.531162;,
  1.634077;19.519850;3.507867;,
  1.760689;19.280779;3.345022;,
  1.752416;19.203802;3.340155;,
  1.799905;19.240312;3.300208;,
  1.691305;19.322629;3.419330;,
  1.674758;19.168675;3.409597;,
  1.629790;19.207410;3.459702;,
  1.571488;19.210072;3.516698;,
  1.518673;19.175802;3.562188;,
  1.535220;19.329758;3.571920;,
  1.457563;19.294629;3.641362;,
  1.449288;19.217650;3.636496;,
  1.410074;19.258115;3.681310;,
  1.648784;19.138326;3.429709;,
  1.537902;19.143387;3.538108;,
  1.554650;19.040038;3.504555;,
  1.610091;19.037506;3.450355;,
  1.575901;18.978579;3.473650;,
  -2.271916;19.846579;2.958047;,
  -1.993213;18.143586;1.877706;,
  -1.994240;18.191470;2.823034;,
  -1.648639;18.252307;3.537877;,
  -1.772178;19.965731;3.638034;,
  -1.122101;20.097090;4.133284;,
  -1.128716;18.285978;3.928640;,
  -0.213991;20.126142;4.459366;,
  -0.249411;18.261067;4.278386;,
  1.023064;20.072968;4.127259;,
  0.907048;18.107054;3.885238;,
  2.034043;19.941259;3.156972;,
  1.804435;17.971274;2.940073;,
  2.094830;19.784776;2.117096;,
  1.937493;21.315957;1.260798;,
  1.669970;19.564978;1.150280;,
  2.218974;21.670246;2.207912;,
  2.104893;21.838443;3.274984;,
  1.118160;21.978008;4.192164;,
  -0.183148;21.926613;4.463610;,
  -1.173034;21.691197;4.144784;,
  1.725149;17.916205;1.912175;,
  1.091170;17.886773;1.135818;,
  0.950717;19.491718;0.770038;,
  0.201511;17.965915;0.847301;,
  0.274497;19.490189;0.549288;,
  0.305584;21.176830;0.409160;,
  1.276071;21.171269;0.761416;,
  -1.608138;35.577507;4.388347;,
  -1.878405;34.795827;4.544776;,
  -1.345189;34.929024;4.756514;,
  -0.970515;34.418166;5.097610;,
  -0.306738;34.874032;4.531042;,
  -0.705037;34.954272;4.770685;,
  -1.813942;34.298400;4.863440;,
  -2.106178;34.677587;4.325674;,
  -1.894300;35.421789;4.244623;,
  -1.604611;36.059120;4.206590;,
  -2.264281;33.803392;4.182171;,
  -2.191609;32.967194;4.909956;,
  -1.731092;33.458781;5.574972;,
  -1.715619;32.414096;6.198120;,
  -0.958716;33.631488;5.654169;,
  -0.336112;34.348464;4.897792;,
  -0.035373;34.628278;4.251512;,
  -0.308292;33.551632;5.514184;,
  -0.905480;32.563626;6.393534;,
  -0.901939;31.505613;7.149384;,
  -1.584013;31.308438;6.982560;,
  -0.874230;31.158870;7.449403;,
  -1.556483;30.878922;7.266833;,
  -0.825556;30.828995;7.852292;,
  -1.499971;30.479245;7.557759;,
  -0.776032;30.513856;8.211230;,
  -0.219142;30.873638;7.765191;,
  -0.258530;31.172762;7.383560;,
  -0.269807;31.439197;7.103238;,
  -0.268148;32.483840;6.296489;,
  -0.027439;33.332573;5.286640;,
  -0.061943;34.147846;4.592099;,
  -0.000971;32.238208;6.047954;,
  -0.057038;31.135331;6.799924;,
  -0.026963;30.844627;7.059689;,
  0.033240;30.614678;7.330678;,
  0.174196;30.216189;7.685922;,
  -0.147264;30.561021;8.185669;,
  0.370711;29.667293;8.215328;,
  -0.007060;29.921734;8.705960;,
  0.301135;29.359075;7.744554;,
  0.093154;29.859610;7.255788;,
  -0.042270;30.339245;6.863645;,
  -0.078261;30.546509;6.665811;,
  -0.066314;30.828845;6.439178;,
  -0.254691;28.834182;7.257161;,
  -0.400356;29.451814;6.729220;,
  -0.478754;29.989888;6.414676;,
  -0.515900;30.269901;6.194281;,
  -0.531002;30.630086;5.922328;,
  -0.009358;31.884957;5.650586;,
  -0.564749;31.503376;5.217777;,
  -0.023486;32.963552;4.839950;,
  -0.045291;33.797837;4.178763;,
  -0.010497;34.264275;3.871037;,
  -0.670571;32.591203;4.474084;,
  -0.372488;33.541622;3.789102;,
  -0.303053;33.964477;3.502398;,
  0.022370;34.759962;3.631525;,
  -0.015182;35.085030;3.937226;,
  0.670058;34.060867;2.860322;,
  0.004434;34.202419;3.039828;,
  0.181507;33.933984;2.931790;,
  -0.438617;33.916272;2.871505;,
  -0.105691;34.282054;3.151860;,
  -0.525590;34.226509;3.204525;,
  -0.202872;34.228253;3.419852;,
  -0.546072;34.143795;3.370561;,
  0.072713;34.872202;3.478024;,
  0.021057;35.365539;3.683391;,
  0.099904;35.371082;3.299229;,
  -0.054475;35.970864;3.504860;,
  0.056666;35.403622;3.521481;,
  0.122677;34.854429;3.292860;,
  -0.129322;36.139280;3.752175;,
  -0.291120;36.342579;3.544389;,
  -0.091569;35.956384;3.182599;,
  -0.458517;36.449219;3.106153;,
  -0.037146;35.947283;2.780601;,
  -0.420501;36.475363;2.580808;,
  0.074724;35.919530;2.389515;,
  -0.114204;36.323718;2.022700;,
  -0.253923;35.878723;3.986079;,
  -0.652219;36.085546;4.213535;,
  -0.643504;36.591590;4.110917;,
  -0.623405;36.569805;3.689112;,
  -0.690523;36.605581;3.127707;,
  -0.700854;36.659610;2.613095;,
  -0.389724;36.547264;2.049576;,
  -0.600594;36.562781;1.402777;,
  -0.214560;36.467120;1.439193;,
  0.103045;36.274314;1.465828;,
  0.356671;35.907635;1.505036;,
  -0.681768;36.630022;2.045479;,
  -0.998118;37.019674;1.541133;,
  -0.860557;37.291066;1.157614;,
  -1.140617;36.643133;4.161150;,
  -1.101264;36.625328;3.712350;,
  -1.072191;36.688029;3.167763;,
  -1.084222;36.764502;2.650926;,
  -1.040783;36.864234;2.045768;,
  -1.375821;37.242426;1.535769;,
  -1.257149;37.540141;1.260971;,
  -1.596028;36.558800;4.132374;,
  -1.572330;36.540010;3.729361;,
  -1.555341;36.580998;3.243496;,
  -1.529831;36.732592;2.753798;,
  -1.546331;36.958230;2.086110;,
  -1.895591;37.451398;1.060553;,
  -2.234757;35.156883;3.979634;,
  -2.000975;35.952253;4.038556;,
  -2.069355;36.307971;3.992756;,
  -2.063901;36.287338;3.673320;,
  -2.084515;36.265389;3.278051;,
  -1.679445;33.510816;3.715870;,
  -2.324629;34.303715;3.876565;,
  -1.905127;33.932262;3.391418;,
  -2.378912;34.608013;3.624501;,
  -2.336391;35.452534;3.721452;,
  -2.389707;35.546787;3.382610;,
  -2.158254;36.304083;2.721591;,
  -2.432597;34.380902;2.605876;,
  -2.095889;34.225165;3.212677;,
  -2.393673;34.666349;3.049062;,
  -2.618092;35.524864;2.168007;,
  -2.461799;35.548560;2.855159;,
  -2.407628;34.707459;3.348991;,
  -1.296501;32.935027;2.773592;,
  -2.041525;33.694483;2.839092;,
  -1.872503;33.103690;2.646812;,
  -2.292367;33.447952;2.336230;,
  -2.638500;33.939709;1.911843;,
  -2.761045;35.294464;1.410824;,
  -2.644443;33.556237;1.326096;,
  -2.172020;32.844381;2.052190;,
  -1.725722;32.349101;2.459750;,
  -0.941204;31.927930;2.653825;,
  -0.854436;32.792035;2.817174;,
  -1.290196;33.560925;2.988093;,
  -0.257726;31.679606;2.738912;,
  -0.190751;32.313078;2.837218;,
  -0.195455;32.826736;2.862914;,
  -0.292922;33.408070;2.841495;,
  -0.903124;33.717126;2.920587;,
  -1.286879;33.973949;3.193891;,
  -1.242271;33.990563;3.252854;,
  -0.883322;34.057846;3.229082;,
  -0.916584;34.014832;3.307523;,
  -1.017975;33.860333;3.382373;,
  -1.064282;33.457504;3.680108;,
  -0.372488;33.541622;3.789102;,
  -0.670571;32.591203;4.474084;,
  -0.303053;33.964477;3.502398;,
  -0.546072;34.143795;3.370561;,
  -0.525590;34.226509;3.204525;,
  -0.438617;33.916272;2.871505;,
  -1.684099;32.633654;4.491088;,
  -1.447386;31.571597;5.242086;,
  -0.564749;31.503376;5.217777;,
