xof 0303txt 0032
template ColorRGBA {
 <35ff44e0-6c7c-11cf-8f52-0040333594a3>
 FLOAT red;
 FLOAT green;
 FLOAT blue;
 FLOAT alpha;
}

template ColorRGB {
 <d3e16e81-7835-11cf-8f52-0040333594a3>
 FLOAT red;
 FLOAT green;
 FLOAT blue;
}

template Material {
 <3d82ab4d-62da-11cf-ab39-0020af71e433>
 ColorRGBA faceColor;
 FLOAT power;
 ColorRGB specularColor;
 ColorRGB emissiveColor;
 [...]
}

template TextureFilename {
 <a42790e1-7810-11cf-8f52-0040333594a3>
 STRING filename;
}

template Frame {
 <3d82ab46-62da-11cf-ab39-0020af71e433>
 [...]
}

template Matrix4x4 {
 <f6f23f45-7686-11cf-8f52-0040333594a3>
 array FLOAT matrix[16];
}

template FrameTransformMatrix {
 <f6f23f41-7686-11cf-8f52-0040333594a3>
 Matrix4x4 frameMatrix;
}

template Vector {
 <3d82ab5e-62da-11cf-ab39-0020af71e433>
 FLOAT x;
 FLOAT y;
 FLOAT z;
}

template MeshFace {
 <3d82ab5f-62da-11cf-ab39-0020af71e433>
 DWORD nFaceVertexIndices;
 array DWORD faceVertexIndices[nFaceVertexIndices];
}

template Mesh {
 <3d82ab44-62da-11cf-ab39-0020af71e433>
 DWORD nVertices;
 array Vector vertices[nVertices];
 DWORD nFaces;
 array MeshFace faces[nFaces];
 [...]
}

template MeshNormals {
 <f6f23f43-7686-11cf-8f52-0040333594a3>
 DWORD nNormals;
 array Vector normals[nNormals];
 DWORD nFaceNormals;
 array MeshFace faceNormals[nFaceNormals];
}

template MeshMaterialList {
 <f6f23f42-7686-11cf-8f52-0040333594a3>
 DWORD nMaterials;
 DWORD nFaceIndexes;
 array DWORD faceIndexes[nFaceIndexes];
 [Material <3d82ab4d-62da-11cf-ab39-0020af71e433>]
}

template Coords2d {
 <f6f23f44-7686-11cf-8f52-0040333594a3>
 FLOAT u;
 FLOAT v;
}

template MeshTextureCoords {
 <f6f23f40-7686-11cf-8f52-0040333594a3>
 DWORD nTextureCoords;
 array Coords2d textureCoords[nTextureCoords];
}

template XSkinMeshHeader {
 <3cf169ce-ff7c-44ab-93c0-f78f62d172e2>
 WORD nMaxSkinWeightsPerVertex;
 WORD nMaxSkinWeightsPerFace;
 WORD nBones;
}

template SkinWeights {
 <6f0d123b-bad2-4167-a0d0-80224f25fabb>
 STRING transformNodeName;
 DWORD nWeights;
 array DWORD vertexIndices[nWeights];
 array FLOAT weights[nWeights];
 Matrix4x4 matrixOffset;
}

template AnimTicksPerSecond {
 <9e415a43-7ba6-4a73-8743-b73d47e88476>
 DWORD AnimTicksPerSecond;
}

template Animation {
 <3d82ab4f-62da-11cf-ab39-0020af71e433>
 [...]
}

template AnimationSet {
 <3d82ab50-62da-11cf-ab39-0020af71e433>
 [Animation <3d82ab4f-62da-11cf-ab39-0020af71e433>]
}

template FloatKeys {
 <10dd46a9-775b-11cf-8f52-0040333594a3>
 DWORD nValues;
 array FLOAT values[nValues];
}

template TimedFloatKeys {
 <f406b180-7b3b-11cf-8f52-0040333594a3>
 DWORD time;
 FloatKeys tfkeys;
}

template AnimationKey {
 <10dd46a8-775b-11cf-8f52-0040333594a3>
 DWORD keyType;
 DWORD nKeys;
 array TimedFloatKeys keys[nKeys];
}


Material Material__35 {
 1.000000;1.000000;1.000000;1.000000;;
 10.000000;
 0.000000;0.000000;0.000000;;
 0.000000;0.000000;0.000000;;

 TextureFilename {
  "Human_F_L01A_Body_diff.dds";
 }
}

Frame Dummy_root {
 

 FrameTransformMatrix {
  1.000000,0.000000,0.000000,0.000000,0.000000,1.000000,0.000000,0.000000,0.000000,0.000000,1.000000,0.000000,0.000000,23.000000,0.000000,1.000000;;
 }

 Frame FxBottom {
  

  FrameTransformMatrix {
   1.000000,0.000000,0.000000,0.000000,0.000000,1.000000,0.000000,0.000000,-0.000000,0.000000,1.000000,0.000000,0.000000,-23.000000,-0.000000,1.000000;;
  }
 }

 Frame Bip01 {
  

  FrameTransformMatrix {
   1.000000,0.000000,0.000001,0.000000,0.000000,1.000000,0.000000,0.000000,-0.000001,0.000000,1.000000,0.000000,-0.194762,0.659397,0.000000,1.000000;;
  }

  Frame Bip01-Pelvis {
   

   FrameTransformMatrix {
    0.000001,1.000000,-0.000001,0.000000,-0.000001,0.000001,1.000000,0.000000,1.000000,-0.000001,0.000001,0.000000,0.000000,0.000000,0.000000,1.000000;;
   }

   Frame Bip01-Spine {
    

    FrameTransformMatrix {
     0.999030,0.000001,0.044033,0.000000,-0.000001,1.000000,0.000004,0.000000,-0.044033,-0.000004,0.999030,0.000000,2.358109,0.000003,-0.000993,1.000000;;
    }

    Frame Bip01-Spine1 {
     

     FrameTransformMatrix {
      0.998814,0.000000,0.048692,0.000000,-0.000000,1.000000,0.000001,0.000000,-0.048692,-0.000001,0.998814,0.000000,0.209322,0.000000,-0.002767,1.000000;;
     }

     Frame Bip01-Spine2 {
      

      FrameTransformMatrix {
       0.993206,-0.000000,-0.116369,0.000000,0.000000,1.000000,0.000001,0.000000,0.116369,-0.000001,0.993206,0.000000,3.478325,0.000000,-0.001151,1.000000;;
      }

      Frame Bip01-Spine3 {
       

       FrameTransformMatrix {
        0.996891,-0.000001,-0.078797,0.000000,0.000000,1.000000,-0.000001,0.000000,0.078797,0.000001,0.996891,0.000000,1.456831,-0.000000,-0.004310,1.000000;;
       }

       Frame Bip01-Neck {
        

        FrameTransformMatrix {
         0.976813,0.000001,0.214095,0.000000,-0.000001,1.000000,-0.000001,0.000000,-0.214095,0.000000,0.976813,0.000000,5.539911,0.000000,-0.690871,1.000000;;
        }

        Frame Bip01-Head {
         

         FrameTransformMatrix {
          0.999958,0.000000,-0.009206,0.000000,-0.000000,1.000000,0.000000,0.000000,0.009206,-0.000000,0.999958,0.000000,2.474251,-0.000000,0.000000,1.000000;;
         }

         Frame Bip01-HeadNub {
          

          FrameTransformMatrix {
           1.000000,-0.000000,0.000000,0.000000,0.000000,1.000000,0.000001,0.000000,-0.000000,-0.000001,1.000000,0.000000,4.628929,-0.000000,-0.000001,1.000000;;
          }
         }

         Frame FxTop {
          

          FrameTransformMatrix {
           0.103621,0.000001,0.994617,0.000000,0.994617,-0.000000,-0.103621,0.000000,0.000000,1.000000,-0.000001,0.000000,4.500027,-0.000004,-0.000000,1.000000;;
          }
         }
        }

        Frame Bip01-L-Clavicle {
         

         FrameTransformMatrix {
          -0.249953,0.966695,0.054990,0.000000,0.944116,0.255930,-0.207716,0.000000,-0.214872,-0.000002,-0.976642,0.000000,-0.753037,0.957158,0.028459,1.000000;;
         }

         Frame Bip01-L-UpperArm {
          

          FrameTransformMatrix {
           0.798872,-0.594050,0.094384,0.000000,0.578815,0.801906,0.148056,0.000000,-0.163640,-0.063647,0.984465,0.000000,2.305937,-0.000011,0.000000,1.000000;;
          }

          Frame Bip01-L-Forearm {
           

           FrameTransformMatrix {
            0.930629,-0.000000,-0.365965,0.000000,0.000000,1.000000,-0.000000,0.000000,0.365965,-0.000000,0.930628,0.000000,6.131230,0.000000,-0.000001,1.000000;;
           }

           Frame Bip01-L-Hand {
            

            FrameTransformMatrix {
             0.989066,-0.040580,0.141786,0.000000,-0.144470,-0.073386,0.986785,0.000000,-0.029638,-0.996478,-0.078446,0.000000,6.144247,0.000004,-0.000001,1.000000;;
            }

            Frame Bip01-L-Finger0 {
             

             FrameTransformMatrix {
              0.722825,-0.531683,0.441402,0.000000,0.371542,-0.239557,-0.896978,0.000000,0.582649,0.812357,0.024384,0.000000,0.431650,-0.683446,0.267918,1.000000;;
             }

             Frame Bip01-L-Finger01 {
              

              FrameTransformMatrix {
               0.985853,0.000000,0.167616,0.000000,0.000000,1.000000,0.000000,0.000000,-0.167616,-0.000000,0.985852,0.000000,1.065221,0.000000,-0.000002,1.000000;;
              }

              Frame Bip01-L-Finger02 {
               

               FrameTransformMatrix {
                0.950837,-0.000000,0.309692,0.000000,-0.000000,1.000000,0.000000,0.000000,-0.309691,-0.000000,0.950838,0.000000,0.739169,0.000002,-0.000001,1.000000;;
               }

               Frame Bip01-L-Finger0Nub {
                

                FrameTransformMatrix {
                 1.000000,0.000000,-0.000000,0.000000,-0.000000,1.000000,-0.000000,0.000000,0.000000,0.000001,1.000000,0.000000,0.862507,0.000000,0.000001,1.000000;;
                }
               }
              }
             }
            }

            Frame Bip01-L-Finger1 {
             

             FrameTransformMatrix {
              0.890675,0.007232,0.454582,0.000000,0.005919,0.999604,-0.027500,0.000000,-0.454601,0.027185,0.890280,0.000000,2.096299,-0.862209,-0.077713,1.000000;;
             }

             Frame Bip01-L-Finger11 {
              

              FrameTransformMatrix {
               0.877627,-0.000000,0.479344,0.000000,0.000000,1.000000,-0.000000,0.000000,-0.479344,0.000000,0.877627,0.000000,1.331194,0.000002,0.000001,1.000000;;
              }

              Frame Bip01-L-Finger12 {
               

               FrameTransformMatrix {
                0.932921,-0.000000,0.360082,0.000000,0.000000,1.000000,0.000000,0.000000,-0.360082,-0.000000,0.932921,0.000000,0.723099,-0.000001,-0.000001,1.000000;;
               }

               Frame Bip01-L-Finger1Nub {
                

                FrameTransformMatrix {
                 1.000000,-0.000000,0.000000,0.000000,-0.000000,1.000000,0.000001,0.000000,-0.000000,-0.000001,1.000000,0.000000,0.679665,0.000001,0.000003,1.000000;;
                }
               }
              }
             }
            }

            Frame Bip01-L-Finger2 {
             

             FrameTransformMatrix {
              0.882745,0.035112,0.468539,0.000000,-0.013271,0.998669,-0.049837,0.000000,-0.469666,0.037776,0.882036,0.000000,2.179709,-0.283318,-0.116974,1.000000;;
             }

             Frame Bip01-L-Finger21 {
              

              FrameTransformMatrix {
               0.795542,-0.000000,0.605899,0.000000,-0.000000,1.000000,-0.000000,0.000000,-0.605899,0.000000,0.795542,0.000000,1.406761,-0.000002,0.000002,1.000000;;
              }

              Frame Bip01-L-Finger22 {
               

               FrameTransformMatrix {
                0.981120,0.000000,0.193398,0.000000,0.000000,1.000000,0.000000,0.000000,-0.193399,-0.000000,0.981120,0.000000,0.840513,0.000000,0.000000,1.000000;;
               }

               Frame Bip01-L-Finger2Nub {
                

                FrameTransformMatrix {
                 1.000000,0.000000,0.000000,0.000000,0.000000,1.000000,0.000000,0.000000,0.000000,-0.000000,1.000001,0.000000,0.664879,0.000001,-0.000002,1.000000;;
                }
               }
              }
             }
            }

            Frame Bip01-L-Finger3 {
             

             FrameTransformMatrix {
              0.896787,0.157211,0.413591,0.000000,-0.134986,0.987396,-0.082634,0.000000,-0.421370,0.018276,0.906705,0.000000,2.073344,0.186407,-0.130486,1.000000;;
             }

             Frame Bip01-L-Finger31 {
              

              FrameTransformMatrix {
               0.760569,-0.000000,0.649258,0.000000,0.000000,1.000000,0.000000,0.000000,-0.649258,-0.000000,0.760569,0.000000,1.365458,-0.000000,0.000000,1.000000;;
              }

              Frame Bip01-L-Finger32 {
               

               FrameTransformMatrix {
                0.978941,0.000000,0.204143,0.000000,0.000000,1.000000,-0.000000,0.000000,-0.204143,0.000000,0.978941,0.000000,0.768667,0.000001,0.000004,1.000000;;
               }

               Frame Bip01-L-Finger3Nub {
                

                FrameTransformMatrix {
                 1.000000,-0.000000,-0.000000,0.000000,0.000000,1.000000,-0.000000,0.000000,0.000000,0.000000,1.000000,0.000000,0.649353,0.000000,0.000001,1.000000;;
                }
               }
              }
             }
            }

            Frame Bip01-L-Finger4 {
             

             FrameTransformMatrix {
              0.885085,0.251359,0.391717,0.000000,-0.224522,0.967811,-0.113722,0.000000,-0.407694,0.012704,0.913030,0.000000,1.882341,0.690609,0.070721,1.000000;;
             }

             Frame Bip01-L-Finger41 {
              

              FrameTransformMatrix {
               0.785957,0.000000,0.618281,0.000000,0.000000,1.000000,-0.000001,0.000000,-0.618281,0.000001,0.785957,0.000000,1.108315,0.000000,0.000000,1.000000;;
              }

              Frame Bip01-L-Finger42 {
               

               FrameTransformMatrix {
                0.944871,-0.000000,0.327444,0.000000,0.000000,1.000000,0.000000,0.000000,-0.327444,-0.000000,0.944871,0.000000,0.520338,-0.000000,0.000000,1.000000;;
               }

               Frame Bip01-L-Finger4Nub {
                

                FrameTransformMatrix {
                 1.000000,-0.000000,-0.000000,0.000000,-0.000000,1.000000,0.000000,0.000000,0.000000,0.000000,1.000000,0.000000,0.515341,0.000001,0.000000,1.000000;;
                }
               }
              }
             }
            }

            Frame FxHand00 {
             

             FrameTransformMatrix {
              0.220347,-0.936491,0.272824,0.000000,-0.759401,-0.340240,-0.554568,0.000000,0.612174,-0.084985,-0.786143,0.000000,1.499999,0.499997,2.000000,1.000000;;
             }
            }

            Frame L_Sword {
             

             FrameTransformMatrix {
              0.976767,0.039081,-0.210713,0.000000,0.070766,-0.986898,0.145000,0.000000,-0.202285,-0.156542,-0.966734,0.000000,-0.000003,0.000001,0.000000,1.000000;;
             }
            }
           }

           Frame L_Elbow {
            

            FrameTransformMatrix {
             0.982505,0.000000,0.186241,0.000000,-0.000000,1.000001,0.000000,0.000000,-0.186241,-0.000000,0.982505,0.000000,0.000000,0.000002,0.000001,1.000000;;
            }
           }

           Frame L_Shield {
            

            FrameTransformMatrix {
             1.000000,-0.000000,-0.000000,0.000000,0.000000,1.000000,-0.000000,0.000000,0.000000,0.000000,1.000001,0.000000,2.500008,2.500004,-0.000001,1.000000;;
            }
           }

           Frame Bip01-L-ForeTwist {
            

            FrameTransformMatrix {
             1.000001,-0.000000,-0.000000,0.000000,0.000000,0.999312,0.037107,0.000000,0.000000,-0.037107,0.999312,0.000000,0.000002,0.000002,0.000001,1.000000;;
            }
           }
          }

          Frame L_Shoulder {
           

           FrameTransformMatrix {
            0.948343,0.307755,-0.077029,0.000000,-0.311668,0.949121,-0.045064,0.000000,0.059241,0.066743,0.996009,0.000000,-0.000004,0.000000,0.000000,1.000000;;
           }
          }

          Frame L_Shoulder_Twist {
           

           FrameTransformMatrix {
            1.000000,-0.000000,-0.000000,0.000000,0.000000,1.000000,-0.000000,0.000000,0.000000,0.000000,1.000000,0.000000,-0.000004,0.000000,0.000000,1.000000;;
           }
          }
         }
        }

        Frame Bip01-R-Clavicle {
         

         FrameTransformMatrix {
          -0.249952,-0.966695,0.054995,0.000000,-0.944116,0.255931,0.207715,0.000000,-0.214872,-0.000002,-0.976642,0.000000,-0.753037,-0.957160,0.028463,1.000000;;
         }

         Frame Bip01-R-UpperArm {
          

          FrameTransformMatrix {
           0.798872,0.594050,0.094384,0.000000,-0.578814,0.801906,-0.148056,0.000000,-0.163640,0.063647,0.984465,0.000000,2.305935,0.000004,0.000000,1.000000;;
          }

          Frame Bip01-R-Forearm {
           

           FrameTransformMatrix {
            0.930628,0.000001,-0.365965,0.000000,-0.000001,1.000000,0.000000,0.000000,0.365965,0.000000,0.930629,0.000000,6.131228,0.000004,-0.000001,1.000000;;
           }

           Frame Bip01-R-Hand {
            

            FrameTransformMatrix {
             0.989065,0.040580,0.141786,0.000000,0.144470,-0.073386,-0.986784,0.000000,-0.029638,0.996478,-0.078446,0.000000,6.144242,-0.000006,-0.000002,1.000000;;
            }

            Frame Bip01-R-Finger0 {
             

             FrameTransformMatrix {
              0.722825,0.531683,0.441402,0.000000,-0.371541,-0.239557,0.896978,0.000000,0.582649,-0.812358,0.024384,0.000000,0.431654,0.683447,0.267916,1.000000;;
             }

             Frame Bip01-R-Finger01 {
              

              FrameTransformMatrix {
               0.985853,-0.000000,0.167616,0.000000,0.000000,1.000000,0.000000,0.000000,-0.167616,0.000000,0.985853,0.000000,1.065223,-0.000002,0.000000,1.000000;;
              }

              Frame Bip01-R-Finger02 {
               

               FrameTransformMatrix {
                0.950837,0.000000,0.309691,0.000000,-0.000000,1.000000,0.000000,0.000000,-0.309691,-0.000000,0.950837,0.000000,0.739164,0.000002,0.000001,1.000000;;
               }

               Frame Bip01-R-Finger0Nub {
                

                FrameTransformMatrix {
                 -1.000000,0.000000,0.000000,0.000000,0.000000,1.000000,-0.000001,0.000000,-0.000001,-0.000001,-1.000000,0.000000,0.862499,-0.000002,0.000001,1.000000;;
                }
               }
              }
             }
            }

            Frame Bip01-R-Finger1 {
             

             FrameTransformMatrix {
              0.890675,-0.007232,0.454582,0.000000,-0.005919,0.999604,0.027500,0.000000,-0.454601,-0.027185,0.890280,0.000000,2.096304,0.862209,-0.077711,1.000000;;
             }

             Frame Bip01-R-Finger11 {
              

              FrameTransformMatrix {
               0.877628,0.000000,0.479344,0.000000,0.000000,1.000000,-0.000000,0.000000,-0.479344,0.000001,0.877627,0.000000,1.331192,-0.000001,-0.000004,1.000000;;
              }

              Frame Bip01-R-Finger12 {
               

               FrameTransformMatrix {
                0.932921,-0.000000,0.360082,0.000000,0.000000,1.000000,0.000000,0.000000,-0.360082,-0.000000,0.932921,0.000000,0.723101,0.000001,0.000000,1.000000;;
               }

               Frame Bip01-R-Finger1Nub {
                

                FrameTransformMatrix {
                 -1.000000,-0.000000,0.000000,0.000000,0.000000,1.000000,0.000000,0.000000,-0.000000,0.000000,-1.000000,0.000000,0.679667,0.000000,0.000000,1.000000;;
                }
               }
              }
             }
            }

            Frame Bip01-R-Finger2 {
             

             FrameTransformMatrix {
              0.882744,-0.035112,0.468539,0.000000,0.013271,0.998669,0.049837,0.000000,-0.469666,-0.037775,0.882036,0.000000,2.179710,0.283316,-0.116972,1.000000;;
             }

             Frame Bip01-R-Finger21 {
              

              FrameTransformMatrix {
               0.795542,-0.000000,0.605898,0.000000,0.000000,1.000001,0.000000,0.000000,-0.605899,-0.000000,0.795542,0.000000,1.406761,0.000000,-0.000001,1.000000;;
              }

              Frame Bip01-R-Finger22 {
               

               FrameTransformMatrix {
                0.981120,-0.000000,0.193399,0.000000,0.000000,1.000000,0.000000,0.000000,-0.193399,-0.000000,0.981120,0.000000,0.840508,0.000001,0.000000,1.000000;;
               }

               Frame Bip01-R-Finger2Nub {
                

                FrameTransformMatrix {
                 -1.000000,0.000000,-0.000000,0.000000,0.000000,1.000000,0.000000,0.000000,0.000000,0.000000,-1.000000,0.000000,0.664877,-0.000003,-0.000003,1.000000;;
                }
               }
              }
             }
            }

            Frame Bip01-R-Finger3 {
             

             FrameTransformMatrix {
              0.896787,-0.157212,0.413592,0.000000,0.134986,0.987396,0.082633,0.000000,-0.421369,-0.018276,0.906705,0.000000,2.073346,-0.186410,-0.130487,1.000000;;
             }

             Frame Bip01-R-Finger31 {
              

              FrameTransformMatrix {
               0.760568,-0.000000,0.649258,0.000000,0.000000,1.000000,-0.000000,0.000000,-0.649258,0.000000,0.760569,0.000000,1.365458,0.000000,0.000000,1.000000;;
              }

              Frame Bip01-R-Finger32 {
               

               FrameTransformMatrix {
                0.978941,0.000000,0.204142,0.000000,0.000000,1.000000,-0.000000,0.000000,-0.204143,0.000000,0.978941,0.000000,0.768667,-0.000000,0.000005,1.000000;;
               }

               Frame Bip01-R-Finger3Nub {
                

                FrameTransformMatrix {
                 -1.000000,-0.000000,0.000000,0.000000,-0.000001,1.000000,0.000000,0.000000,-0.000000,-0.000000,-1.000000,0.000000,0.649359,0.000000,-0.000004,1.000000;;
                }
               }
              }
             }
            }

            Frame Bip01-R-Finger4 {
             

             FrameTransformMatrix {
              0.885085,-0.251359,0.391718,0.000000,0.224522,0.967811,0.113722,0.000000,-0.407694,-0.012705,0.913030,0.000000,1.882346,-0.690609,0.070723,1.000000;;
             }

             Frame Bip01-R-Finger41 {
              

              FrameTransformMatrix {
               0.785957,0.000000,0.618281,0.000000,0.000000,1.000000,-0.000000,0.000000,-0.618281,-0.000000,0.785957,0.000000,1.108315,0.000001,0.000000,1.000000;;
              }

              Frame Bip01-R-Finger42 {
               

               FrameTransformMatrix {
                0.944871,0.000000,0.327444,0.000000,-0.000000,1.000000,-0.000000,0.000000,-0.327444,0.000000,0.944871,0.000000,0.520340,0.000000,0.000002,1.000000;;
               }

               Frame Bip01-R-Finger4Nub {
                

                FrameTransformMatrix {
                 -1.000000,0.000000,0.000000,0.000000,0.000000,1.000000,0.000000,0.000000,-0.000000,0.000000,-1.000000,0.000000,0.515339,-0.000000,-0.000001,1.000000;;
                }
               }
              }
             }
            }

            Frame FxHand01 {
             

             FrameTransformMatrix {
              0.220350,0.936490,0.272822,0.000000,-0.759401,0.340241,-0.554569,0.000000,-0.612173,-0.084982,0.786144,0.000000,1.500000,-0.500000,2.000002,1.000000;;
             }
            }

            Frame R_Sword {
             

             FrameTransformMatrix {
              0.976767,-0.039081,-0.210712,0.000000,0.070767,0.986898,0.145000,0.000000,0.202285,-0.156543,0.966734,0.000000,-0.000002,0.000000,0.000002,1.000000;;
             }
            }
           }

           Frame R_Elbow {
            

            FrameTransformMatrix {
             0.982504,-0.000000,0.186241,0.000000,0.000000,1.000000,0.000000,0.000000,-0.186241,-0.000000,0.982504,0.000000,0.000002,-0.000004,0.000000,1.000000;;
            }
           }

           Frame Bip01-R-ForeTwist {
            

            FrameTransformMatrix {
             1.000000,-0.000000,-0.000000,0.000000,0.000000,0.999311,-0.037108,0.000000,0.000000,0.037108,0.999311,0.000000,0.000002,-0.000004,0.000000,1.000000;;
            }
           }
          }

          Frame R_Shoulder {
           

           FrameTransformMatrix {
            0.948342,-0.307755,-0.077029,0.000000,0.311669,0.949122,0.045064,0.000000,0.059242,-0.066743,0.996010,0.000000,0.000000,0.000000,0.000000,1.000000;;
           }
          }

          Frame R_Shoulder_Twist {
           

           FrameTransformMatrix {
            1.000000,0.000000,-0.000000,0.000000,-0.000000,1.000000,0.000000,0.000000,0.000000,0.000000,1.000000,0.000000,0.000000,0.000000,0.000000,1.000000;;
           }
          }
         }
        }
       }

       Frame R_Breast {
        

        FrameTransformMatrix {
         0.063560,0.329543,-0.941999,0.000000,-0.003088,0.943968,0.330024,0.000000,0.997973,-0.018067,0.061016,0.000000,1.272753,-1.452000,1.209911,1.000000;;
        }
       }

       Frame L_Breast {
        

        FrameTransformMatrix {
         -0.063560,0.329545,0.941998,0.000000,0.003087,0.943967,-0.330025,0.000000,-0.997973,-0.018068,-0.061016,0.000000,1.272760,1.451767,1.209908,1.000000;;
        }
       }

       Frame L_spine3 {
        

        FrameTransformMatrix {
         0.980445,0.043405,-0.191946,0.000000,0.044221,-0.999022,-0.000033,0.000000,-0.191760,-0.008456,-0.981405,0.000000,2.104036,3.093147,-0.411915,1.000000;;
        }
       }

       Frame R_spine3 {
        

        FrameTransformMatrix {
         0.980446,-0.043405,-0.191942,0.000000,-0.044220,-0.999022,0.000038,0.000000,-0.191756,0.008451,-0.981406,0.000000,2.104048,-3.093147,-0.411908,1.000000;;
        }
       }

       Frame Acc_LA_Neck {
        

        FrameTransformMatrix {
         0.919454,-0.000000,-0.393198,0.000000,-0.000000,1.000000,-0.000001,0.000000,0.393198,0.000001,0.919454,0.000000,5.885694,0.000002,-1.489705,1.000000;;
        }
       }
      }

      Frame FxCenter {
       

       FrameTransformMatrix {
        -0.023870,0.000003,0.999715,0.000000,0.999715,-0.000000,0.023870,0.000000,0.000000,1.000000,-0.000003,0.000000,1.000006,-0.000002,-0.000000,1.000000;;
       }
      }

      Frame Weapon_Back {
       

       FrameTransformMatrix {
        -0.999295,-0.000000,-0.037550,0.000000,0.000000,-1.000000,-0.000002,0.000000,-0.037550,-0.000002,0.999295,0.000000,4.711462,-0.000010,-2.809571,1.000000;;
       }
      }
     }
    }

    Frame Bip01-L-Thigh {
     

     FrameTransformMatrix {
      -0.997343,0.010238,0.072129,0.000000,-0.003067,-0.995100,0.098825,0.000000,0.072788,0.098342,0.992487,0.000000,-2.355776,2.566188,0.104821,1.000000;;
     }

     Frame Bip01-L-Calf {
      

      FrameTransformMatrix {
       0.989801,0.000000,-0.142458,0.000000,0.000000,1.000000,0.000002,0.000000,0.142458,-0.000002,0.989801,0.000000,10.047706,-0.000000,0.000001,1.000000;;
      }

      Frame Bip01-L-Foot {
       

       FrameTransformMatrix {
        0.993368,0.006533,0.114794,0.000000,-0.007677,0.999925,0.009526,0.000000,-0.114723,-0.010344,0.993344,0.000000,10.474944,-0.000000,0.000001,1.000000;;
       }

       Frame Bip01-L-Toe0 {
        

        FrameTransformMatrix {
         0.005122,-0.000012,0.999987,0.000000,0.000000,1.000000,0.000012,0.000000,-0.999987,0.000000,0.005122,0.000000,3.213933,-0.000023,1.930075,1.000000;;
        }

        Frame Bip01-L-Toe0Nub {
         

         FrameTransformMatrix {
          -1.000000,-0.000000,0.000000,0.000000,-0.000000,1.000000,0.000000,0.000000,-0.000000,0.000000,-1.000000,0.000000,1.879583,0.000000,0.000000,1.000000;;
         }
        }
       }
      }

      Frame L_Knee {
       

       FrameTransformMatrix {
        0.997447,-0.000000,0.071411,0.000000,0.000000,1.000000,0.000001,0.000000,-0.071411,-0.000001,0.997447,0.000000,0.000000,0.000000,-0.000000,1.000000;;
       }
      }

      Frame Bip01-LCalfTwist {
       

       FrameTransformMatrix {
        1.000000,-0.000000,-0.000000,0.000000,-0.000000,0.999989,0.004769,0.000000,0.000000,-0.004769,0.999989,0.000000,0.000000,0.000000,-0.000000,1.000000;;
       }
      }
     }

     Frame L_Thigh {
      

      FrameTransformMatrix {
       1.000000,0.000000,0.000000,0.000000,0.000000,1.000000,0.000000,0.000000,-0.000000,-0.000000,1.000000,0.000000,0.000000,-0.000000,0.000000,1.000000;;
      }
     }
    }

    Frame Bip01-R-Thigh {
     

     FrameTransformMatrix {
      -0.997343,-0.010238,0.072129,0.000000,0.003068,-0.995101,-0.098821,0.000000,0.072788,-0.098337,0.992488,0.000000,-2.355778,-2.566190,0.104834,1.000000;;
     }

     Frame Bip01-R-Calf {
      

      FrameTransformMatrix {
       0.989801,-0.000000,-0.142458,0.000000,0.000000,1.000000,-0.000001,0.000000,0.142458,0.000001,0.989801,0.000000,10.047701,-0.000001,-0.000000,1.000000;;
      }

      Frame Bip01-R-Foot {
       

       FrameTransformMatrix {
        0.993368,-0.006533,0.114794,0.000000,0.007676,0.999925,-0.009520,0.000000,-0.114724,0.010338,0.993343,0.000000,10.474942,-0.000000,0.000001,1.000000;;
       }

       Frame Bip01-R-Toe0 {
        

        FrameTransformMatrix {
         0.005122,0.000019,0.999987,0.000000,-0.000000,1.000000,-0.000019,0.000000,-0.999987,-0.000000,0.005122,0.000000,3.213934,0.000037,1.930074,1.000000;;
        }

        Frame Bip01-R-Toe0Nub {
         

         FrameTransformMatrix {
          1.000000,0.000000,-0.000000,0.000000,-0.000000,1.000000,-0.000000,0.000000,0.000000,0.000000,1.000000,0.000000,1.879583,-0.000000,0.000000,1.000000;;
         }
        }
       }
      }

      Frame R_Knee {
       

       FrameTransformMatrix {
        0.997447,0.000000,0.071411,0.000000,-0.000000,1.000000,-0.000001,0.000000,-0.071411,0.000001,0.997447,0.000000,0.000002,-0.000000,0.000000,1.000000;;
       }
      }

      Frame Bip01-RCalfTwist {
       

       FrameTransformMatrix {
        1.000000,-0.000000,0.000000,0.000000,0.000000,0.999988,-0.004770,0.000000,-0.000000,0.004770,0.999988,0.000000,0.000001,-0.000000,0.000000,1.000000;;
       }
      }
     }

     Frame R_Thigh {
      

      FrameTransformMatrix {
       1.000000,-0.000000,-0.000000,0.000000,0.000000,1.000000,-0.000000,0.000000,-0.000000,0.000000,1.000000,0.000000,0.000000,-0.000000,0.000000,1.000000;;
      }
     }
    }

    Frame Skirt_Dummy {
     

     FrameTransformMatrix {
      -1.000000,0.000002,0.000797,0.000000,-0.000002,-1.000000,-0.000001,0.000000,0.000797,-0.000001,1.000000,0.000000,-0.033834,-0.000002,-0.263520,1.000000;;
     }

     Frame Skirt_LA_00 {
      

      FrameTransformMatrix {
       0.999790,-0.020175,-0.003611,0.000000,0.017105,0.918412,-0.395256,0.000000,0.011291,0.395111,0.918564,0.000000,0.359892,-2.818232,-2.555064,1.000000;;
      }

      Frame Skirt_LA_01 {
       

       FrameTransformMatrix {
        1.000000,0.000000,0.000000,0.000000,0.000000,1.000000,-0.000001,0.000000,-0.000000,0.000001,1.000000,0.000000,4.312100,0.000002,0.000000,1.000000;;
       }
      }
     }
    }
   }
  }
 }
}

Frame Human_F_L01A_Body_Skel {
 

 FrameTransformMatrix {
  1.000000,0.000000,0.000000,0.000000,0.000000,1.000000,0.000000,0.000000,0.000000,0.000000,1.000000,0.000000,0.000000,0.000000,0.000000,1.000000;;
 }

 Mesh Human_F_L01A_Body_Skel {
  3213;
  0.697653;33.383456;-2.895105;,
  1.151448;33.831786;-2.737174;,
  1.145599;33.406160;-2.904960;,
  1.292670;34.192573;-2.448788;,
  1.608675;33.670022;-2.663521;,
  1.716084;33.912144;-2.384075;,
  1.925141;34.091309;-1.859411;,
  1.511801;34.407158;-1.810618;,
  2.237516;33.951805;-1.226295;,
  0.792390;34.538154;-2.516983;,
  0.655059;34.012864;-2.843010;,
  0.697653;33.383456;-2.895105;,
  0.190273;33.748710;-2.955853;,
  0.266722;34.430214;-3.025387;,
  -0.118694;34.106598;-3.053623;,
  -0.346380;33.668314;-3.029391;,
  0.392807;33.012963;-2.946831;,
  -0.136995;32.758502;-2.918180;,
  -0.858206;32.881725;-3.069206;,
  -0.896630;33.542730;-3.147268;,
  -0.952201;34.143098;-3.170307;,
  -0.524386;34.224304;-3.185091;,
  -0.271940;34.344765;-3.175334;,
  0.098922;34.662941;-3.144208;,
  0.137266;35.415805;-3.003695;,
  0.235689;35.416269;-2.607218;,
  1.065434;34.755098;-1.768648;,
  1.828636;34.236458;-1.055370;,
  2.019546;33.999277;-0.804648;,
  2.489672;33.629101;-0.872476;,
  -0.035943;36.077034;-2.759714;,
  1.604134;34.085213;-0.425798;,
  1.342791;34.476390;-0.553472;,
  1.153549;34.776931;-1.158836;,
  0.608837;35.413555;-1.699180;,
  0.056215;36.021574;-2.256271;,
  -0.419297;36.573008;-2.557492;,
  -0.132715;36.414435;-2.022602;,
  0.826118;35.298896;-0.999165;,
  0.833591;35.235078;-0.435165;,
  0.338162;35.920112;-1.545349;,
  0.084534;36.306534;-1.465816;,
  0.484695;35.866672;-0.951106;,
  0.316554;36.202083;-0.930320;,
  -0.408235;36.623792;-2.048038;,
  -0.233072;36.490195;-1.439181;,
  0.015429;36.364246;-0.793004;,
  0.434328;36.194957;-0.410020;,
  0.523231;35.816902;-0.392620;,
  -1.083095;36.796429;-2.624287;,
  -0.714210;36.689277;-2.043611;,
  -0.699650;36.718074;-2.586452;,
  -0.596189;36.580467;-1.402765;,
  -0.448447;36.746278;-0.912807;,
  0.835023;35.220339;-0.000012;,
  0.362656;35.940182;-0.000012;,
  0.068613;36.368166;-0.334797;,
  -0.228949;36.918022;-0.601599;,
  -0.860215;37.291056;-1.104244;,
  -1.003086;37.058307;-1.486922;,
  0.077405;36.214387;-0.000012;,
  -0.045769;37.033882;-0.358640;,
  0.022892;37.054246;-0.000012;,
  -0.095799;37.879478;-0.487156;,
  0.149169;37.824314;-0.000012;,
  -0.586932;37.884080;-0.869125;,
  -0.621032;38.482666;-1.007123;,
  -1.122120;38.572541;-1.045314;,
  -1.165816;38.030038;-1.093641;,
  -1.157178;38.986384;-1.067444;,
  -0.668706;38.924358;-1.107483;,
  -0.156194;38.405923;-0.700423;,
  0.088557;38.185974;-0.376272;,
  0.227297;38.076150;-0.000012;,
  -1.043812;36.952202;-2.044721;,
  -1.531723;36.767507;-2.723234;,
  -1.561496;37.047712;-2.085269;,
  -1.386094;37.345235;-1.463720;,
  -1.258067;37.659690;-1.198629;,
  -0.078260;30.546509;6.665811;,
  -0.478756;29.989894;6.414675;,
  -0.515903;30.269904;6.194282;,
  -0.066317;30.828845;6.439178;,
  -0.057040;31.135331;6.799924;,
  -0.334909;34.359040;4.953049;,
  -0.957513;33.589677;5.729534;,
  -0.307088;33.505792;5.589550;,
  -0.904276;32.503258;6.499934;,
  -0.266945;32.423850;6.403316;,
  -0.269808;31.439197;7.103238;,
  -0.026965;30.844634;7.059687;,
  -0.042271;30.339248;6.863642;,
  -0.400357;29.438029;6.755765;,
  0.093155;29.859613;7.255789;,
  0.033243;30.614678;7.330679;,
  0.174196;30.216189;7.685922;,
  -0.258531;31.172762;7.383558;,
  -0.219144;30.873642;7.765192;,
  -0.147265;30.561024;8.185669;,
  -1.261856;29.470496;6.930809;,
  -1.172388;28.916781;7.512472;,
  -0.254692;28.834176;7.257162;,
  0.301135;29.359078;7.744554;,
  0.370711;29.667296;8.215329;,
  -0.007060;29.921734;8.705959;,
  -0.776033;30.513856;8.211231;,
  -0.901940;31.505613;7.149383;,
  -0.874232;31.158870;7.449404;,
  -0.825557;30.828995;7.852295;,
  -1.499972;30.479245;7.557760;,
  -1.442964;30.154237;7.846021;,
  -1.830433;30.098179;7.103606;,
  -0.969313;34.429206;5.153942;,
  -1.729890;33.406970;5.650337;,
  -1.714416;32.351853;6.302434;,
  -1.584015;31.308438;6.982559;,
  -1.556485;30.878925;7.266834;,
  -1.907092;30.409718;6.779479;,
  -1.918599;30.858083;6.436252;,
  -2.067240;31.834026;5.774736;,
  -2.190407;32.915347;4.985322;,
  -1.812740;34.309312;4.918610;,
  -2.263078;33.814285;4.237271;,
  -1.446183;31.513130;5.350599;,
  -1.262290;30.659869;5.987383;,
  -1.682897;32.624992;4.455576;,
  -1.866135;33.472829;3.767287;,
  -2.323491;34.303658;3.919572;,
  -2.104974;34.677536;4.368682;,
  -1.877202;34.795773;4.587783;,
  -1.917119;33.918483;3.434308;,
  -2.408143;34.773536;3.005339;,
  -2.008814;34.175274;3.258955;,
  -2.404628;34.786086;3.429107;,
  -2.379318;34.607958;3.667510;,
  -2.233552;35.156826;4.022642;,
  -1.984972;35.421734;4.252353;,
  -1.606933;35.577453;4.431356;,
  -1.343985;34.928893;4.799436;,
  -2.037302;34.190742;3.144547;,
  -1.145075;35.584714;4.525520;,
  -0.651015;35.983299;4.183238;,
  -1.142194;36.009677;4.235806;,
  -1.603407;35.942893;4.162767;,
  -2.021584;35.781907;3.987156;,
  -2.316816;35.452474;3.764459;,
  -2.357456;35.588970;3.482951;,
  -2.385587;35.633648;3.200100;,
  -1.594827;36.211766;3.931049;,
  -2.042852;35.973018;3.822091;,
  -2.066021;36.179168;3.540749;,
  -2.111923;36.306138;3.217362;,
  -2.266432;36.411494;2.690987;,
  -2.460192;35.661331;2.812042;,
  -0.648870;36.519110;3.525796;,
  -1.139413;36.335309;3.959824;,
  -0.642301;36.283776;3.909592;,
  -1.100062;36.592163;3.564438;,
  -1.571126;36.479187;3.586433;,
  -1.553603;36.612400;3.185931;,
  -1.070989;36.712630;3.112437;,
  -0.689319;36.633910;3.072440;,
  -0.468291;36.509738;3.053293;,
  -0.405601;36.374698;3.481859;,
  -0.236923;35.984387;3.778221;,
  -1.531724;36.767510;2.723234;,
  -1.083095;36.796432;2.624287;,
  -0.699650;36.718080;2.586452;,
  -0.419298;36.573014;2.557492;,
  -0.035943;36.077037;2.759714;,
  -0.090366;36.059104;3.138132;,
  -0.201667;34.303776;3.351985;,
  0.023576;34.586272;3.757115;,
  -0.301851;33.941360;3.545284;,
  0.052800;34.754864;3.492737;,
  -0.271940;34.344768;3.175334;,
  0.076213;34.744246;3.309816;,
  0.098922;34.662941;3.144208;,
  0.079991;35.472381;3.245476;,
  0.137265;35.415811;3.003695;,
  -0.544870;34.219955;3.302692;,
  0.036753;35.476387;3.458778;,
  -0.102002;35.970096;3.445023;,
  0.001143;35.365482;3.726402;,
  -0.013979;35.084970;3.980236;,
  -0.034170;34.628221;4.294519;,
  -0.009294;34.264157;3.913964;,
  -0.300285;35.437222;4.283166;,
  -0.296753;35.810080;4.029088;,
  -0.659233;35.571802;4.476966;,
  -0.703835;34.954099;4.813554;,
  -0.305535;34.873974;4.574035;,
  0.000230;32.178390;6.154966;,
  -0.026235;33.286026;5.362006;,
  -0.060740;34.157555;4.645926;,
  -0.044088;33.805920;4.230551;,
  -0.022284;32.920605;4.915317;,
  -0.008157;31.825462;5.757952;,
  -0.531002;30.630086;5.922330;,
  -1.253707;30.263142;6.353282;,
  -1.311808;29.925667;6.674276;,
  -1.262290;30.659869;5.987383;,
  -0.563546;31.444918;5.326297;,
  -0.669370;32.581994;4.438572;,
  -0.371285;33.503382;3.839828;,
  -1.062037;33.425584;3.691067;,
  -1.015764;33.810246;3.395834;,
  -0.830530;34.123946;3.259979;,
  -0.524386;34.224307;3.185091;,
  -1.243345;34.092048;3.212970;,
  -1.290422;34.082765;3.159508;,
  -0.952201;34.143098;3.170307;,
  -1.446183;31.513130;5.350599;,
  -1.682897;32.624992;4.455576;,
  -1.866135;33.472829;3.767287;,
  -1.917119;33.918483;3.434308;,
  -2.008814;34.175274;3.258955;,
  -2.037302;34.190742;3.144547;,
  -1.538770;29.139424;7.971174;,
  -1.261856;29.470496;6.930809;,
  -1.172388;28.916781;7.512472;,
  -1.058593;29.626195;8.555603;,
  -1.776490;29.774227;7.366806;,
  -1.311808;29.925667;6.674276;,
  -0.470612;29.897155;8.798000;,
  -1.253707;30.263142;6.353282;,
  -1.545086;38.983197;0.778799;,
  -1.122120;38.572541;1.045314;,
  -1.157178;38.986384;1.067444;,
  -1.570075;38.640915;0.808909;,
  -1.165816;38.030038;1.093641;,
  -1.830546;38.972410;0.386954;,
  -1.891154;38.968630;-0.000012;,
  -1.813511;38.630042;0.373229;,
  -1.646256;38.043869;0.860479;,
  -1.258067;37.659690;1.198629;,
  -1.386095;37.345235;1.463720;,
  -2.573907;35.653520;2.162033;,
  -2.632241;36.206989;1.282298;,
  -2.778643;35.320819;1.410811;,
  -2.407141;36.454253;2.023277;,
  -2.224108;36.888342;1.150732;,
  -1.561496;37.047715;2.085269;,
  -1.851836;37.451392;1.006342;,
  -1.847404;38.070896;0.360738;,
  -1.873664;38.592141;-0.000012;,
  -2.903761;35.066115;0.892188;,
  -2.730255;35.811587;-0.000012;,
  -2.876537;34.923766;-0.000012;,
  -2.746480;36.021430;0.697969;,
  -2.460625;36.716154;0.538940;,
  -2.053041;37.413293;0.406571;,
  -1.943544;38.066829;-0.000012;,
  -2.507324;36.705917;-0.000012;,
  -2.154714;37.423437;-0.000012;,
  -0.596190;36.580467;1.402765;,
  0.015429;36.364250;0.793004;,
  -0.448447;36.746278;0.912807;,
  -0.233072;36.490195;1.439181;,
  -0.408235;36.623795;2.048038;,
  -0.714210;36.689280;2.043611;,
  -0.699650;36.718080;2.586452;,
  -1.083095;36.796432;2.624287;,
  -0.419298;36.573014;2.557492;,
  0.523231;35.816902;0.392620;,
  0.835023;35.220339;-0.000012;,
  0.362656;35.940182;-0.000012;,
  0.434328;36.194957;0.410020;,
  0.068612;36.368166;0.334797;,
  -0.228949;36.918022;0.601599;,
  -0.860215;37.291056;1.104244;,
  -1.003086;37.058310;1.486922;,
  -0.586932;37.884080;0.869125;,
  -0.095799;37.879478;0.487156;,
  -0.621032;38.482666;1.007123;,
  -0.045769;37.033882;0.358640;,
  0.077405;36.214387;-0.000012;,
  0.022892;37.054246;-0.000012;,
  0.149169;37.824314;-0.000012;,
  -1.122120;38.572541;1.045314;,
  -1.165816;38.030038;1.093641;,
  -1.157178;38.986384;1.067444;,
  -0.668707;38.924358;1.107483;,
  -0.156194;38.405923;0.700423;,
  0.088557;38.185974;0.376272;,
  0.227297;38.076150;-0.000012;,
  -1.043813;36.952205;2.044721;,
  -1.531724;36.767510;2.723234;,
  -1.561496;37.047715;2.085269;,
  -1.386095;37.345235;1.463720;,
  -1.258067;37.659690;1.198629;,
  0.235688;35.416269;2.607218;,
  -0.035943;36.077037;2.759714;,
  0.137265;35.415811;3.003695;,
  0.098922;34.662941;3.144208;,
  -0.118695;34.106602;3.053623;,
  0.266721;34.430218;3.025386;,
  0.792389;34.538154;2.516983;,
  1.065434;34.755098;1.768648;,
  1.511800;34.407158;1.810618;,
  1.828636;34.236458;1.055371;,
  2.237516;33.951805;1.226295;,
  2.019546;33.999277;0.804648;,
  2.489672;33.629104;0.872476;,
  1.292669;34.192573;2.448788;,
  0.190272;33.748714;2.955853;,
  -0.346381;33.668314;3.029391;,
  0.655058;34.012864;2.843010;,
  1.151448;33.831786;2.737175;,
  1.608675;33.670022;2.663521;,
  1.716084;33.912144;2.384075;,
  1.925141;34.091309;1.859412;,
  0.697652;33.383456;2.895105;,
  0.697652;33.383456;2.895105;,
  1.145598;33.406160;2.904960;,
  0.392806;33.012963;2.946831;,
  -0.136996;32.758502;2.918180;,
