xof 0303txt 0032
template ColorRGBA {
 <35ff44e0-6c7c-11cf-8f52-0040333594a3>
 FLOAT red;
 FLOAT green;
 FLOAT blue;
 FLOAT alpha;
}

template ColorRGB {
 <d3e16e81-7835-11cf-8f52-0040333594a3>
 FLOAT red;
 FLOAT green;
 FLOAT blue;
}

template Material {
 <3d82ab4d-62da-11cf-ab39-0020af71e433>
 ColorRGBA faceColor;
 FLOAT power;
 ColorRGB specularColor;
 ColorRGB emissiveColor;
 [...]
}

template TextureFilename {
 <a42790e1-7810-11cf-8f52-0040333594a3>
 STRING filename;
}

template Frame {
 <3d82ab46-62da-11cf-ab39-0020af71e433>
 [...]
}

template Matrix4x4 {
 <f6f23f45-7686-11cf-8f52-0040333594a3>
 array FLOAT matrix[16];
}

template FrameTransformMatrix {
 <f6f23f41-7686-11cf-8f52-0040333594a3>
 Matrix4x4 frameMatrix;
}

template Vector {
 <3d82ab5e-62da-11cf-ab39-0020af71e433>
 FLOAT x;
 FLOAT y;
 FLOAT z;
}

template MeshFace {
 <3d82ab5f-62da-11cf-ab39-0020af71e433>
 DWORD nFaceVertexIndices;
 array DWORD faceVertexIndices[nFaceVertexIndices];
}

template Mesh {
 <3d82ab44-62da-11cf-ab39-0020af71e433>
 DWORD nVertices;
 array Vector vertices[nVertices];
 DWORD nFaces;
 array MeshFace faces[nFaces];
 [...]
}

template MeshNormals {
 <f6f23f43-7686-11cf-8f52-0040333594a3>
 DWORD nNormals;
 array Vector normals[nNormals];
 DWORD nFaceNormals;
 array MeshFace faceNormals[nFaceNormals];
}

template MeshMaterialList {
 <f6f23f42-7686-11cf-8f52-0040333594a3>
 DWORD nMaterials;
 DWORD nFaceIndexes;
 array DWORD faceIndexes[nFaceIndexes];
 [Material <3d82ab4d-62da-11cf-ab39-0020af71e433>]
}

template Coords2d {
 <f6f23f44-7686-11cf-8f52-0040333594a3>
 FLOAT u;
 FLOAT v;
}

template MeshTextureCoords {
 <f6f23f40-7686-11cf-8f52-0040333594a3>
 DWORD nTextureCoords;
 array Coords2d textureCoords[nTextureCoords];
}

template XSkinMeshHeader {
 <3cf169ce-ff7c-44ab-93c0-f78f62d172e2>
 WORD nMaxSkinWeightsPerVertex;
 WORD nMaxSkinWeightsPerFace;
 WORD nBones;
}

template SkinWeights {
 <6f0d123b-bad2-4167-a0d0-80224f25fabb>
 STRING transformNodeName;
 DWORD nWeights;
 array DWORD vertexIndices[nWeights];
 array FLOAT weights[nWeights];
 Matrix4x4 matrixOffset;
}

template AnimTicksPerSecond {
 <9e415a43-7ba6-4a73-8743-b73d47e88476>
 DWORD AnimTicksPerSecond;
}

template Animation {
 <3d82ab4f-62da-11cf-ab39-0020af71e433>
 [...]
}

template AnimationSet {
 <3d82ab50-62da-11cf-ab39-0020af71e433>
 [Animation <3d82ab4f-62da-11cf-ab39-0020af71e433>]
}

template FloatKeys {
 <10dd46a9-775b-11cf-8f52-0040333594a3>
 DWORD nValues;
 array FLOAT values[nValues];
}

template TimedFloatKeys {
 <f406b180-7b3b-11cf-8f52-0040333594a3>
 DWORD time;
 FloatKeys tfkeys;
}

template AnimationKey {
 <10dd46a8-775b-11cf-8f52-0040333594a3>
 DWORD keyType;
 DWORD nKeys;
 array TimedFloatKeys keys[nKeys];
}


Material Material__35 {
 1.000000;1.000000;1.000000;1.000000;;
 10.000000;
 0.000000;0.000000;0.000000;;
 0.000000;0.000000;0.000000;;

 TextureFilename {
  "Human_F_L03_Body_diff.dds";
 }
}

Frame Dummy_root {
 

 FrameTransformMatrix {
  1.000000,0.000000,0.000000,0.000000,0.000000,1.000000,0.000000,0.000000,0.000000,0.000000,1.000000,0.000000,0.000000,23.000000,0.000000,1.000000;;
 }

 Frame FxBottom {
  

  FrameTransformMatrix {
   1.000000,0.000000,0.000000,0.000000,0.000000,1.000000,0.000000,0.000000,-0.000000,0.000000,1.000000,0.000000,0.000000,-23.000000,-0.000000,1.000000;;
  }
 }

 Frame Bip01 {
  

  FrameTransformMatrix {
   1.000000,0.000000,0.000001,0.000000,0.000000,1.000000,0.000000,0.000000,-0.000001,0.000000,1.000000,0.000000,-0.194762,0.659397,0.000000,1.000000;;
  }

  Frame Bip01-Pelvis {
   

   FrameTransformMatrix {
    0.000001,1.000000,-0.000001,0.000000,-0.000001,0.000001,1.000000,0.000000,1.000000,-0.000001,0.000001,0.000000,0.000000,0.000000,0.000000,1.000000;;
   }

   Frame Bip01-Spine {
    

    FrameTransformMatrix {
     0.999030,0.000001,0.044033,0.000000,-0.000001,1.000000,0.000003,0.000000,-0.044033,-0.000003,0.999030,0.000000,2.358109,0.000003,-0.000993,1.000000;;
    }

    Frame Bip01-Spine1 {
     

     FrameTransformMatrix {
      0.998814,0.000000,0.048692,0.000000,-0.000000,1.000000,0.000001,0.000000,-0.048693,-0.000002,0.998814,0.000000,0.209326,-0.000000,-0.002766,1.000000;;
     }

     Frame Bip01-Spine2 {
      

      FrameTransformMatrix {
       0.993206,-0.000000,-0.116369,0.000000,0.000000,1.000000,0.000001,0.000000,0.116369,-0.000001,0.993206,0.000000,3.478325,0.000000,-0.001153,1.000000;;
      }

      Frame Bip01-Spine3 {
       

       FrameTransformMatrix {
        0.996891,-0.000001,-0.078797,0.000000,0.000000,1.000000,-0.000001,0.000000,0.078797,0.000001,0.996891,0.000000,1.456829,-0.000000,-0.004309,1.000000;;
       }

       Frame Bip01-Neck {
        

        FrameTransformMatrix {
         0.976813,0.000001,0.214094,0.000000,-0.000001,1.000000,-0.000000,0.000000,-0.214094,0.000000,0.976813,0.000000,5.539909,0.000000,-0.690871,1.000000;;
        }

        Frame Bip01-Head {
         

         FrameTransformMatrix {
          0.999958,-0.000000,-0.009206,0.000000,0.000000,1.000000,-0.000000,0.000000,0.009206,0.000000,0.999958,0.000000,2.474251,-0.000000,0.000002,1.000000;;
         }

         Frame Bip01-HeadNub {
          

          FrameTransformMatrix {
           1.000000,-0.000000,0.000000,0.000000,0.000000,1.000000,0.000001,0.000000,0.000000,-0.000001,1.000000,0.000000,4.628929,-0.000000,-0.000000,1.000000;;
          }
         }

         Frame FxTop {
          

          FrameTransformMatrix {
           0.103621,0.000001,0.994617,0.000000,0.994617,-0.000000,-0.103621,0.000000,0.000000,1.000000,-0.000001,0.000000,4.500027,-0.000004,-0.000000,1.000000;;
          }
         }
        }

        Frame Bip01-L-Clavicle {
         

         FrameTransformMatrix {
          -0.249953,0.966696,0.054990,0.000000,0.944116,0.255930,-0.207716,0.000000,-0.214872,-0.000002,-0.976642,0.000000,-0.753037,0.957158,0.028458,1.000000;;
         }

         Frame Bip01-L-UpperArm {
          

          FrameTransformMatrix {
           0.798871,-0.594050,0.094384,0.000000,0.578814,0.801906,0.148056,0.000000,-0.163640,-0.063647,0.984465,0.000000,2.305935,-0.000004,0.000001,1.000000;;
          }

          Frame Bip01-L-Forearm {
           

           FrameTransformMatrix {
            0.930629,0.000000,-0.365965,0.000000,0.000000,1.000000,-0.000000,0.000000,0.365965,0.000000,0.930629,0.000000,6.131239,0.000000,0.000001,1.000000;;
           }

           Frame Bip01-L-Hand {
            

            FrameTransformMatrix {
             0.989065,-0.040580,0.141786,0.000000,-0.144470,-0.073387,0.986784,0.000000,-0.029638,-0.996478,-0.078447,0.000000,6.144238,0.000000,-0.000004,1.000000;;
            }

            Frame Bip01-L-Finger0 {
             

             FrameTransformMatrix {
              0.722825,-0.531684,0.441403,0.000000,0.371542,-0.239557,-0.896978,0.000000,0.582649,0.812358,0.024385,0.000000,0.431654,-0.683446,0.267918,1.000000;;
             }

             Frame Bip01-L-Finger01 {
              

              FrameTransformMatrix {
               0.985852,0.000000,0.167616,0.000000,-0.000000,1.000000,-0.000000,0.000000,-0.167616,0.000000,0.985852,0.000000,1.065220,0.000002,0.000002,1.000000;;
              }

              Frame Bip01-L-Finger02 {
               

               FrameTransformMatrix {
                0.950837,0.000000,0.309691,0.000000,0.000000,1.000000,-0.000001,0.000000,-0.309691,0.000000,0.950837,0.000000,0.739168,-0.000002,-0.000003,1.000000;;
               }

               Frame Bip01-L-Finger0Nub {
                

                FrameTransformMatrix {
                 1.000000,-0.000000,0.000000,0.000000,0.000000,1.000000,0.000000,0.000000,-0.000000,-0.000000,1.000000,0.000000,0.862501,-0.000002,0.000000,1.000000;;
                }
               }
              }
             }
            }

            Frame Bip01-L-Finger1 {
             

             FrameTransformMatrix {
              0.890676,0.007232,0.454582,0.000000,0.005919,0.999604,-0.027500,0.000000,-0.454601,0.027185,0.890280,0.000000,2.096303,-0.862210,-0.077713,1.000000;;
             }

             Frame Bip01-L-Finger11 {
              

              FrameTransformMatrix {
               0.877627,-0.000000,0.479344,0.000000,0.000000,1.000000,-0.000000,0.000000,-0.479344,0.000000,0.877627,0.000000,1.331194,0.000002,0.000003,1.000000;;
              }

              Frame Bip01-L-Finger12 {
               

               FrameTransformMatrix {
                0.932920,-0.000000,0.360082,0.000000,0.000000,1.000000,0.000000,0.000000,-0.360082,-0.000000,0.932921,0.000000,0.723097,-0.000001,-0.000001,1.000000;;
               }

               Frame Bip01-L-Finger1Nub {
                

                FrameTransformMatrix {
                 1.000000,0.000000,0.000000,0.000000,-0.000000,1.000000,-0.000000,0.000000,0.000000,0.000000,1.000000,0.000000,0.679667,0.000001,0.000001,1.000000;;
                }
               }
              }
             }
            }

            Frame Bip01-L-Finger2 {
             

             FrameTransformMatrix {
              0.882745,0.035112,0.468540,0.000000,-0.013270,0.998669,-0.049838,0.000000,-0.469666,0.037777,0.882035,0.000000,2.179713,-0.283319,-0.116974,1.000000;;
             }

             Frame Bip01-L-Finger21 {
              

              FrameTransformMatrix {
               0.795542,-0.000000,0.605899,0.000000,0.000000,1.000000,0.000000,0.000000,-0.605899,-0.000000,0.795543,0.000000,1.406769,0.000000,-0.000003,1.000000;;
              }

              Frame Bip01-L-Finger22 {
               

               FrameTransformMatrix {
                0.981120,-0.000000,0.193399,0.000000,-0.000000,1.000000,0.000000,0.000000,-0.193399,-0.000000,0.981120,0.000000,0.840509,0.000001,0.000002,1.000000;;
               }

               Frame Bip01-L-Finger2Nub {
                

                FrameTransformMatrix {
                 1.000000,-0.000000,-0.000000,0.000000,0.000000,1.000000,-0.000000,0.000000,0.000000,0.000000,1.000000,0.000000,0.664875,-0.000001,-0.000003,1.000000;;
                }
               }
              }
             }
            }

            Frame Bip01-L-Finger3 {
             

             FrameTransformMatrix {
              0.896787,0.157212,0.413591,0.000000,-0.134986,0.987396,-0.082634,0.000000,-0.421369,0.018276,0.906705,0.000000,2.073351,0.186407,-0.130487,1.000000;;
             }

             Frame Bip01-L-Finger31 {
              

              FrameTransformMatrix {
               0.760569,0.000000,0.649258,0.000000,0.000001,1.000000,-0.000001,0.000000,-0.649258,0.000001,0.760569,0.000000,1.365458,0.000000,0.000002,1.000000;;
              }

              Frame Bip01-L-Finger32 {
               

               FrameTransformMatrix {
                0.978941,-0.000000,0.204143,0.000000,0.000000,1.000000,0.000000,0.000000,-0.204143,-0.000000,0.978941,0.000000,0.768665,0.000000,0.000002,1.000000;;
               }

               Frame Bip01-L-Finger3Nub {
                

                FrameTransformMatrix {
                 1.000000,0.000000,-0.000000,0.000000,-0.000000,1.000000,0.000000,0.000000,0.000000,0.000000,1.000000,0.000000,0.649353,0.000000,0.000001,1.000000;;
                }
               }
              }
             }
            }

            Frame Bip01-L-Finger4 {
             

             FrameTransformMatrix {
              0.885086,0.251358,0.391718,0.000000,-0.224521,0.967811,-0.113722,0.000000,-0.407693,0.012705,0.913030,0.000000,1.882345,0.690607,0.070721,1.000000;;
             }

             Frame Bip01-L-Finger41 {
              

              FrameTransformMatrix {
               0.785957,-0.000000,0.618281,0.000000,0.000000,1.000000,-0.000000,0.000000,-0.618281,0.000000,0.785957,0.000000,1.108318,0.000000,-0.000002,1.000000;;
              }

              Frame Bip01-L-Finger42 {
               

               FrameTransformMatrix {
                0.944870,-0.000000,0.327444,0.000000,0.000000,1.000000,0.000000,0.000000,-0.327444,-0.000000,0.944871,0.000000,0.520340,0.000000,0.000002,1.000000;;
               }

               Frame Bip01-L-Finger4Nub {
                

                FrameTransformMatrix {
                 1.000000,-0.000000,0.000000,0.000000,-0.000000,1.000000,0.000000,0.000000,-0.000000,0.000000,1.000000,0.000000,0.515339,0.000000,-0.000002,1.000000;;
                }
               }
              }
             }
            }

            Frame FxHand00 {
             

             FrameTransformMatrix {
              0.220347,-0.936490,0.272824,0.000000,-0.759402,-0.340240,-0.554568,0.000000,0.612174,-0.084986,-0.786143,0.000000,1.500004,0.499998,2.000002,1.000000;;
             }
            }

            Frame L_Sword {
             

             FrameTransformMatrix {
              0.976767,0.039081,-0.210713,0.000000,0.070766,-0.986897,0.145000,0.000000,-0.202285,-0.156543,-0.966734,0.000000,0.000001,-0.000001,0.000000,1.000000;;
             }
            }
           }

           Frame L_Elbow {
            

            FrameTransformMatrix {
             0.982504,-0.000000,0.186241,0.000000,-0.000000,1.000000,0.000000,0.000000,-0.186241,-0.000000,0.982504,0.000000,-0.000002,0.000000,0.000000,1.000000;;
            }
           }

           Frame L_Shield {
            

            FrameTransformMatrix {
             1.000000,-0.000001,0.000000,0.000000,0.000000,1.000000,0.000000,0.000000,0.000000,-0.000000,1.000000,0.000000,2.500002,2.500004,-0.000001,1.000000;;
            }
           }

           Frame Bip01-L-ForeTwist {
            

            FrameTransformMatrix {
             1.000000,0.000000,-0.000000,0.000000,-0.000000,0.999311,0.037108,0.000000,0.000000,-0.037108,0.999311,0.000000,-0.000002,0.000000,0.000000,1.000000;;
            }
           }
          }

          Frame L_Shoulder {
           

           FrameTransformMatrix {
            0.948343,0.307755,-0.077028,0.000000,-0.311669,0.949122,-0.045063,0.000000,0.059241,0.066743,0.996010,0.000000,0.000000,0.000000,0.000000,1.000000;;
           }
          }

          Frame L_Shoulder_Twist {
           

           FrameTransformMatrix {
            1.000000,0.000000,0.000000,0.000000,0.000000,1.000000,-0.000000,0.000000,-0.000000,0.000000,1.000000,0.000000,0.000000,0.000000,0.000000,1.000000;;
           }
          }
         }
        }

        Frame Bip01-R-Clavicle {
         

         FrameTransformMatrix {
          -0.249952,-0.966695,0.054995,0.000000,-0.944116,0.255931,0.207715,0.000000,-0.214872,-0.000003,-0.976642,0.000000,-0.753037,-0.957160,0.028463,1.000000;;
         }

         Frame Bip01-R-UpperArm {
          

          FrameTransformMatrix {
           0.798872,0.594050,0.094384,0.000000,-0.578815,0.801906,-0.148056,0.000000,-0.163639,0.063647,0.984465,0.000000,2.305938,0.000004,0.000001,1.000000;;
          }

          Frame Bip01-R-Forearm {
           

           FrameTransformMatrix {
            0.930629,-0.000000,-0.365965,0.000000,0.000000,1.000000,-0.000000,0.000000,0.365965,-0.000000,0.930629,0.000000,6.131231,0.000000,0.000003,1.000000;;
           }

           Frame Bip01-R-Hand {
            

            FrameTransformMatrix {
             0.989065,0.040580,0.141786,0.000000,0.144470,-0.073387,-0.986784,0.000000,-0.029639,0.996478,-0.078447,0.000000,6.144241,0.000002,0.000000,1.000000;;
            }

            Frame Bip01-R-Finger0 {
             

             FrameTransformMatrix {
              0.722826,0.531684,0.441402,0.000000,-0.371541,-0.239557,0.896978,0.000000,0.582649,-0.812358,0.024384,0.000000,0.431652,0.683446,0.267916,1.000000;;
             }

             Frame Bip01-R-Finger01 {
              

              FrameTransformMatrix {
               0.985852,0.000000,0.167616,0.000000,-0.000000,1.000000,-0.000000,0.000000,-0.167616,0.000000,0.985853,0.000000,1.065218,0.000000,0.000000,1.000000;;
              }

              Frame Bip01-R-Finger02 {
               

               FrameTransformMatrix {
                0.950837,0.000000,0.309691,0.000000,0.000000,1.000000,-0.000000,0.000000,-0.309691,0.000000,0.950837,0.000000,0.739166,0.000002,-0.000001,1.000000;;
               }

               Frame Bip01-R-Finger0Nub {
                

                FrameTransformMatrix {
                 -1.000000,0.000000,0.000000,0.000000,0.000000,1.000000,-0.000000,0.000000,-0.000000,-0.000000,-1.000000,0.000000,0.862499,0.000004,-0.000002,1.000000;;
                }
               }
              }
             }
            }

            Frame Bip01-R-Finger1 {
             

             FrameTransformMatrix {
              0.890676,-0.007232,0.454582,0.000000,-0.005918,0.999604,0.027500,0.000000,-0.454601,-0.027184,0.890281,0.000000,2.096302,0.862207,-0.077711,1.000000;;
             }

             Frame Bip01-R-Finger11 {
              

              FrameTransformMatrix {
               0.877627,0.000000,0.479344,0.000000,-0.000000,1.000000,-0.000000,0.000000,-0.479344,-0.000000,0.877627,0.000000,1.331190,0.000003,-0.000006,1.000000;;
              }

              Frame Bip01-R-Finger12 {
               

               FrameTransformMatrix {
                0.932920,-0.000000,0.360082,0.000000,0.000000,1.000000,-0.000000,0.000000,-0.360082,0.000000,0.932920,0.000000,0.723099,0.000000,0.000002,1.000000;;
               }

               Frame Bip01-R-Finger1Nub {
                

                FrameTransformMatrix {
                 -1.000000,-0.000000,0.000000,0.000000,-0.000000,1.000000,-0.000001,0.000000,-0.000000,-0.000001,-1.000000,0.000000,0.679668,0.000000,-0.000001,1.000000;;
                }
               }
              }
             }
            }

            Frame Bip01-R-Finger2 {
             

             FrameTransformMatrix {
              0.882745,-0.035112,0.468539,0.000000,0.013271,0.998670,0.049837,0.000000,-0.469666,-0.037775,0.882036,0.000000,2.179710,0.283315,-0.116972,1.000000;;
             }

             Frame Bip01-R-Finger21 {
              

              FrameTransformMatrix {
               0.795542,-0.000000,0.605898,0.000000,0.000000,1.000000,0.000000,0.000000,-0.605898,-0.000000,0.795542,0.000000,1.406761,0.000001,-0.000002,1.000000;;
              }

              Frame Bip01-R-Finger22 {
               

               FrameTransformMatrix {
                0.981120,-0.000000,0.193399,0.000000,0.000000,1.000000,-0.000000,0.000000,-0.193399,0.000000,0.981121,0.000000,0.840508,0.000000,-0.000002,1.000000;;
               }

               Frame Bip01-R-Finger2Nub {
                

                FrameTransformMatrix {
                 -1.000000,0.000000,-0.000000,0.000000,0.000000,1.000000,0.000000,0.000000,0.000000,0.000000,-1.000000,0.000000,0.664873,0.000000,-0.000001,1.000000;;
                }
               }
              }
             }
            }

            Frame Bip01-R-Finger3 {
             

             FrameTransformMatrix {
              0.896787,-0.157212,0.413592,0.000000,0.134986,0.987396,0.082633,0.000000,-0.421369,-0.018275,0.906705,0.000000,2.073341,-0.186412,-0.130487,1.000000;;
             }

             Frame Bip01-R-Finger31 {
              

              FrameTransformMatrix {
               0.760568,0.000000,0.649258,0.000000,-0.000000,1.000000,-0.000000,0.000000,-0.649257,0.000000,0.760569,0.000000,1.365456,0.000000,0.000000,1.000000;;
              }

              Frame Bip01-R-Finger32 {
               

               FrameTransformMatrix {
                0.978941,-0.000000,0.204143,0.000000,0.000000,1.000000,-0.000000,0.000000,-0.204143,0.000000,0.978941,0.000000,0.768673,-0.000000,-0.000002,1.000000;;
               }

               Frame Bip01-R-Finger3Nub {
                

                FrameTransformMatrix {
                 -1.000000,0.000000,0.000000,0.000000,-0.000000,1.000000,-0.000000,0.000000,-0.000000,-0.000000,-1.000000,0.000000,0.649355,-0.000000,0.000003,1.000000;;
                }
               }
              }
             }
            }

            Frame Bip01-R-Finger4 {
             

             FrameTransformMatrix {
              0.885086,-0.251359,0.391717,0.000000,0.224522,0.967811,0.113722,0.000000,-0.407693,-0.012704,0.913031,0.000000,1.882342,-0.690611,0.070721,1.000000;;
             }

             Frame Bip01-R-Finger41 {
              

              FrameTransformMatrix {
               0.785957,-0.000000,0.618281,0.000000,0.000000,1.000000,0.000000,0.000000,-0.618281,-0.000000,0.785957,0.000000,1.108316,0.000001,-0.000004,1.000000;;
              }

              Frame Bip01-R-Finger42 {
               

               FrameTransformMatrix {
                0.944871,0.000000,0.327444,0.000000,-0.000000,1.000000,-0.000000,0.000000,-0.327444,0.000000,0.944870,0.000000,0.520340,0.000000,0.000001,1.000000;;
               }

               Frame Bip01-R-Finger4Nub {
                

                FrameTransformMatrix {
                 -1.000000,0.000000,-0.000000,0.000000,0.000000,1.000001,0.000000,0.000000,0.000000,0.000000,-1.000001,0.000000,0.515343,-0.000000,0.000004,1.000000;;
                }
               }
              }
             }
            }

            Frame FxHand01 {
             

             FrameTransformMatrix {
              0.220350,0.936490,0.272822,0.000000,-0.759401,0.340241,-0.554569,0.000000,-0.612173,-0.084982,0.786144,0.000000,1.499996,-0.500000,2.000002,1.000000;;
             }
            }

            Frame R_Sword {
             

             FrameTransformMatrix {
              0.976767,-0.039081,-0.210713,0.000000,0.070767,0.986898,0.145000,0.000000,0.202286,-0.156542,0.966735,0.000000,-0.000003,-0.000002,0.000000,1.000000;;
             }
            }
           }

           Frame R_Elbow {
            

            FrameTransformMatrix {
             0.982504,0.000000,0.186241,0.000000,-0.000000,1.000000,-0.000000,0.000000,-0.186241,0.000000,0.982504,0.000000,0.000002,0.000002,0.000001,1.000000;;
            }
           }

           Frame Bip01-R-ForeTwist {
            

            FrameTransformMatrix {
             1.000000,0.000000,-0.000000,0.000000,0.000000,0.999311,-0.037108,0.000000,0.000000,0.037108,0.999311,0.000000,0.000002,0.000002,0.000001,1.000000;;
            }
           }
          }

          Frame R_Shoulder {
           

           FrameTransformMatrix {
            0.948342,-0.307756,-0.077028,0.000000,0.311669,0.949121,0.045063,0.000000,0.059241,-0.066743,0.996010,0.000000,-0.000002,0.000002,0.000000,1.000000;;
           }
          }

          Frame R_Shoulder_Twist {
           

           FrameTransformMatrix {
            1.000000,-0.000000,0.000000,0.000000,0.000000,1.000000,-0.000000,0.000000,-0.000000,0.000000,1.000000,0.000000,0.000000,0.000000,0.000000,1.000000;;
           }
          }
         }
        }
       }

       Frame R_Breast {
        

        FrameTransformMatrix {
         0.063560,0.329543,-0.941998,0.000000,-0.003088,0.943968,0.330023,0.000000,0.997973,-0.018067,0.061016,0.000000,1.272751,-1.452000,1.209911,1.000000;;
        }
       }

       Frame L_Breast {
        

        FrameTransformMatrix {
         -0.063560,0.329545,0.941998,0.000000,0.003087,0.943967,-0.330025,0.000000,-0.997973,-0.018069,-0.061016,0.000000,1.272759,1.451767,1.209907,1.000000;;
        }
       }

       Frame L_spine3 {
        

        FrameTransformMatrix {
         0.980445,0.043404,-0.191946,0.000000,0.044220,-0.999022,-0.000032,0.000000,-0.191759,-0.008457,-0.981406,0.000000,2.104034,3.093147,-0.411916,1.000000;;
        }
       }

       Frame R_spine3 {
        

        FrameTransformMatrix {
         0.980446,-0.043406,-0.191942,0.000000,-0.044220,-0.999022,0.000038,0.000000,-0.191756,0.008450,-0.981406,0.000000,2.104042,-3.093147,-0.411908,1.000000;;
        }
       }

       Frame Acc_LA_Neck {
        

        FrameTransformMatrix {
         0.919453,-0.000000,-0.393199,0.000000,-0.000000,1.000000,-0.000001,0.000000,0.393199,0.000001,0.919454,0.000000,5.885692,0.000002,-1.489706,1.000000;;
        }
       }
      }

      Frame FxCenter {
       

       FrameTransformMatrix {
        -0.023870,0.000003,0.999715,0.000000,0.999715,-0.000000,0.023870,0.000000,0.000000,1.000000,-0.000002,0.000000,1.000004,-0.000002,0.000000,1.000000;;
       }
      }

      Frame Weapon_Back {
       

       FrameTransformMatrix {
        -0.999295,-0.000000,-0.037550,0.000000,0.000000,-1.000000,-0.000002,0.000000,-0.037550,-0.000002,0.999295,0.000000,4.711458,-0.000010,-2.809571,1.000000;;
       }
      }
     }
    }

    Frame Bip01-L-Thigh {
     

     FrameTransformMatrix {
      -0.997343,0.010238,0.072129,0.000000,-0.003068,-0.995100,0.098825,0.000000,0.072788,0.098341,0.992488,0.000000,-2.355772,2.566189,0.104822,1.000000;;
     }

     Frame Bip01-L-Calf {
      

      FrameTransformMatrix {
       0.989801,0.000000,-0.142458,0.000000,0.000000,1.000000,0.000002,0.000000,0.142458,-0.000002,0.989801,0.000000,10.047710,0.000001,0.000001,1.000000;;
      }

      Frame Bip01-L-Foot {
       

       FrameTransformMatrix {
        0.993368,0.006533,0.114794,0.000000,-0.007677,0.999925,0.009526,0.000000,-0.114723,-0.010344,0.993344,0.000000,10.474948,0.000000,0.000001,1.000000;;
       }

       Frame Bip01-L-Toe0 {
        

        FrameTransformMatrix {
         0.005122,-0.000012,0.999987,0.000000,0.000000,1.000000,0.000012,0.000000,-0.999987,-0.000000,0.005122,0.000000,3.213931,-0.000023,1.930074,1.000000;;
        }

        Frame Bip01-L-Toe0Nub {
         

         FrameTransformMatrix {
          -1.000000,-0.000000,0.000000,0.000000,-0.000000,1.000000,0.000000,0.000000,-0.000000,0.000000,-1.000000,0.000000,1.879583,0.000000,0.000000,1.000000;;
         }
        }
       }
      }

      Frame L_Knee {
       

       FrameTransformMatrix {
        0.997447,0.000000,0.071411,0.000000,-0.000000,1.000000,0.000001,0.000000,-0.071411,-0.000001,0.997447,0.000000,-0.000001,0.000000,-0.000000,1.000000;;
       }
      }

      Frame Bip01-LCalfTwist {
       

       FrameTransformMatrix {
        1.000000,-0.000000,-0.000000,0.000000,-0.000000,0.999989,0.004769,0.000000,0.000000,-0.004769,0.999989,0.000000,-0.000001,0.000000,-0.000000,1.000000;;
       }
      }
     }

     Frame L_Thigh {
      

      FrameTransformMatrix {
       1.000000,0.000000,0.000000,0.000000,-0.000000,1.000000,0.000000,0.000000,-0.000000,-0.000000,1.000000,0.000000,0.000002,0.000000,-0.000000,1.000000;;
      }
     }
    }

    Frame Bip01-R-Thigh {
     

     FrameTransformMatrix {
      -0.997343,-0.010238,0.072129,0.000000,0.003068,-0.995101,-0.098822,0.000000,0.072788,-0.098338,0.992488,0.000000,-2.355774,-2.566190,0.104832,1.000000;;
     }

     Frame Bip01-R-Calf {
      

      FrameTransformMatrix {
       0.989801,-0.000000,-0.142458,0.000000,0.000000,1.000000,-0.000001,0.000000,0.142458,0.000001,0.989801,0.000000,10.047706,-0.000001,-0.000000,1.000000;;
      }

      Frame Bip01-R-Foot {
       

       FrameTransformMatrix {
        0.993368,-0.006533,0.114794,0.000000,0.007676,0.999925,-0.009520,0.000000,-0.114724,0.010338,0.993344,0.000000,10.474942,-0.000001,0.000002,1.000000;;
       }

       Frame Bip01-R-Toe0 {
        

        FrameTransformMatrix {
         0.005122,0.000019,0.999987,0.000000,-0.000000,1.000000,-0.000019,0.000000,-0.999987,-0.000000,0.005122,0.000000,3.213934,0.000037,1.930075,1.000000;;
        }

        Frame Bip01-R-Toe0Nub {
         

         FrameTransformMatrix {
          1.000000,0.000000,-0.000000,0.000000,-0.000000,1.000000,-0.000000,0.000000,0.000000,0.000000,1.000000,0.000000,1.879583,0.000000,0.000000,1.000000;;
         }
        }
       }
      }

      Frame R_Knee {
       

       FrameTransformMatrix {
        0.997447,0.000000,0.071411,0.000000,-0.000000,1.000000,-0.000001,0.000000,-0.071411,0.000001,0.997447,0.000000,0.000001,-0.000000,0.000000,1.000000;;
       }
      }

      Frame Bip01-RCalfTwist {
       

       FrameTransformMatrix {
        1.000000,-0.000000,0.000000,0.000000,0.000000,0.999989,-0.004770,0.000000,-0.000000,0.004770,0.999989,0.000000,0.000000,0.000000,0.000000,1.000000;;
       }
      }
     }

     Frame R_Thigh {
      

      FrameTransformMatrix {
       1.000000,-0.000000,-0.000000,0.000000,0.000000,1.000000,-0.000000,0.000000,0.000000,0.000000,1.000000,0.000000,0.000002,0.000000,-0.000000,1.000000;;
      }
     }
    }

    Frame Skirt_Dummy {
     

     FrameTransformMatrix {
      -1.000000,0.000002,0.000796,0.000000,-0.000002,-1.000000,-0.000002,0.000000,0.000796,-0.000002,1.000000,0.000000,-0.033831,-0.000001,-0.263520,1.000000;;
     }

     Frame Skirt_LA_00 {
      

      FrameTransformMatrix {
       0.999790,-0.020175,-0.003611,0.000000,0.017105,0.918412,-0.395255,0.000000,0.011291,0.395111,0.918564,0.000000,0.359890,-2.818231,-2.555063,1.000000;;
      }

      Frame Skirt_LA_01 {
       

       FrameTransformMatrix {
        1.000000,-0.000000,0.000000,0.000000,0.000000,1.000000,-0.000004,0.000000,-0.000000,0.000004,1.000000,0.000000,4.312101,0.000000,0.000000,1.000000;;
       }
      }
     }
    }
   }
  }
 }
}

Frame Human_F_L03_Body_Skel {
 

 FrameTransformMatrix {
  1.000000,0.000000,0.000000,0.000000,0.000000,1.000000,0.000000,0.000000,0.000000,0.000000,1.000000,0.000000,0.000000,0.000000,0.000000,1.000000;;
 }

 Mesh Human_F_L03_Body_Skel {
  3340;
  -3.857442;23.810406;-0.323128;,
  -3.688389;23.417496;0.203035;,
  -3.704239;23.843394;-0.339070;,
  -3.588399;22.432795;0.742378;,
  -3.411922;22.166675;1.746510;,
  -3.699767;22.484294;0.777605;,
  -3.870530;22.907486;-0.086362;,
  -3.756920;22.870995;-0.100980;,
  -3.766390;23.405699;-0.798056;,
  -3.910565;23.416602;-0.726026;,
  -3.811424;23.413006;0.173491;,
  -3.622516;23.023333;0.958302;,
  -3.499778;23.035894;0.980350;,
  -3.240760;22.809597;1.792643;,
  -3.358248;22.789734;1.800335;,
  -2.716660;22.581795;2.987978;,
  -0.078614;21.917547;4.619764;,
  -1.073091;22.453875;4.439378;,
  -1.071318;21.873752;4.419801;,
  -1.878103;22.440043;4.042232;,
  -1.807019;22.485893;3.954397;,
  -2.413095;22.469083;3.586343;,
  -2.322109;22.514792;3.522158;,
  -2.835819;22.533912;3.038028;,
  -0.055384;21.885701;4.487159;,
  -1.029838;21.832699;4.293232;,
  -1.924020;21.846298;4.013490;,
  -2.454246;21.870058;3.541531;,
  -2.876248;21.933542;2.968708;,
  -3.284849;22.134995;1.714378;,
  -1.859218;21.822899;3.909036;,
  -2.369630;21.845394;3.455298;,
  -2.759519;21.905794;2.899605;,
  -0.596189;36.580467;-1.402765;,
  -0.408235;36.628662;-2.049565;,
  -0.714210;36.695194;-2.045467;,
  -1.003086;37.058307;-1.486922;,
  -1.043812;36.955501;-2.045755;,
  -0.860215;37.291066;-1.104244;,
  -0.448447;36.746278;-0.912807;,
  -1.531724;36.864909;-2.753785;,
  -1.083095;36.881322;-2.650915;,
  -1.575309;37.001290;-2.265474;,
  -1.547682;37.099418;-1.906719;,
  -1.386095;37.345226;-1.463719;,
  -1.258068;37.659690;-1.198629;,
  -1.165815;38.030038;-1.093641;,
  -0.586933;37.884080;-0.869125;,
  -1.122120;38.572541;-1.045314;,
  -0.233072;36.490192;-1.439180;,
  0.015429;36.364246;-0.793004;,
  -0.228949;36.918026;-0.601598;,
  -0.045769;37.033882;-0.358640;,
  -0.206690;37.892666;-0.608873;,
  -0.621033;38.482666;-1.007123;,
  0.316554;36.202086;-0.930320;,
  0.084534;36.306538;-1.465816;,
  0.434328;36.194957;-0.410020;,
  0.068613;36.368166;-0.334796;,
  0.362656;35.940182;-0.000013;,
  0.077405;36.214387;-0.000013;,
  0.523231;35.816902;-0.392620;,
  0.484695;35.866672;-0.951106;,
  0.338161;35.920112;-1.545349;,
  -0.132715;36.414710;-2.022687;,
  0.835023;35.220339;-0.000013;,
  0.833591;35.235082;-0.435165;,
  0.826118;35.298893;-0.999165;,
  1.153549;34.776931;-1.158836;,
  0.608837;35.413555;-1.699179;,
  0.056215;36.024563;-2.257208;,
  -0.419298;36.647299;-2.580794;,
  -0.699650;36.802976;-2.613081;,
  0.792389;34.565811;-2.525657;,
  1.511800;34.407149;-1.810616;,
  1.292670;34.192573;-2.448788;,
  1.925141;34.091309;-1.859411;,
  2.237516;33.951805;-1.225014;,
  1.828636;34.236458;-1.055370;,
  1.065434;34.755098;-1.768648;,
  0.235688;35.483930;-2.628440;,
  -0.035943;36.143584;-2.780588;,
  2.531876;33.154115;-0.418881;,
  2.867797;32.723600;-0.708199;,
  2.712810;33.178278;-0.716927;,
  2.233218;33.699142;-0.611922;,
  2.194755;33.103555;-0.169013;,
  1.827657;33.716563;-0.290071;,
  2.019546;33.999277;-0.803366;,
  1.604134;34.085213;-0.424516;,
  1.444495;34.425894;-0.690448;,
  1.241086;34.526883;-0.416494;,
  1.165023;34.570816;-0.000013;,
  1.446813;34.119434;-0.001294;,
  1.697954;33.717149;-0.002576;,
  2.047416;33.083107;-0.002576;,
  2.214502;32.480314;-0.002576;,
  2.695662;32.632659;-0.413883;,
  2.407898;32.526074;-0.154309;,
  2.775527;32.257622;-0.517891;,
  2.915761;32.440867;-0.794594;,
  2.417960;32.093018;-0.295312;,
  2.781198;31.945949;-0.675939;,
  2.907495;32.140643;-1.035692;,
  2.956162;32.486112;-1.287218;,
  2.941357;32.728995;-1.045678;,
  2.402635;31.763200;-0.493321;,
  2.277779;31.584656;-0.294256;,
  2.256866;31.986083;-0.002576;,
  2.489672;33.629101;-0.875064;,
  2.798374;33.175744;-1.008734;,
  2.644808;33.493955;-1.159644;,
  2.547689;33.646698;-1.427636;,
  -1.575309;37.001296;2.265474;,
  -2.266431;36.509030;2.721580;,
  -1.531723;36.864909;2.753785;,
  -2.364042;36.499539;2.225424;,
  -1.547682;37.099418;1.906718;,
  -1.991243;37.888461;-0.000013;,
  -2.053041;37.413293;0.406571;,
  -1.892062;37.880042;0.361549;,
  -1.851835;37.451392;1.006342;,
  -2.224108;36.888342;1.150732;,
  -2.450241;36.413018;1.822396;,
  -2.528505;35.731354;2.408429;,
  -2.632241;36.206989;1.282297;,
  -2.154715;37.423437;-0.000013;,
  -2.460625;36.716154;0.538940;,
  -2.746480;36.021430;0.697969;,
  -2.507323;36.705917;-0.000013;,
  -2.730255;35.811587;-0.000013;,
  -2.925946;34.947427;0.256288;,
  -2.876536;34.923766;-0.000013;,
  -2.903761;35.066115;0.892188;,
  -2.778643;35.320819;1.410810;,
  -2.619309;35.613683;1.927555;,
  0.088556;38.185974;0.376271;,
  0.149168;37.824310;-0.000013;,
  0.227296;38.076150;-0.000013;,
  -0.156195;38.405923;0.700423;,
  0.015091;37.866291;0.365440;,
  0.022892;37.054246;-0.000013;,
  -0.206690;37.892669;0.608873;,
  -0.045769;37.033882;0.358640;,
  0.077405;36.214387;-0.000013;,
  0.068613;36.368166;0.334796;,
  0.362656;35.940182;-0.000013;,
  -0.621033;38.482666;1.007123;,
  -0.586933;37.884080;0.869125;,
  -0.228949;36.918022;0.601598;,
  -0.860215;37.291066;1.104244;,
  -1.003086;37.058310;1.486922;,
  -1.258068;37.659690;1.198629;,
  -1.386095;37.345235;1.463719;,
  -1.165816;38.030038;1.093641;,
  -1.122120;38.572541;1.045314;,
  -1.157177;38.986384;1.067444;,
  -0.668707;38.924358;1.107483;,
  -0.596189;36.580467;1.402765;,
  -0.448448;36.746278;0.912807;,
  -0.714210;36.695197;2.045467;,
  -1.043812;36.955501;2.045755;,
  -1.083095;36.881325;2.650915;,
  -1.531723;36.864909;2.753785;,
  -1.575309;37.001296;2.265474;,
  -1.547682;37.099418;1.906718;,
  -0.408235;36.628666;2.049565;,
  0.056215;36.024566;2.257208;,
  -0.035943;36.143584;2.780588;,
  0.235688;35.483933;2.628440;,
  -0.419298;36.647309;2.580794;,
  -0.132715;36.414714;2.022687;,
  -0.699650;36.802976;2.613081;,
  0.015429;36.364250;0.793004;,
  -0.233072;36.490195;1.439180;,
  0.084534;36.306538;1.465816;,
  0.338161;35.920112;1.545349;,
  0.608837;35.413558;1.699179;,
  1.065434;34.755098;1.768648;,
  1.828636;34.236458;1.055370;,
  1.153549;34.776931;1.158836;,
  1.827657;33.716563;0.284919;,
  2.019546;33.999280;0.803366;,
  2.233218;33.699146;0.606770;,
  1.604134;34.085213;0.424516;,
  1.444495;34.425894;0.690448;,
  0.826117;35.298893;0.999165;,
  0.484695;35.866672;0.951106;,
  2.867797;32.723603;0.703047;,
  2.531876;33.154115;0.413729;,
  2.712810;33.178285;0.711775;,
  2.194755;33.103558;0.163861;,
  2.047416;33.083107;-0.002576;,
  1.697954;33.717149;-0.002576;,
  1.446813;34.119434;-0.001294;,
  1.241085;34.526883;0.416494;,
  1.165023;34.570816;-0.000013;,
  2.214502;32.480314;-0.002576;,
  0.833591;35.235082;0.435165;,
  0.835023;35.220339;-0.000013;,
  0.523231;35.816902;0.392620;,
  0.434328;36.194957;0.410020;,
  0.316554;36.202083;0.930320;,
  -1.258068;37.659690;1.198629;,
  -1.620301;38.221779;0.826337;,
  -1.672212;37.865942;0.894620;,
  -1.386095;37.345235;1.463719;,
  -1.165816;38.030038;1.093641;,
  -1.570076;38.640915;0.808909;,
  -1.813511;38.630042;0.373229;,
  -1.802748;38.261754;0.359927;,
  -1.122120;38.572541;1.045314;,
  -1.545086;38.983197;0.778799;,
  -1.157177;38.986384;1.067444;,
  -1.830546;38.972410;0.386954;,
  -1.891153;38.968630;-0.000013;,
  -1.873664;38.592144;-0.000013;,
  -1.895846;38.245190;-0.000013;,
  0.630211;35.979619;-0.041856;,
  0.607868;35.893725;0.003159;,
  0.588422;35.919818;-0.040472;,
  0.590041;36.040016;-0.036762;,
  0.662646;35.978826;0.001439;,
  0.599571;35.918790;0.046469;,
  0.641362;35.978576;0.045082;,
  0.610171;36.064778;0.008430;,
  0.601192;36.038982;0.050177;,
  0.523404;36.065693;0.016351;,
  0.542224;36.039594;0.055518;,
  0.469862;35.980579;0.018009;,
  0.501541;35.979786;0.056846;,
  0.531076;36.040624;-0.031422;,
  0.490390;35.980822;-0.030092;,
  0.529454;35.920429;-0.035131;,
  0.521098;35.894634;0.011083;,
  0.588422;35.919818;-0.040472;,
  0.607868;35.893725;0.003159;,
  0.540609;35.919392;0.051805;,
  0.599571;35.918790;0.046469;,
  -2.199492;26.210106;-1.194510;,
  -1.493395;27.403610;-1.527230;,
  -2.049597;26.300750;-1.846661;,
  -2.777491;25.205669;-1.562170;,
  -2.910534;25.085832;-0.776194;,
  -1.034812;28.559712;-1.890612;,
  -1.210206;27.529126;-2.167021;,
  -1.729978;26.252331;-2.528620;,
  -2.515352;25.299635;-2.261890;,
  -3.005926;24.496309;-1.725449;,
  -3.169911;24.419242;-0.923121;,
  -2.832193;24.998499;-0.317932;,
  -3.096993;24.371816;-0.375775;,
  -2.826773;24.358336;-0.059866;,
  -2.666177;24.599525;-2.491608;,
  -1.989634;24.749976;-3.143988;,
  -1.909517;25.367770;-2.962498;,
  -0.557320;29.431594;-2.216961;,
  -1.028718;29.413488;-1.843485;,
  -0.484542;28.387408;-2.483707;,
  -0.680344;27.392234;-2.801506;,
  -0.879485;26.112478;-3.192617;,
  -1.048631;25.157562;-3.456532;,
  -2.040787;24.308533;-3.242769;,
  -2.691713;24.970450;-0.121941;,
  -2.470088;25.445922;-0.187067;,
  -2.378966;25.848888;-0.505789;,
  -2.189871;26.354339;-0.511536;,
  -1.716979;27.245290;-0.879877;,
  -1.336521;28.655706;-1.291849;,
  -2.361974;25.868525;-0.314898;,
  -0.789278;30.859680;-2.342434;,
  -1.490600;30.197722;-1.483275;,
  -1.139995;30.852182;-1.980006;,
  -1.360353;29.615158;-1.357403;,
  -1.455307;28.711709;-0.586825;,
  -1.790708;27.174880;-0.311287;,
  -1.807838;27.149232;-0.000000;,
  -2.214270;26.376936;-0.000000;,
  -2.074654;31.161782;-0.716471;,
  -1.563803;29.666541;-0.583901;,
  -1.572133;29.647306;-0.206389;,
  -1.479214;28.677120;-0.202095;,
  -1.478060;28.658957;-0.000000;,
  -2.061303;31.289296;-0.324617;,
  -1.574743;29.636790;-0.000000;,
  -2.050244;31.394931;-0.000000;,
  -1.048631;25.157562;-3.456532;,
  -0.010027;24.296125;-3.960295;,
  -1.066575;24.145160;-3.740906;,
  0.099813;25.376949;-3.709846;,
  1.314824;24.639573;-3.690889;,
  1.676691;26.004941;-3.202444;,
  1.906239;24.335075;-3.038538;,
  0.998563;26.206418;-3.452502;,
  0.141634;26.223819;-3.490985;,
  -0.879485;26.112478;-3.192617;,
  0.217100;27.240938;-3.167185;,
  -0.680344;27.392234;-2.801506;,
  0.088163;28.134470;-2.807482;,
  -0.484542;28.387408;-2.483707;,
  2.057232;28.993718;-1.063948;,
  1.860472;28.011914;-1.687960;,
  1.562557;28.912646;-2.053530;,
  1.585871;27.827520;-2.436516;,
  0.911656;28.106035;-2.758676;,
  1.077409;27.218912;-2.996964;,
  1.641371;27.054458;-2.744660;,
  1.912478;26.341963;-2.270393;,
  2.005713;27.600022;-0.752123;,
  1.854194;27.030547;-2.013063;,
  1.974039;26.378731;-1.567524;,
  2.320781;26.163686;-0.583366;,
  2.129577;27.601907;0.000000;,
  2.376245;26.183234;0.000000;,
  2.361204;25.087635;-1.013756;,
  1.981098;25.657301;-1.785072;,
