xof 0303txt 0032
template ColorRGBA {
 <35ff44e0-6c7c-11cf-8f52-0040333594a3>
 FLOAT red;
 FLOAT green;
 FLOAT blue;
 FLOAT alpha;
}

template ColorRGB {
 <d3e16e81-7835-11cf-8f52-0040333594a3>
 FLOAT red;
 FLOAT green;
 FLOAT blue;
}

template Material {
 <3d82ab4d-62da-11cf-ab39-0020af71e433>
 ColorRGBA faceColor;
 FLOAT power;
 ColorRGB specularColor;
 ColorRGB emissiveColor;
 [...]
}

template TextureFilename {
 <a42790e1-7810-11cf-8f52-0040333594a3>
 STRING filename;
}

template Frame {
 <3d82ab46-62da-11cf-ab39-0020af71e433>
 [...]
}

template Matrix4x4 {
 <f6f23f45-7686-11cf-8f52-0040333594a3>
 array FLOAT matrix[16];
}

template FrameTransformMatrix {
 <f6f23f41-7686-11cf-8f52-0040333594a3>
 Matrix4x4 frameMatrix;
}

template Vector {
 <3d82ab5e-62da-11cf-ab39-0020af71e433>
 FLOAT x;
 FLOAT y;
 FLOAT z;
}

template MeshFace {
 <3d82ab5f-62da-11cf-ab39-0020af71e433>
 DWORD nFaceVertexIndices;
 array DWORD faceVertexIndices[nFaceVertexIndices];
}

template Mesh {
 <3d82ab44-62da-11cf-ab39-0020af71e433>
 DWORD nVertices;
 array Vector vertices[nVertices];
 DWORD nFaces;
 array MeshFace faces[nFaces];
 [...]
}

template MeshNormals {
 <f6f23f43-7686-11cf-8f52-0040333594a3>
 DWORD nNormals;
 array Vector normals[nNormals];
 DWORD nFaceNormals;
 array MeshFace faceNormals[nFaceNormals];
}

template MeshMaterialList {
 <f6f23f42-7686-11cf-8f52-0040333594a3>
 DWORD nMaterials;
 DWORD nFaceIndexes;
 array DWORD faceIndexes[nFaceIndexes];
 [Material <3d82ab4d-62da-11cf-ab39-0020af71e433>]
}

template Coords2d {
 <f6f23f44-7686-11cf-8f52-0040333594a3>
 FLOAT u;
 FLOAT v;
}

template MeshTextureCoords {
 <f6f23f40-7686-11cf-8f52-0040333594a3>
 DWORD nTextureCoords;
 array Coords2d textureCoords[nTextureCoords];
}

template XSkinMeshHeader {
 <3cf169ce-ff7c-44ab-93c0-f78f62d172e2>
 WORD nMaxSkinWeightsPerVertex;
 WORD nMaxSkinWeightsPerFace;
 WORD nBones;
}

template SkinWeights {
 <6f0d123b-bad2-4167-a0d0-80224f25fabb>
 STRING transformNodeName;
 DWORD nWeights;
 array DWORD vertexIndices[nWeights];
 array FLOAT weights[nWeights];
 Matrix4x4 matrixOffset;
}


Material Material__35 {
 1.000000;1.000000;1.000000;1.000000;;
 10.000000;
 0.000000;0.000000;0.000000;;
 0.000000;0.000000;0.000000;;

 TextureFilename {
  "Human_F_L05_Body_diff.dds";
 }
}

Frame Dummy_root {
 

 FrameTransformMatrix {
  1.000000,0.000000,0.000000,0.000000,0.000000,1.000000,0.000000,0.000000,0.000000,0.000000,1.000000,0.000000,0.000000,23.000000,0.000000,1.000000;;
 }

 Frame FxBottom {
  

  FrameTransformMatrix {
   1.000000,0.000000,0.000000,0.000000,0.000000,1.000000,0.000000,0.000000,-0.000000,0.000000,1.000000,0.000000,0.000000,-23.000000,-0.000000,1.000000;;
  }
 }

 Frame Bip01 {
  

  FrameTransformMatrix {
   1.000000,0.000000,0.000001,0.000000,0.000000,1.000000,0.000000,0.000000,-0.000001,0.000000,1.000000,0.000000,-0.194762,0.659397,0.000000,1.000000;;
  }

  Frame Bip01-Pelvis {
   

   FrameTransformMatrix {
    0.000001,1.000000,-0.000001,0.000000,-0.000001,0.000001,1.000000,0.000000,1.000000,-0.000001,0.000001,0.000000,0.000000,0.000000,0.000000,1.000000;;
   }

   Frame Bip01-Spine {
    

    FrameTransformMatrix {
     0.999030,0.000001,0.044033,0.000000,-0.000001,1.000000,0.000004,0.000000,-0.044033,-0.000004,0.999030,0.000000,2.358109,0.000003,-0.000993,1.000000;;
    }

    Frame Bip01-Spine1 {
     

     FrameTransformMatrix {
      0.998814,0.000000,0.048692,0.000000,-0.000000,1.000000,0.000001,0.000000,-0.048692,-0.000001,0.998814,0.000000,0.209322,0.000000,-0.002767,1.000000;;
     }

     Frame Bip01-Spine2 {
      

      FrameTransformMatrix {
       0.993206,-0.000000,-0.116369,0.000000,0.000000,1.000000,-0.000002,0.000000,0.116369,0.000002,0.993206,0.000000,3.478325,0.000000,-0.001151,1.000000;;
      }

      Frame Bip01-Spine3 {
       

       FrameTransformMatrix {
        0.996891,-0.000000,-0.078796,0.000000,0.000000,1.000000,0.000001,0.000000,0.078796,-0.000001,0.996891,0.000000,1.456831,0.000000,-0.004309,1.000000;;
       }

       Frame Bip01-Neck {
        

        FrameTransformMatrix {
         0.976813,0.000001,0.214095,0.000000,-0.000001,1.000000,-0.000000,0.000000,-0.214095,-0.000000,0.976813,0.000000,5.539911,0.000000,-0.690871,1.000000;;
        }

        Frame Bip01-Head {
         

         FrameTransformMatrix {
          0.999958,-0.000000,-0.009206,0.000000,0.000000,1.000000,-0.000000,0.000000,0.009206,0.000000,0.999958,0.000000,2.474251,-0.000000,0.000000,1.000000;;
         }

         Frame Bip01-HeadNub {
          

          FrameTransformMatrix {
           1.000000,-0.000000,0.000000,0.000000,0.000000,1.000000,0.000001,0.000000,-0.000000,-0.000001,1.000000,0.000000,4.628929,-0.000001,-0.000000,1.000000;;
          }
         }

         Frame FxTop {
          

          FrameTransformMatrix {
           0.103621,0.000001,0.994617,0.000000,0.994617,-0.000000,-0.103621,0.000000,0.000000,1.000000,-0.000001,0.000000,4.500027,-0.000004,0.000000,1.000000;;
          }
         }
        }

        Frame Bip01-L-Clavicle {
         

         FrameTransformMatrix {
          -0.249952,0.966695,0.054990,0.000000,0.944116,0.255930,-0.207717,0.000000,-0.214872,-0.000002,-0.976642,0.000000,-0.753029,0.957158,0.028459,1.000000;;
         }

         Frame Bip01-L-UpperArm {
          

          FrameTransformMatrix {
           0.798872,-0.594050,0.094384,0.000000,0.578814,0.801906,0.148056,0.000000,-0.163640,-0.063647,0.984465,0.000000,2.305938,-0.000008,0.000002,1.000000;;
          }

          Frame Bip01-L-Forearm {
           

           FrameTransformMatrix {
            0.930629,-0.000000,-0.365965,0.000000,0.000000,1.000000,0.000000,0.000000,0.365965,-0.000000,0.930629,0.000000,6.131235,0.000000,-0.000001,1.000000;;
           }

           Frame Bip01-L-Hand {
            

            FrameTransformMatrix {
             0.989065,-0.040580,0.141786,0.000000,-0.144470,-0.073386,0.986784,0.000000,-0.029638,-0.996478,-0.078446,0.000000,6.144243,-0.000002,-0.000003,1.000000;;
            }

            Frame Bip01-L-Finger0 {
             

             FrameTransformMatrix {
              0.722825,-0.531683,0.441402,0.000000,0.371542,-0.239557,-0.896978,0.000000,0.582649,0.812357,0.024384,0.000000,0.431651,-0.683444,0.267918,1.000000;;
             }

             Frame Bip01-L-Finger01 {
              

              FrameTransformMatrix {
               0.985852,0.000000,0.167616,0.000000,-0.000000,1.000000,0.000000,0.000000,-0.167616,-0.000000,0.985853,0.000000,1.065220,0.000002,-0.000002,1.000000;;
              }

              Frame Bip01-L-Finger02 {
               

               FrameTransformMatrix {
                0.950837,0.000000,0.309691,0.000000,-0.000000,1.000000,-0.000000,0.000000,-0.309691,0.000000,0.950837,0.000000,0.739170,0.000000,-0.000002,1.000000;;
               }

               Frame Bip01-L-Finger0Nub {
                

                FrameTransformMatrix {
                 1.000000,-0.000000,0.000000,0.000000,0.000000,1.000000,0.000000,0.000000,-0.000000,-0.000001,1.000000,0.000000,0.862501,-0.000004,0.000003,1.000000;;
                }
               }
              }
             }
            }

            Frame Bip01-L-Finger1 {
             

             FrameTransformMatrix {
              0.890676,0.007232,0.454582,0.000000,0.005919,0.999604,-0.027500,0.000000,-0.454601,0.027185,0.890280,0.000000,2.096304,-0.862208,-0.077713,1.000000;;
             }

             Frame Bip01-L-Finger11 {
              

              FrameTransformMatrix {
               0.877627,-0.000000,0.479344,0.000000,0.000000,1.000000,-0.000000,0.000000,-0.479344,0.000000,0.877627,0.000000,1.331194,0.000003,0.000003,1.000000;;
              }

              Frame Bip01-L-Finger12 {
               

               FrameTransformMatrix {
                0.932921,-0.000000,0.360082,0.000000,-0.000000,1.000000,0.000001,0.000000,-0.360082,-0.000001,0.932920,0.000000,0.723099,0.000000,0.000001,1.000000;;
               }

               Frame Bip01-L-Finger1Nub {
                

                FrameTransformMatrix {
                 1.000000,0.000000,-0.000000,0.000000,-0.000000,1.000000,-0.000001,0.000000,0.000001,0.000001,1.000001,0.000000,0.679661,0.000001,0.000000,1.000000;;
                }
               }
              }
             }
            }

            Frame Bip01-L-Finger2 {
             

             FrameTransformMatrix {
              0.882745,0.035112,0.468539,0.000000,-0.013270,0.998669,-0.049838,0.000000,-0.469666,0.037776,0.882036,0.000000,2.179711,-0.283316,-0.116974,1.000000;;
             }

             Frame Bip01-L-Finger21 {
              

              FrameTransformMatrix {
               0.795542,0.000000,0.605899,0.000000,-0.000000,1.000000,-0.000000,0.000000,-0.605899,-0.000000,0.795542,0.000000,1.406765,0.000000,0.000001,1.000000;;
              }

              Frame Bip01-L-Finger22 {
               

               FrameTransformMatrix {
                0.981120,-0.000000,0.193399,0.000000,0.000000,1.000000,0.000000,0.000000,-0.193398,-0.000000,0.981121,0.000000,0.840511,0.000002,-0.000003,1.000000;;
               }

               Frame Bip01-L-Finger2Nub {
                

                FrameTransformMatrix {
                 1.000000,0.000000,-0.000000,0.000000,0.000000,1.000000,-0.000001,0.000000,-0.000000,0.000000,1.000000,0.000000,0.664879,0.000000,0.000001,1.000000;;
                }
               }
              }
             }
            }

            Frame Bip01-L-Finger3 {
             

             FrameTransformMatrix {
              0.896787,0.157211,0.413591,0.000000,-0.134986,0.987396,-0.082634,0.000000,-0.421370,0.018276,0.906705,0.000000,2.073349,0.186408,-0.130489,1.000000;;
             }

             Frame Bip01-L-Finger31 {
              

              FrameTransformMatrix {
               0.760569,-0.000000,0.649258,0.000000,0.000000,1.000000,0.000000,0.000000,-0.649258,-0.000000,0.760569,0.000000,1.365458,0.000000,0.000004,1.000000;;
              }

              Frame Bip01-L-Finger32 {
               

               FrameTransformMatrix {
                0.978941,0.000000,0.204143,0.000000,-0.000000,1.000000,-0.000000,0.000000,-0.204143,0.000000,0.978941,0.000000,0.768667,0.000000,0.000005,1.000000;;
               }

               Frame Bip01-L-Finger3Nub {
                

                FrameTransformMatrix {
                 1.000000,0.000000,0.000000,0.000000,0.000000,1.000000,0.000000,0.000000,0.000000,0.000000,1.000000,0.000000,0.649355,-0.000000,0.000001,1.000000;;
                }
               }
              }
             }
            }

            Frame Bip01-L-Finger4 {
             

             FrameTransformMatrix {
              0.885085,0.251359,0.391718,0.000000,-0.224522,0.967810,-0.113722,0.000000,-0.407693,0.012705,0.913030,0.000000,1.882340,0.690611,0.070721,1.000000;;
             }

             Frame Bip01-L-Finger41 {
              

              FrameTransformMatrix {
               0.785957,0.000001,0.618282,0.000000,0.000000,1.000001,-0.000001,0.000000,-0.618281,0.000001,0.785957,0.000000,1.108320,0.000000,0.000000,1.000000;;
              }

              Frame Bip01-L-Finger42 {
               

               FrameTransformMatrix {
                0.944870,-0.000001,0.327444,0.000000,0.000000,1.000000,0.000001,0.000000,-0.327444,-0.000000,0.944871,0.000000,0.520340,0.000000,-0.000001,1.000000;;
               }

               Frame Bip01-L-Finger4Nub {
                

                FrameTransformMatrix {
                 1.000000,-0.000000,-0.000000,0.000000,0.000000,1.000000,-0.000000,0.000000,0.000000,0.000000,1.000000,0.000000,0.515335,0.000000,0.000004,1.000000;;
                }
               }
              }
             }
            }

            Frame FxHand00 {
             

             FrameTransformMatrix {
              0.220347,-0.936490,0.272824,0.000000,-0.759402,-0.340240,-0.554568,0.000000,0.612174,-0.084986,-0.786143,0.000000,1.500001,0.499999,2.000000,1.000000;;
             }
            }

            Frame L_Sword {
             

             FrameTransformMatrix {
              0.976767,0.039081,-0.210713,0.000000,0.070766,-0.986898,0.145000,0.000000,-0.202285,-0.156543,-0.966734,0.000000,-0.000001,0.000001,0.000000,1.000000;;
             }
            }
           }

           Frame L_Elbow {
            

            FrameTransformMatrix {
             0.982504,-0.000000,0.186241,0.000000,-0.000000,1.000000,-0.000001,0.000000,-0.186241,0.000001,0.982504,0.000000,0.000002,-0.000002,0.000001,1.000000;;
            }
           }

           Frame L_Shield {
            

            FrameTransformMatrix {
             1.000000,-0.000000,-0.000000,0.000000,0.000001,1.000000,-0.000000,0.000000,0.000000,0.000000,1.000000,0.000000,2.500006,2.499998,-0.000003,1.000000;;
            }
           }

           Frame Bip01-L-ForeTwist {
            

            FrameTransformMatrix {
             1.000000,-0.000000,-0.000000,0.000000,0.000000,0.999312,0.037107,0.000000,0.000000,-0.037107,0.999311,0.000000,0.000002,-0.000002,0.000001,1.000000;;
            }
           }
          }

          Frame L_Shoulder {
           

           FrameTransformMatrix {
            0.948343,0.307755,-0.077029,0.000000,-0.311668,0.949122,-0.045063,0.000000,0.059241,0.066743,0.996010,0.000000,-0.000002,0.000000,0.000000,1.000000;;
           }
          }

          Frame L_Shoulder_Twist {
           

           FrameTransformMatrix {
            1.000000,-0.000000,-0.000000,0.000000,0.000000,1.000000,-0.000000,0.000000,0.000000,0.000000,1.000000,0.000000,-0.000002,0.000000,0.000000,1.000000;;
           }
          }
         }
        }

        Frame Bip01-R-Clavicle {
         

         FrameTransformMatrix {
          -0.249953,-0.966695,0.054995,0.000000,-0.944116,0.255931,0.207715,0.000000,-0.214872,-0.000003,-0.976642,0.000000,-0.753029,-0.957160,0.028464,1.000000;;
         }

         Frame Bip01-R-UpperArm {
          

          FrameTransformMatrix {
           0.798872,0.594050,0.094384,0.000000,-0.578814,0.801906,-0.148056,0.000000,-0.163640,0.063647,0.984465,0.000000,2.305935,0.000015,0.000002,1.000000;;
          }

          Frame Bip01-R-Forearm {
           

           FrameTransformMatrix {
            0.930628,0.000000,-0.365965,0.000000,-0.000000,1.000000,0.000000,0.000000,0.365965,0.000000,0.930629,0.000000,6.131231,-0.000004,-0.000002,1.000000;;
           }

           Frame Bip01-R-Hand {
            

            FrameTransformMatrix {
             0.989066,0.040580,0.141786,0.000000,0.144470,-0.073387,-0.986784,0.000000,-0.029638,0.996478,-0.078447,0.000000,6.144240,0.000002,-0.000003,1.000000;;
            }

            Frame Bip01-R-Finger0 {
             

             FrameTransformMatrix {
              0.722826,0.531684,0.441403,0.000000,-0.371541,-0.239557,0.896978,0.000000,0.582650,-0.812358,0.024384,0.000000,0.431657,0.683447,0.267914,1.000000;;
             }

             Frame Bip01-R-Finger01 {
              

              FrameTransformMatrix {
               0.985852,0.000000,0.167616,0.000000,-0.000000,1.000000,-0.000000,0.000000,-0.167616,-0.000000,0.985852,0.000000,1.065220,-0.000002,-0.000004,1.000000;;
              }

              Frame Bip01-R-Finger02 {
               

               FrameTransformMatrix {
                0.950837,-0.000000,0.309691,0.000000,0.000001,1.000000,-0.000001,0.000000,-0.309691,0.000001,0.950837,0.000000,0.739166,0.000006,0.000002,1.000000;;
               }

               Frame Bip01-R-Finger0Nub {
                

                FrameTransformMatrix {
                 -1.000000,0.000000,0.000001,0.000000,0.000000,1.000000,0.000000,0.000000,-0.000000,0.000000,-1.000000,0.000000,0.862501,0.000004,0.000001,1.000000;;
                }
               }
              }
             }
            }

            Frame Bip01-R-Finger1 {
             

             FrameTransformMatrix {
              0.890676,-0.007232,0.454582,0.000000,-0.005919,0.999605,0.027500,0.000000,-0.454601,-0.027184,0.890281,0.000000,2.096307,0.862210,-0.077713,1.000000;;
             }

             Frame Bip01-R-Finger11 {
              

              FrameTransformMatrix {
               0.877627,-0.000000,0.479344,0.000000,0.000000,1.000000,-0.000000,0.000000,-0.479344,0.000000,0.877627,0.000000,1.331192,0.000001,-0.000003,1.000000;;
              }

              Frame Bip01-R-Finger12 {
               

               FrameTransformMatrix {
                0.932921,-0.000000,0.360082,0.000000,0.000000,1.000000,0.000000,0.000000,-0.360082,-0.000000,0.932921,0.000000,0.723103,-0.000001,0.000001,1.000000;;
               }

               Frame Bip01-R-Finger1Nub {
                

                FrameTransformMatrix {
                 -1.000000,-0.000000,0.000000,0.000000,-0.000001,1.000000,-0.000001,0.000000,-0.000000,-0.000001,-1.000000,0.000000,0.679665,-0.000001,0.000003,1.000000;;
                }
               }
              }
             }
            }

            Frame Bip01-R-Finger2 {
             

             FrameTransformMatrix {
              0.882745,-0.035112,0.468540,0.000000,0.013271,0.998669,0.049837,0.000000,-0.469666,-0.037775,0.882036,0.000000,2.179714,0.283318,-0.116974,1.000000;;
             }

             Frame Bip01-R-Finger21 {
              

              FrameTransformMatrix {
               0.795542,-0.000001,0.605899,0.000000,0.000000,1.000000,0.000000,0.000000,-0.605899,-0.000000,0.795542,0.000000,1.406761,-0.000001,-0.000002,1.000000;;
              }

              Frame Bip01-R-Finger22 {
               

               FrameTransformMatrix {
                0.981120,0.000000,0.193399,0.000000,0.000000,1.000000,0.000000,0.000000,-0.193398,0.000000,0.981120,0.000000,0.840511,-0.000001,-0.000002,1.000000;;
               }

               Frame Bip01-R-Finger2Nub {
                

                FrameTransformMatrix {
                 -1.000000,0.000000,-0.000000,0.000000,0.000000,1.000000,0.000000,0.000000,0.000000,0.000000,-1.000000,0.000000,0.664873,0.000001,-0.000001,1.000000;;
                }
               }
              }
             }
            }

            Frame Bip01-R-Finger3 {
             

             FrameTransformMatrix {
              0.896787,-0.157212,0.413592,0.000000,0.134986,0.987396,0.082633,0.000000,-0.421370,-0.018275,0.906705,0.000000,2.073347,-0.186409,-0.130489,1.000000;;
             }

             Frame Bip01-R-Finger31 {
              

              FrameTransformMatrix {
               0.760569,-0.000000,0.649257,0.000000,0.000000,1.000000,0.000000,0.000000,-0.649257,-0.000000,0.760569,0.000000,1.365458,0.000002,0.000002,1.000000;;
              }

              Frame Bip01-R-Finger32 {
               

               FrameTransformMatrix {
                0.978941,-0.000000,0.204143,0.000000,0.000000,1.000000,-0.000000,0.000000,-0.204143,0.000000,0.978941,0.000000,0.768671,0.000001,-0.000002,1.000000;;
               }

               Frame Bip01-R-Finger3Nub {
                

                FrameTransformMatrix {
                 -1.000000,-0.000000,-0.000000,0.000000,-0.000000,1.000000,0.000000,0.000000,-0.000000,0.000000,-1.000000,0.000000,0.649355,0.000000,0.000002,1.000000;;
                }
               }
              }
             }
            }

            Frame Bip01-R-Finger4 {
             

             FrameTransformMatrix {
              0.885085,-0.251359,0.391718,0.000000,0.224522,0.967811,0.113722,0.000000,-0.407694,-0.012705,0.913031,0.000000,1.882348,-0.690607,0.070719,1.000000;;
             }

             Frame Bip01-R-Finger41 {
              

              FrameTransformMatrix {
               0.785957,0.000000,0.618281,0.000000,0.000000,1.000000,-0.000000,0.000000,-0.618281,0.000000,0.785957,0.000000,1.108315,-0.000000,-0.000002,1.000000;;
              }

              Frame Bip01-R-Finger42 {
               

               FrameTransformMatrix {
                0.944870,0.000000,0.327444,0.000000,0.000000,1.000000,-0.000000,0.000000,-0.327444,0.000000,0.944870,0.000000,0.520342,-0.000000,0.000001,1.000000;;
               }

               Frame Bip01-R-Finger4Nub {
                

                FrameTransformMatrix {
                 -1.000000,-0.000000,0.000000,0.000000,-0.000000,1.000000,-0.000000,0.000000,-0.000001,-0.000000,-1.000000,0.000000,0.515339,0.000000,0.000000,1.000000;;
                }
               }
              }
             }
            }

            Frame FxHand01 {
             

             FrameTransformMatrix {
              0.220350,0.936491,0.272822,0.000000,-0.759401,0.340241,-0.554569,0.000000,-0.612173,-0.084982,0.786144,0.000000,1.500006,-0.499998,2.000000,1.000000;;
             }
            }

            Frame R_Sword {
             

             FrameTransformMatrix {
              0.976767,-0.039081,-0.210713,0.000000,0.070767,0.986898,0.145000,0.000000,0.202285,-0.156543,0.966735,0.000000,0.000002,0.000000,-0.000004,1.000000;;
             }
            }
           }

           Frame R_Elbow {
            

            FrameTransformMatrix {
             0.982505,-0.000000,0.186241,0.000000,-0.000000,1.000000,-0.000000,0.000000,-0.186241,0.000000,0.982504,0.000000,-0.000002,0.000004,0.000001,1.000000;;
            }
           }

           Frame Bip01-R-ForeTwist {
            

            FrameTransformMatrix {
             1.000000,-0.000000,-0.000000,0.000000,-0.000000,0.999311,-0.037108,0.000000,0.000000,0.037108,0.999311,0.000000,-0.000002,0.000004,0.000001,1.000000;;
            }
           }
          }

          Frame R_Shoulder {
           

           FrameTransformMatrix {
            0.948342,-0.307756,-0.077029,0.000000,0.311669,0.949121,0.045064,0.000000,0.059241,-0.066743,0.996010,0.000000,-0.000002,-0.000004,-0.000000,1.000000;;
           }
          }

          Frame R_Shoulder_Twist {
           

           FrameTransformMatrix {
            1.000000,0.000000,-0.000000,0.000000,-0.000000,1.000000,0.000000,0.000000,0.000000,-0.000000,1.000000,0.000000,-0.000002,-0.000004,0.000000,1.000000;;
           }
          }
         }
        }
       }

       Frame R_Breast {
        

        FrameTransformMatrix {
         0.063560,0.329543,-0.941999,0.000000,-0.003088,0.943968,0.330023,0.000000,0.997973,-0.018067,0.061016,0.000000,1.272753,-1.452000,1.209911,1.000000;;
        }
       }

       Frame L_Breast {
        

        FrameTransformMatrix {
         -0.063560,0.329545,0.941998,0.000000,0.003087,0.943967,-0.330025,0.000000,-0.997973,-0.018069,-0.061016,0.000000,1.272760,1.451767,1.209908,1.000000;;
        }
       }

       Frame L_spine3 {
        

        FrameTransformMatrix {
         0.980445,0.043404,-0.191946,0.000000,0.044220,-0.999022,-0.000032,0.000000,-0.191760,-0.008456,-0.981406,0.000000,2.104036,3.093147,-0.411915,1.000000;;
        }
       }

       Frame R_spine3 {
        

        FrameTransformMatrix {
         0.980446,-0.043406,-0.191942,0.000000,-0.044220,-0.999022,0.000038,0.000000,-0.191756,0.008450,-0.981407,0.000000,2.104048,-3.093147,-0.411908,1.000000;;
        }
       }
      }

      Frame FxCenter {
       

       FrameTransformMatrix {
        -0.023871,0.000000,0.999715,0.000000,0.999715,-0.000000,0.023871,0.000000,0.000000,1.000000,-0.000000,0.000000,1.000006,-0.000002,0.000000,1.000000;;
       }
      }

      Frame Weapon_Back {
       

       FrameTransformMatrix {
        -0.999295,-0.000000,-0.037550,0.000000,0.000000,-1.000000,0.000000,0.000000,-0.037550,0.000000,0.999295,0.000000,4.711464,-0.000002,-2.809569,1.000000;;
       }
      }
     }
    }

    Frame Bip01-L-Thigh {
     

     FrameTransformMatrix {
      -0.997343,0.010238,0.072129,0.000000,-0.003067,-0.995100,0.098825,0.000000,0.072788,0.098342,0.992487,0.000000,-2.355776,2.566188,0.104821,1.000000;;
     }

     Frame Bip01-L-Calf {
      

      FrameTransformMatrix {
       0.989801,0.000000,-0.142458,0.000000,0.000000,1.000000,0.000002,0.000000,0.142458,-0.000002,0.989801,0.000000,10.047706,-0.000000,0.000002,1.000000;;
      }

      Frame Bip01-L-Foot {
       

       FrameTransformMatrix {
        0.993368,0.006533,0.114794,0.000000,-0.007677,0.999925,0.009526,0.000000,-0.114723,-0.010344,0.993344,0.000000,10.474944,-0.000000,0.000001,1.000000;;
       }

       Frame Bip01-L-Toe0 {
        

        FrameTransformMatrix {
         0.005122,-0.000012,0.999987,0.000000,0.000000,1.000000,0.000012,0.000000,-0.999987,0.000000,0.005122,0.000000,3.213933,-0.000023,1.930074,1.000000;;
        }

        Frame Bip01-L-Toe0Nub {
         

         FrameTransformMatrix {
          -1.000000,-0.000000,0.000000,0.000000,-0.000000,1.000000,0.000000,0.000000,-0.000000,0.000000,-1.000000,0.000000,1.879584,0.000001,-0.000000,1.000000;;
         }
        }
       }
      }

      Frame L_Knee {
       

       FrameTransformMatrix {
        0.997447,-0.000000,0.071411,0.000000,0.000000,1.000000,0.000001,0.000000,-0.071411,-0.000001,0.997447,0.000000,0.000000,0.000000,-0.000000,1.000000;;
       }
      }

      Frame Bip01-LCalfTwist {
       

       FrameTransformMatrix {
        1.000000,-0.000000,-0.000000,0.000000,-0.000000,0.999989,0.004769,0.000000,0.000000,-0.004769,0.999989,0.000000,0.000000,0.000000,-0.000000,1.000000;;
       }
      }
     }

     Frame L_Thigh {
      

      FrameTransformMatrix {
       1.000000,0.000000,0.000000,0.000000,-0.000000,1.000000,0.000000,0.000000,-0.000000,-0.000000,1.000000,0.000000,0.000000,-0.000000,0.000000,1.000000;;
      }
     }
    }

    Frame Bip01-R-Thigh {
     

     FrameTransformMatrix {
      -0.997343,-0.010238,0.072130,0.000000,0.003068,-0.995101,-0.098818,0.000000,0.072788,-0.098335,0.992488,0.000000,-2.355778,-2.566190,0.104833,1.000000;;
     }

     Frame Bip01-R-Calf {
      

      FrameTransformMatrix {
       0.989801,-0.000001,-0.142458,0.000000,0.000000,1.000000,-0.000003,0.000000,0.142458,0.000003,0.989801,0.000000,10.047702,-0.000001,-0.000000,1.000000;;
      }

      Frame Bip01-R-Foot {
       

       FrameTransformMatrix {
        0.993368,-0.006533,0.114794,0.000000,0.007676,0.999925,-0.009520,0.000000,-0.114724,0.010338,0.993344,0.000000,10.474942,-0.000000,0.000002,1.000000;;
       }

       Frame Bip01-R-Toe0 {
        

        FrameTransformMatrix {
         0.005122,0.000019,0.999987,0.000000,-0.000000,1.000000,-0.000019,0.000000,-0.999987,-0.000000,0.005122,0.000000,3.213934,0.000037,1.930074,1.000000;;
        }

        Frame Bip01-R-Toe0Nub {
         

         FrameTransformMatrix {
          1.000000,0.000000,-0.000000,0.000000,0.000000,1.000000,-0.000000,0.000000,0.000000,-0.000000,1.000000,0.000000,1.879584,-0.000000,0.000000,1.000000;;
         }
        }
       }
      }

      Frame R_Knee {
       

       FrameTransformMatrix {
        0.997447,0.000000,0.071411,0.000000,-0.000000,1.000000,-0.000001,0.000000,-0.071411,0.000001,0.997447,0.000000,0.000001,0.000000,0.000000,1.000000;;
       }
      }

      Frame Bip01-RCalfTwist {
       

       FrameTransformMatrix {
        1.000000,-0.000000,0.000000,0.000000,0.000000,0.999989,-0.004769,0.000000,0.000000,0.004769,0.999988,0.000000,0.000000,0.000000,0.000000,1.000000;;
       }
      }
     }

     Frame R_Thigh {
      

      FrameTransformMatrix {
       1.000000,-0.000000,-0.000000,0.000000,0.000000,1.000000,-0.000003,0.000000,0.000000,0.000003,1.000000,0.000000,0.000000,-0.000001,0.000000,1.000000;;
      }
     }
    }

    Frame Skirt_Dummy {
     

     FrameTransformMatrix {
      -1.000000,0.000002,0.000797,0.000000,-0.000002,-1.000000,-0.000001,0.000000,0.000797,-0.000001,1.000000,0.000000,-0.033834,-0.000002,-0.263520,1.000000;;
     }
    }
   }
  }
 }
}

Frame Human_F_L05_Body_Skel {
 

 FrameTransformMatrix {
  1.000000,0.000000,0.000000,0.000000,0.000000,1.000000,0.000000,0.000000,0.000000,0.000000,1.000000,0.000000,0.000000,0.000000,0.000000,1.000000;;
 }

 Mesh Human_F_L05_Body_Skel {
  3385;
  -0.772234;33.263939;3.560069;,
  -0.268549;33.441754;3.757762;,
  -0.613479;32.374854;4.310739;,
  -0.460235;30.523219;5.782076;,
  0.166485;31.839498;5.594810;,
  0.110288;30.780765;6.388213;,
  -0.496365;31.400416;5.073482;,
  0.148257;32.915994;4.774062;,
  0.136119;33.761888;4.135217;,
  0.149176;33.378717;5.339344;,
  0.117667;34.184685;4.641915;,
  -0.210611;33.651942;5.642622;,
  -0.226496;34.439491;5.023482;,
  -0.541093;32.402429;6.953611;,
  -0.165094;32.322262;6.622302;,
  0.179225;32.270726;6.098654;,
  0.128653;31.162893;6.829210;,
  0.215066;30.473030;6.561160;,
  0.285314;30.913456;7.071642;,
  0.246553;30.320102;6.730439;,
  0.352244;30.304240;7.663844;,
  -0.055581;31.115152;7.892408;,
  -0.073915;30.723104;8.286244;,
  0.326849;30.736499;7.319037;,
  0.264976;29.864125;7.155395;,
  -0.341936;29.371466;6.583230;,
  -0.371608;29.850707;6.148693;,
  -0.404896;30.092566;5.952150;,
  -0.499303;31.147254;8.056316;,
  0.423027;29.710061;8.253015;,
  0.013454;29.975558;8.792429;,
  -0.286269;30.072765;8.863155;,
  -0.519126;30.744480;8.417546;,
  -0.922107;31.070416;8.036026;,
  -1.165478;29.680598;8.688687;,
  -1.279731;30.456150;8.262760;,
  -1.623901;30.248819;8.014705;,
  -1.331142;30.846630;7.962005;,
  -0.920583;30.662032;8.368372;,
  -0.569799;29.958410;8.919025;,
  -0.327934;29.244000;9.204981;,
  0.125839;29.225843;9.156142;,
  -0.873882;29.825014;8.867909;,
  -0.853618;29.016547;9.019448;,
  -0.731311;28.798966;7.400184;,
  -0.341936;29.371466;6.583230;,
  -0.238533;28.792525;7.275578;,
  -0.116153;28.254381;7.852757;,
  -1.385375;28.836800;7.556851;,
  -0.987999;28.355312;8.086127;,
  -1.279268;28.597683;8.441935;,
  -1.609570;29.133366;8.099369;,
  -1.453504;29.421453;8.413530;,
  -1.522808;29.367197;6.737174;,
  -1.981520;29.733232;7.409269;,
  -1.880978;30.009322;7.738690;,
  -1.733393;30.615939;7.724678;,
  -2.028131;30.350387;7.414898;,
  -1.777103;30.995658;7.467075;,
  -2.090465;30.679872;7.116264;,
  -2.140803;30.046742;7.064074;,
  -1.461952;29.791354;6.426787;,
  -0.863779;29.346458;6.651402;,
  -0.898415;30.069091;6.038345;,
  -0.371608;29.850707;6.148693;,
  -0.935653;29.812054;6.283611;,
  -1.617909;30.067834;6.132040;,
  -2.212133;30.325302;6.732307;,
  -1.710299;31.380637;7.104792;,
  -1.356031;31.192432;7.657559;,
  -1.317630;31.501773;7.283202;,
  -1.990786;31.099792;6.754769;,
  -2.101838;30.818947;6.404746;,
  -1.562408;30.538307;6.020831;,
  -2.253552;31.856096;5.648483;,
  -2.131672;32.171376;5.985102;,
  -1.840357;32.486656;6.321720;,
  -1.362467;32.233619;6.767674;,
  -0.924960;31.594349;7.338933;,
  -0.919494;32.117987;6.922029;,
  -0.541628;31.625552;7.340790;,
  -1.755209;31.455792;5.274280;,
  -1.966780;32.521446;4.581960;,
  -2.379947;32.942982;4.903310;,
  -2.195114;33.243792;5.303733;,
  -1.840847;33.544605;5.704154;,
  -1.398399;33.614419;5.934146;,
  -1.949362;33.388090;3.786530;,
  -2.362271;33.768595;4.161433;,
  -2.220743;34.104115;4.690824;,
  -1.932609;34.323485;5.025954;,
  -1.450962;34.445005;5.207930;,
  -0.969315;34.539814;5.305924;,
  -0.597906;34.515952;5.187812;,
  -0.583281;33.657302;5.915877;,
  -0.955951;33.697949;6.152990;,
  -0.946379;33.453994;6.099904;,
  -0.917092;32.361690;6.975630;,
  -0.541235;32.158656;6.934058;,
  -0.158296;31.543440;7.216362;,
  -0.072328;31.375552;7.545765;,
  -0.522438;31.432573;7.702911;,
  -0.942451;31.351597;7.712338;,
  1.387880;34.344858;2.309454;,
  0.995099;34.692432;2.169586;,
  0.954042;34.626531;2.446798;,
  1.431239;34.406746;2.207569;,
  1.851246;34.087472;2.141913;,
  1.899287;34.132221;2.069988;,
  0.471458;34.886643;2.829815;,
  0.586505;35.102662;2.513773;,
  0.656524;35.250397;2.186871;,
  0.815048;35.384256;1.762221;,
  0.895846;35.412182;1.699158;,
  0.705149;35.790557;1.220964;,
  1.092458;34.710998;2.124443;,
  1.484107;34.461846;2.154644;,
  1.974109;34.164694;1.967980;,
  2.428927;33.873757;1.811363;,
  2.387544;33.820870;1.904024;,
  2.358820;33.768525;1.963582;,
  2.795510;33.539347;1.571965;,
  2.781061;33.494288;1.672547;,
  2.365672;33.816234;1.774430;,
  1.920437;34.102336;1.927838;,
  1.432302;34.408198;2.098684;,
  1.048183;34.657952;2.059370;,
  0.853230;35.342010;1.654661;,
  2.722085;33.487376;1.556847;,
  2.956237;33.300166;1.418715;,
  2.938622;33.263760;1.525944;,
  3.000891;33.008400;1.202355;,
  2.999266;32.958045;1.301215;,
  2.999743;32.755706;1.006394;,
  2.994689;32.684211;1.089503;,
  2.875188;32.424093;0.765782;,
  2.845412;32.320416;0.818434;,
  3.067072;32.580582;1.789624;,
  2.951895;33.110461;1.916192;,
  2.714788;33.380816;2.021425;,
  2.677115;33.316746;2.238837;,
  2.265419;32.184918;2.860584;,
  2.474621;32.801350;2.689434;,
  2.020322;32.567805;2.996681;,
  2.282492;33.100960;2.722508;,
  2.585563;33.194451;2.492581;,
  2.254451;33.431334;2.560580;,
  2.259720;33.677114;2.334805;,
  1.743050;33.977821;2.486553;,
  1.720569;33.769190;2.724022;,
  1.311229;34.145869;2.582317;,
  0.796341;34.393165;2.706539;,
  0.315133;34.520589;3.090454;,
  0.680503;34.076582;2.942999;,
  0.154488;33.825904;3.036433;,
  1.788235;31.749248;2.925343;,
  1.518536;32.280768;3.106508;,
  1.808022;32.981546;3.025078;,
  1.717007;33.333104;2.914702;,
  1.257480;33.911286;2.815496;,
  0.705634;33.515494;3.040678;,
  1.296128;32.926269;3.123389;,
  1.237409;33.454566;3.033722;,
  0.822357;32.890256;3.119778;,
  1.100007;32.115456;3.111860;,
  1.429125;31.589664;2.878466;,
  0.472903;32.901376;3.130718;,
  0.781404;31.980707;3.050138;,
  1.331718;31.320870;2.729655;,
  1.937469;31.136339;2.323563;,
  2.017915;29.910733;1.530472;,
  1.983900;30.857651;1.947081;,
  1.804075;29.909930;1.865683;,
  1.646259;30.912957;2.242558;,
  1.118967;31.104304;2.579079;,
  0.471384;31.296458;2.728800;,
  2.287348;29.943926;0.000000;,
  2.212183;29.937142;1.001454;,
  2.157884;29.906707;0.974497;,
  1.969095;29.881037;1.488594;,
  1.761287;29.880259;1.814350;,
  1.483408;29.950918;2.198790;,
  0.914178;30.066070;2.495270;,
  0.226963;30.220726;2.569605;,
  1.449665;29.920093;2.138062;,
  0.896491;30.031997;2.426178;,
  0.228660;30.182291;2.498417;,
  -0.380090;30.373792;2.468939;,
  -0.361270;30.329040;2.397799;,
  -0.978239;30.485565;2.350967;,
  -0.942548;30.436650;2.282677;,
  -0.947664;31.757069;2.679960;,
  -0.209823;31.580346;2.798094;,
  -0.079954;32.086029;2.986534;,
  -0.886889;32.309283;2.864784;,
  -0.048548;32.922982;3.096667;,
  -0.783948;33.007789;3.002750;,
  -0.233385;33.816560;3.133402;,
  -0.810681;33.587306;3.139201;,
  -0.870200;33.812432;3.217041;,
  -0.233850;34.051232;3.338899;,
  -0.872883;33.792016;3.265433;,
  0.014229;34.115472;3.157395;,
  -0.066582;34.348909;3.315687;,
  -0.248494;34.042835;3.286377;,
  -0.064718;34.354448;3.378791;,
  0.218335;34.916474;3.479377;,
  0.209804;34.728851;3.632384;,
  0.163943;35.198102;3.944892;,
  0.143392;34.658950;4.308087;,
  -0.177243;34.942342;4.652141;,
  -0.226496;34.439491;5.023482;,
  -0.196448;33.941840;3.482362;,
  -0.842090;33.631309;3.340980;,
  0.173009;34.231200;3.834561;,
  0.117667;34.184685;4.641915;,
  -0.268549;33.441754;3.757762;,
  -0.772234;33.263939;3.560069;,
  0.136119;33.761888;4.135217;,
  2.822316;32.480064;2.392117;,
  2.782519;31.829571;2.115212;,
  2.956817;32.477917;2.145276;,
  2.768541;32.911117;2.433321;,
  2.874145;33.025293;2.181714;,
  2.627213;32.563725;2.602065;,
  2.560979;31.902858;2.495329;,
  2.449043;31.335587;2.043972;,
  2.175646;31.415485;2.493176;,
  2.885894;31.843798;1.732777;,
  2.558458;31.351213;1.613063;,
  2.279787;31.160365;1.566773;,
  2.650230;31.518739;1.118184;,
  2.405577;31.300349;0.984538;,
  2.697844;32.098342;0.540623;,
  2.579079;31.918362;0.296561;,
  2.584647;32.023194;0.257599;,
  2.723824;32.192662;0.483420;,
  2.638787;32.212310;0.515562;,
  2.499351;32.022781;0.285362;,
  2.579079;31.918362;-0.296560;,
  2.591147;31.846070;0.000000;,
  2.538996;31.731274;0.000000;,
  2.445570;31.268275;0.000000;,
  2.496296;31.868086;0.000000;,
  2.499352;32.022781;-0.285362;,
  2.584647;32.023194;-0.257599;,
  2.638787;32.212310;-0.515562;,
  2.723824;32.192662;-0.483419;,
  2.788294;32.442246;-0.792269;,
  2.875189;32.424093;-0.765781;,
  2.909991;32.757229;-1.026344;,
  2.938622;33.263760;-1.525944;,
  3.000891;33.008400;-1.202354;,
  2.999266;32.958045;-1.301214;,
  2.999744;32.755706;-1.006393;,
  2.994689;32.684211;-1.089502;,
  2.845412;32.320416;-0.818434;,
  2.697844;32.098342;-0.540623;,
  3.088200;32.392544;-1.508272;,
  3.067073;32.580582;-1.789623;,
  2.885894;31.843798;-1.732777;,
  2.924154;31.950829;-1.284988;,
  2.558458;31.351213;-1.613062;,
  2.650230;31.518739;-1.118183;,
  2.279787;31.160365;-1.566772;,
  2.405577;31.300349;-0.984537;,
  2.449043;31.335587;-2.043972;,
  2.782520;31.829571;-2.115211;,
  2.956817;32.477917;-2.145275;,
  2.951895;33.110461;-1.916191;,
  2.781061;33.494288;-1.672547;,
  2.714788;33.380816;-2.021425;,
  2.358820;33.768525;-1.963581;,
  2.822316;32.480064;-2.392116;,
  2.560979;31.902858;-2.495329;,
  2.175646;31.415485;-2.493176;,
  2.154122;31.124752;-1.994141;,
  1.937469;31.136339;-2.323563;,
  1.118967;31.104304;-2.579079;,
  1.331718;31.320870;-2.729654;,
  1.646259;30.912957;-2.242558;,
  1.983900;30.857651;-1.947080;,
  2.158382;30.858534;-1.544476;,
  0.914178;30.066070;-2.495270;,
  1.483408;29.950918;-2.198790;,
  1.804075;29.909930;-1.865682;,
  2.017915;29.910733;-1.530472;,
  2.307001;30.815856;-1.002682;,
  2.344576;30.789360;-0.433906;,
  2.435619;31.252771;-0.438986;,
  2.307001;30.815856;1.002682;,
  2.345405;29.975766;0.000000;,
  2.373361;30.793584;0.000000;,
  2.323321;29.969843;-0.445930;,
  2.212183;29.937142;-1.001453;,
  1.761287;29.880259;-1.814350;,
  1.969095;29.881037;-1.488594;,
  2.157884;29.906707;-0.974497;,
  2.265888;29.938486;-0.434645;,
  2.158382;30.858534;1.544476;,
  2.154122;31.124752;1.994141;,
  2.587605;31.764714;-0.355240;,
  -2.199492;26.210101;-1.194510;,
  -1.493394;27.403606;-1.527229;,
  -2.049597;26.300750;-1.846661;,
  -2.777491;25.205666;-1.562170;,
  -2.554660;25.299634;-2.261890;,
  -2.189871;26.354339;-0.511536;,
  -1.716979;27.245293;-0.879877;,
  -1.336521;28.655709;-1.291849;,
  -1.729978;26.252326;-2.528620;,
  -1.909653;25.367768;-2.962761;,
  -1.210206;27.529126;-2.167021;,
  -1.034812;28.559712;-1.890612;,
  -1.028718;29.413488;-1.843485;,
  -0.557320;29.431590;-2.216961;,
  -0.484542;28.387408;-2.483707;,
  -0.680344;27.392234;-2.801506;,
  -0.879485;26.112478;-3.192617;,
  -1.048631;25.157565;-3.456532;,
  -3.113005;23.533712;-1.940231;,
  -2.838265;23.239790;-2.841877;,
  -3.078060;23.105992;-2.039597;,
  -2.897418;23.699387;-2.744869;,
  -2.098408;23.488530;-3.520826;,
  -2.124310;23.895819;-3.451151;,
  -1.066575;24.145160;-3.740906;,
  -2.098282;24.308533;-3.353487;,
  -2.031534;24.749976;-3.216368;,
  -3.169911;24.419243;-0.923121;,
  -3.096284;24.012566;-1.824900;,
  -3.227256;23.937190;-1.015890;,
  -3.041203;24.496310;-1.725449;,
  -2.884924;24.139882;-2.619194;,
  -2.814615;24.599523;-2.491608;,
  -2.910535;25.085838;-0.776194;,
  -3.233037;23.453315;-1.124027;,
  -3.136746;23.428134;-0.499447;,
  -3.176702;23.872128;-0.436772;,
  -2.859380;23.829290;-0.027098;,
  -3.096993;24.371821;-0.375775;,
  -2.541570;24.954661;-0.066441;,
  -2.826773;24.358338;-0.059866;,
  -2.516701;24.373150;-0.000000;,
  -2.381110;23.867293;-0.000000;,
  -2.818959;23.457512;-0.032053;,
  -3.049493;22.967762;-0.551155;,
  -3.172160;22.999843;-1.220299;,
  -2.213473;23.472090;-0.000000;,
  -2.736243;23.143469;-0.046240;,
  -2.059498;23.185998;-0.000000;,
  1.978621;22.823765;-0.600664;,
  2.278810;23.972584;0.000000;,
  2.144446;22.813571;0.000000;,
  2.203858;24.177355;-1.003971;,
  2.472968;24.818906;0.000000;,
  1.824507;22.456810;-0.597492;,
  1.841090;22.387363;0.000000;,
  2.077137;23.281723;-1.316151;,
  2.014445;24.583413;-2.065603;,
  2.361204;25.087634;-1.013756;,
