xof 0303txt 0032
template ColorRGBA {
 <35ff44e0-6c7c-11cf-8f52-0040333594a3>
 FLOAT red;
 FLOAT green;
 FLOAT blue;
 FLOAT alpha;
}

template ColorRGB {
 <d3e16e81-7835-11cf-8f52-0040333594a3>
 FLOAT red;
 FLOAT green;
 FLOAT blue;
}

template Material {
 <3d82ab4d-62da-11cf-ab39-0020af71e433>
 ColorRGBA faceColor;
 FLOAT power;
 ColorRGB specularColor;
 ColorRGB emissiveColor;
 [...]
}

template TextureFilename {
 <a42790e1-7810-11cf-8f52-0040333594a3>
 STRING filename;
}

template Frame {
 <3d82ab46-62da-11cf-ab39-0020af71e433>
 [...]
}

template Matrix4x4 {
 <f6f23f45-7686-11cf-8f52-0040333594a3>
 array FLOAT matrix[16];
}

template FrameTransformMatrix {
 <f6f23f41-7686-11cf-8f52-0040333594a3>
 Matrix4x4 frameMatrix;
}

template Vector {
 <3d82ab5e-62da-11cf-ab39-0020af71e433>
 FLOAT x;
 FLOAT y;
 FLOAT z;
}

template MeshFace {
 <3d82ab5f-62da-11cf-ab39-0020af71e433>
 DWORD nFaceVertexIndices;
 array DWORD faceVertexIndices[nFaceVertexIndices];
}

template Mesh {
 <3d82ab44-62da-11cf-ab39-0020af71e433>
 DWORD nVertices;
 array Vector vertices[nVertices];
 DWORD nFaces;
 array MeshFace faces[nFaces];
 [...]
}

template MeshNormals {
 <f6f23f43-7686-11cf-8f52-0040333594a3>
 DWORD nNormals;
 array Vector normals[nNormals];
 DWORD nFaceNormals;
 array MeshFace faceNormals[nFaceNormals];
}

template MeshMaterialList {
 <f6f23f42-7686-11cf-8f52-0040333594a3>
 DWORD nMaterials;
 DWORD nFaceIndexes;
 array DWORD faceIndexes[nFaceIndexes];
 [Material <3d82ab4d-62da-11cf-ab39-0020af71e433>]
}

template Coords2d {
 <f6f23f44-7686-11cf-8f52-0040333594a3>
 FLOAT u;
 FLOAT v;
}

template MeshTextureCoords {
 <f6f23f40-7686-11cf-8f52-0040333594a3>
 DWORD nTextureCoords;
 array Coords2d textureCoords[nTextureCoords];
}

template XSkinMeshHeader {
 <3cf169ce-ff7c-44ab-93c0-f78f62d172e2>
 WORD nMaxSkinWeightsPerVertex;
 WORD nMaxSkinWeightsPerFace;
 WORD nBones;
}

template SkinWeights {
 <6f0d123b-bad2-4167-a0d0-80224f25fabb>
 STRING transformNodeName;
 DWORD nWeights;
 array DWORD vertexIndices[nWeights];
 array FLOAT weights[nWeights];
 Matrix4x4 matrixOffset;
}


Material Material__35 {
 1.000000;1.000000;1.000000;1.000000;;
 10.000000;
 0.000000;0.000000;0.000000;;
 0.000000;0.000000;0.000000;;

 TextureFilename {
  "Human_F_L06_Body_diff.dds";
 }
}

Frame Dummy_root {
 

 FrameTransformMatrix {
  1.000000,0.000000,0.000000,0.000000,0.000000,1.000000,0.000000,0.000000,0.000000,0.000000,1.000000,0.000000,0.000000,23.000000,0.000000,1.000000;;
 }

 Frame FxBottom {
  

  FrameTransformMatrix {
   1.000000,0.000000,0.000000,0.000000,0.000000,1.000000,0.000000,0.000000,-0.000000,0.000000,1.000000,0.000000,0.000000,-23.000000,-0.000000,1.000000;;
  }
 }

 Frame Bip01 {
  

  FrameTransformMatrix {
   1.000000,0.000000,0.000001,0.000000,0.000000,1.000000,0.000000,0.000000,-0.000001,0.000000,1.000000,0.000000,-0.194762,0.659397,0.000000,1.000000;;
  }

  Frame Bip01-Pelvis {
   

   FrameTransformMatrix {
    0.000001,1.000000,-0.000001,0.000000,-0.000001,0.000001,1.000000,0.000000,1.000000,-0.000001,0.000001,0.000000,0.000000,0.000000,0.000000,1.000000;;
   }

   Frame Bip01-Spine {
    

    FrameTransformMatrix {
     0.999030,0.000001,0.044033,0.000000,-0.000001,1.000000,0.000004,0.000000,-0.044033,-0.000004,0.999030,0.000000,2.358109,0.000003,-0.000993,1.000000;;
    }

    Frame Bip01-Spine1 {
     

     FrameTransformMatrix {
      0.998814,0.000000,0.048692,0.000000,-0.000000,1.000000,0.000001,0.000000,-0.048692,-0.000001,0.998814,0.000000,0.209322,0.000000,-0.002767,1.000000;;
     }

     Frame Bip01-Spine2 {
      

      FrameTransformMatrix {
       0.993206,-0.000000,-0.116369,0.000000,0.000000,1.000000,-0.000002,0.000000,0.116369,0.000002,0.993206,0.000000,3.478325,0.000000,-0.001152,1.000000;;
      }

      Frame Bip01-Spine3 {
       

       FrameTransformMatrix {
        0.996891,-0.000000,-0.078796,0.000000,0.000000,1.000000,0.000001,0.000000,0.078797,-0.000001,0.996891,0.000000,1.456833,0.000000,-0.004309,1.000000;;
       }

       Frame Bip01-Neck {
        

        FrameTransformMatrix {
         0.976813,0.000001,0.214095,0.000000,-0.000001,1.000000,-0.000000,0.000000,-0.214095,-0.000000,0.976813,0.000000,5.539904,0.000000,-0.690872,1.000000;;
        }

        Frame Bip01-Head {
         

         FrameTransformMatrix {
          0.999958,-0.000000,-0.009206,0.000000,0.000000,1.000000,0.000000,0.000000,0.009206,-0.000000,0.999958,0.000000,2.474255,-0.000000,0.000000,1.000000;;
         }

         Frame Bip01-HeadNub {
          

          FrameTransformMatrix {
           1.000000,0.000000,-0.000000,0.000000,0.000000,1.000000,-0.000000,0.000000,-0.000000,-0.000000,1.000000,0.000000,4.628922,0.000000,-0.000000,1.000000;;
          }
         }

         Frame FxTop {
          

          FrameTransformMatrix {
           0.103621,0.000001,0.994617,0.000000,0.994617,-0.000000,-0.103621,0.000000,0.000000,1.000000,-0.000002,0.000000,4.500019,-0.000003,-0.000001,1.000000;;
          }
         }
        }

        Frame Bip01-L-Clavicle {
         

         FrameTransformMatrix {
          -0.249952,0.966695,0.054990,0.000000,0.944116,0.255930,-0.207716,0.000000,-0.214872,-0.000003,-0.976642,0.000000,-0.753025,0.957158,0.028459,1.000000;;
         }

         Frame Bip01-L-UpperArm {
          

          FrameTransformMatrix {
           0.798872,-0.594050,0.094384,0.000000,0.578815,0.801906,0.148056,0.000000,-0.163640,-0.063647,0.984465,0.000000,2.305937,-0.000008,0.000001,1.000000;;
          }

          Frame Bip01-L-Forearm {
           

           FrameTransformMatrix {
            0.930629,-0.000001,-0.365965,0.000000,0.000000,1.000000,-0.000000,0.000000,0.365966,-0.000000,0.930628,0.000000,6.131237,-0.000004,-0.000001,1.000000;;
           }

           Frame Bip01-L-Hand {
            

            FrameTransformMatrix {
             0.989065,-0.040579,0.141787,0.000000,-0.144471,-0.073386,0.986784,0.000000,-0.029638,-0.996478,-0.078446,0.000000,6.144240,0.000004,-0.000001,1.000000;;
            }

            Frame Bip01-L-Finger0 {
             

             FrameTransformMatrix {
              0.722825,-0.531683,0.441402,0.000000,0.371542,-0.239557,-0.896978,0.000000,0.582649,0.812358,0.024385,0.000000,0.431653,-0.683446,0.267918,1.000000;;
             }

             Frame Bip01-L-Finger01 {
              

              FrameTransformMatrix {
               0.985852,0.000000,0.167616,0.000000,-0.000000,1.000000,0.000000,0.000000,-0.167616,-0.000000,0.985852,0.000000,1.065219,0.000002,-0.000002,1.000000;;
              }

              Frame Bip01-L-Finger02 {
               

               FrameTransformMatrix {
                0.950837,-0.000000,0.309691,0.000000,0.000000,1.000000,-0.000000,0.000000,-0.309692,0.000000,0.950837,0.000000,0.739171,0.000000,0.000000,1.000000;;
               }

               Frame Bip01-L-Finger0Nub {
                

                FrameTransformMatrix {
                 1.000000,0.000000,0.000000,0.000000,-0.000000,1.000000,-0.000000,0.000000,0.000000,0.000000,1.000000,0.000000,0.862501,-0.000004,0.000002,1.000000;;
                }
               }
              }
             }
            }

            Frame Bip01-L-Finger1 {
             

             FrameTransformMatrix {
              0.890676,0.007232,0.454582,0.000000,0.005919,0.999604,-0.027500,0.000000,-0.454601,0.027185,0.890280,0.000000,2.096306,-0.862208,-0.077709,1.000000;;
             }

             Frame Bip01-L-Finger11 {
              

              FrameTransformMatrix {
               0.877627,-0.000000,0.479344,0.000000,0.000000,1.000000,-0.000000,0.000000,-0.479344,0.000000,0.877627,0.000000,1.331192,0.000000,0.000002,1.000000;;
              }

              Frame Bip01-L-Finger12 {
               

               FrameTransformMatrix {
                0.932920,-0.000000,0.360082,0.000000,-0.000000,1.000000,0.000001,0.000000,-0.360082,-0.000001,0.932920,0.000000,0.723103,0.000000,0.000000,1.000000;;
               }

               Frame Bip01-L-Finger1Nub {
                

                FrameTransformMatrix {
                 1.000000,0.000000,-0.000000,0.000000,-0.000000,1.000000,-0.000001,0.000000,0.000001,0.000001,1.000001,0.000000,0.679663,0.000000,0.000002,1.000000;;
                }
               }
              }
             }
            }

            Frame Bip01-L-Finger2 {
             

             FrameTransformMatrix {
              0.882745,0.035112,0.468539,0.000000,-0.013270,0.998669,-0.049837,0.000000,-0.469666,0.037776,0.882036,0.000000,2.179712,-0.283319,-0.116974,1.000000;;
             }

             Frame Bip01-L-Finger21 {
              

              FrameTransformMatrix {
               0.795542,0.000000,0.605899,0.000000,-0.000000,1.000000,0.000000,0.000000,-0.605899,-0.000000,0.795542,0.000000,1.406761,-0.000002,0.000002,1.000000;;
              }

              Frame Bip01-L-Finger22 {
               

               FrameTransformMatrix {
                0.981120,0.000000,0.193399,0.000000,0.000000,1.000000,0.000000,0.000000,-0.193399,-0.000000,0.981120,0.000000,0.840515,0.000002,-0.000003,1.000000;;
               }

               Frame Bip01-L-Finger2Nub {
                

                FrameTransformMatrix {
                 1.000000,0.000000,0.000000,0.000000,-0.000000,1.000000,-0.000001,0.000000,-0.000000,0.000001,1.000000,0.000000,0.664877,0.000003,0.000002,1.000000;;
                }
               }
              }
             }
            }

            Frame Bip01-L-Finger3 {
             

             FrameTransformMatrix {
              0.896787,0.157211,0.413592,0.000000,-0.134986,0.987396,-0.082633,0.000000,-0.421370,0.018276,0.906705,0.000000,2.073350,0.186408,-0.130486,1.000000;;
             }

             Frame Bip01-L-Finger31 {
              

              FrameTransformMatrix {
               0.760569,-0.000000,0.649258,0.000000,0.000000,1.000000,0.000000,0.000000,-0.649258,-0.000000,0.760569,0.000000,1.365456,-0.000000,-0.000002,1.000000;;
              }

              Frame Bip01-L-Finger32 {
               

               FrameTransformMatrix {
                0.978941,0.000000,0.204143,0.000000,-0.000000,1.000000,-0.000000,0.000000,-0.204143,0.000000,0.978941,0.000000,0.768667,0.000001,0.000004,1.000000;;
               }

               Frame Bip01-L-Finger3Nub {
                

                FrameTransformMatrix {
                 1.000000,0.000000,0.000000,0.000000,0.000000,1.000000,0.000000,0.000000,0.000000,0.000000,1.000000,0.000000,0.649357,-0.000001,0.000001,1.000000;;
                }
               }
              }
             }
            }

            Frame Bip01-L-Finger4 {
             

             FrameTransformMatrix {
              0.885085,0.251359,0.391718,0.000000,-0.224522,0.967811,-0.113722,0.000000,-0.407694,0.012704,0.913030,0.000000,1.882344,0.690610,0.070721,1.000000;;
             }

             Frame Bip01-L-Finger41 {
              

              FrameTransformMatrix {
               0.785957,0.000000,0.618281,0.000000,0.000000,1.000000,-0.000001,0.000000,-0.618281,0.000001,0.785957,0.000000,1.108313,-0.000000,0.000000,1.000000;;
              }

              Frame Bip01-L-Finger42 {
               

               FrameTransformMatrix {
                0.944871,-0.000000,0.327444,0.000000,0.000000,1.000000,0.000000,0.000000,-0.327444,-0.000000,0.944871,0.000000,0.520340,0.000000,-0.000001,1.000000;;
               }

               Frame Bip01-L-Finger4Nub {
                

                FrameTransformMatrix {
                 1.000000,0.000000,0.000000,0.000000,0.000000,1.000000,-0.000000,0.000000,-0.000000,-0.000000,1.000000,0.000000,0.515339,-0.000000,0.000000,1.000000;;
                }
               }
              }
             }
            }

            Frame FxHand00 {
             

             FrameTransformMatrix {
              0.220347,-0.936490,0.272824,0.000000,-0.759401,-0.340240,-0.554568,0.000000,0.612174,-0.084985,-0.786143,0.000000,1.500002,0.499998,2.000002,1.000000;;
             }
            }

            Frame L_Sword {
             

             FrameTransformMatrix {
              0.976767,0.039081,-0.210712,0.000000,0.070766,-0.986898,0.145000,0.000000,-0.202285,-0.156542,-0.966734,0.000000,0.000000,0.000000,0.000000,1.000000;;
             }
            }
           }

           Frame L_Elbow {
            

            FrameTransformMatrix {
             0.982504,0.000000,0.186241,0.000000,-0.000000,1.000000,-0.000000,0.000000,-0.186241,-0.000000,0.982504,0.000000,-0.000002,-0.000002,-0.000001,1.000000;;
            }
           }

           Frame L_Shield {
            

            FrameTransformMatrix {
             1.000000,0.000000,0.000000,0.000000,0.000000,1.000000,-0.000000,0.000000,-0.000000,-0.000000,1.000000,0.000000,2.500000,2.500002,-0.000001,1.000000;;
            }
           }

           Frame Bip01-L-ForeTwist {
            

            FrameTransformMatrix {
             1.000000,0.000000,-0.000000,0.000000,0.000000,0.999311,0.037108,0.000000,0.000000,-0.037108,0.999311,0.000000,-0.000002,-0.000002,-0.000001,1.000000;;
            }
           }
          }

          Frame L_Shoulder {
           

           FrameTransformMatrix {
            0.948343,0.307755,-0.077029,0.000000,-0.311668,0.949122,-0.045064,0.000000,0.059241,0.066743,0.996010,0.000000,0.000000,-0.000002,0.000000,1.000000;;
           }
          }

          Frame L_Shoulder_Twist {
           

           FrameTransformMatrix {
            1.000000,-0.000000,-0.000000,0.000000,-0.000000,1.000000,-0.000000,0.000000,0.000000,0.000000,1.000000,0.000000,0.000000,-0.000002,-0.000000,1.000000;;
           }
          }
         }
        }

        Frame Bip01-R-Clavicle {
         

         FrameTransformMatrix {
          -0.249953,-0.966695,0.054995,0.000000,-0.944116,0.255931,0.207715,0.000000,-0.214872,-0.000003,-0.976642,0.000000,-0.753025,-0.957160,0.028464,1.000000;;
         }

         Frame Bip01-R-UpperArm {
          

          FrameTransformMatrix {
           0.798872,0.594050,0.094384,0.000000,-0.578814,0.801906,-0.148056,0.000000,-0.163640,0.063647,0.984465,0.000000,2.305936,0.000008,0.000002,1.000000;;
          }

          Frame Bip01-R-Forearm {
           

           FrameTransformMatrix {
            0.930628,0.000000,-0.365965,0.000000,-0.000000,1.000000,0.000000,0.000000,0.365965,-0.000000,0.930628,0.000000,6.131237,0.000004,-0.000002,1.000000;;
           }

           Frame Bip01-R-Hand {
            

            FrameTransformMatrix {
             0.989066,0.040580,0.141786,0.000000,0.144470,-0.073387,-0.986784,0.000000,-0.029639,0.996478,-0.078447,0.000000,6.144236,0.000000,-0.000005,1.000000;;
            }

            Frame Bip01-R-Finger0 {
             

             FrameTransformMatrix {
              0.722825,0.531683,0.441403,0.000000,-0.371541,-0.239557,0.896978,0.000000,0.582649,-0.812358,0.024384,0.000000,0.431656,0.683445,0.267914,1.000000;;
             }

             Frame Bip01-R-Finger01 {
              

              FrameTransformMatrix {
               0.985852,-0.000000,0.167616,0.000000,0.000000,1.000001,-0.000000,0.000000,-0.167616,0.000000,0.985852,0.000000,1.065221,0.000000,0.000000,1.000000;;
              }

              Frame Bip01-R-Finger02 {
               

               FrameTransformMatrix {
                0.950838,0.000000,0.309691,0.000000,0.000000,1.000000,-0.000000,0.000000,-0.309691,0.000000,0.950837,0.000000,0.739167,-0.000002,-0.000003,1.000000;;
               }

               Frame Bip01-R-Finger0Nub {
                

                FrameTransformMatrix {
                 -1.000000,0.000000,0.000001,0.000000,0.000000,1.000000,-0.000000,0.000000,-0.000001,-0.000000,-1.000000,0.000000,0.862501,0.000004,0.000002,1.000000;;
                }
               }
              }
             }
            }

            Frame Bip01-R-Finger1 {
             

             FrameTransformMatrix {
              0.890676,-0.007232,0.454582,0.000000,-0.005919,0.999605,0.027500,0.000000,-0.454601,-0.027184,0.890281,0.000000,2.096302,0.862207,-0.077711,1.000000;;
             }

             Frame Bip01-R-Finger11 {
              

              FrameTransformMatrix {
               0.877627,0.000000,0.479344,0.000000,0.000000,1.000000,-0.000000,0.000000,-0.479344,-0.000000,0.877627,0.000000,1.331188,0.000002,-0.000002,1.000000;;
              }

              Frame Bip01-R-Finger12 {
               

               FrameTransformMatrix {
                0.932921,-0.000000,0.360082,0.000000,0.000000,1.000000,0.000000,0.000000,-0.360082,0.000000,0.932921,0.000000,0.723097,0.000001,-0.000002,1.000000;;
               }

               Frame Bip01-R-Finger1Nub {
                

                FrameTransformMatrix {
                 -1.000000,-0.000000,0.000000,0.000000,-0.000000,1.000000,-0.000001,0.000000,-0.000000,-0.000001,-1.000000,0.000000,0.679668,-0.000002,0.000002,1.000000;;
                }
               }
              }
             }
            }

            Frame Bip01-R-Finger2 {
             

             FrameTransformMatrix {
              0.882745,-0.035112,0.468539,0.000000,0.013271,0.998669,0.049837,0.000000,-0.469666,-0.037775,0.882036,0.000000,2.179712,0.283315,-0.116974,1.000000;;
             }

             Frame Bip01-R-Finger21 {
              

              FrameTransformMatrix {
               0.795542,-0.000001,0.605898,0.000000,0.000000,1.000000,0.000000,0.000000,-0.605899,-0.000000,0.795542,0.000000,1.406761,0.000001,-0.000001,1.000000;;
              }

              Frame Bip01-R-Finger22 {
               

               FrameTransformMatrix {
                0.981121,0.000000,0.193398,0.000000,-0.000000,1.000000,-0.000000,0.000000,-0.193399,0.000000,0.981120,0.000000,0.840506,-0.000001,-0.000001,1.000000;;
               }

               Frame Bip01-R-Finger2Nub {
                

                FrameTransformMatrix {
                 -1.000000,0.000000,-0.000000,0.000000,0.000000,1.000000,0.000000,0.000000,-0.000000,0.000000,-1.000000,0.000000,0.664877,0.000001,-0.000001,1.000000;;
                }
               }
              }
             }
            }

            Frame Bip01-R-Finger3 {
             

             FrameTransformMatrix {
              0.896787,-0.157212,0.413591,0.000000,0.134986,0.987396,0.082633,0.000000,-0.421369,-0.018275,0.906705,0.000000,2.073345,-0.186409,-0.130489,1.000000;;
             }

             Frame Bip01-R-Finger31 {
              

              FrameTransformMatrix {
               0.760569,-0.000000,0.649257,0.000000,0.000000,1.000000,0.000000,0.000000,-0.649258,-0.000000,0.760569,0.000000,1.365458,0.000001,0.000002,1.000000;;
              }

              Frame Bip01-R-Finger32 {
               

               FrameTransformMatrix {
                0.978941,-0.000000,0.204143,0.000000,0.000000,1.000000,-0.000000,0.000000,-0.204143,0.000000,0.978941,0.000000,0.768673,0.000000,0.000000,1.000000;;
               }

               Frame Bip01-R-Finger3Nub {
                

                FrameTransformMatrix {
                 -1.000000,-0.000001,0.000000,0.000000,-0.000000,1.000000,0.000000,0.000000,-0.000000,0.000000,-1.000000,0.000000,0.649351,0.000000,0.000002,1.000000;;
                }
               }
              }
             }
            }

            Frame Bip01-R-Finger4 {
             

             FrameTransformMatrix {
              0.885085,-0.251359,0.391718,0.000000,0.224522,0.967810,0.113722,0.000000,-0.407694,-0.012705,0.913031,0.000000,1.882344,-0.690610,0.070721,1.000000;;
             }

             Frame Bip01-R-Finger41 {
              

              FrameTransformMatrix {
               0.785957,0.000000,0.618281,0.000000,0.000000,1.000000,-0.000000,0.000000,-0.618281,0.000000,0.785957,0.000000,1.108315,0.000001,-0.000004,1.000000;;
              }

              Frame Bip01-R-Finger42 {
               

               FrameTransformMatrix {
                0.944871,0.000000,0.327444,0.000000,-0.000000,1.000000,-0.000000,0.000000,-0.327444,0.000000,0.944871,0.000000,0.520342,0.000001,0.000002,1.000000;;
               }

               Frame Bip01-R-Finger4Nub {
                

                FrameTransformMatrix {
                 -1.000001,0.000000,0.000000,0.000000,0.000000,1.000000,0.000000,0.000000,-0.000000,0.000000,-1.000000,0.000000,0.515343,-0.000001,0.000004,1.000000;;
                }
               }
              }
             }
            }

            Frame FxHand01 {
             

             FrameTransformMatrix {
              0.220350,0.936491,0.272822,0.000000,-0.759401,0.340241,-0.554569,0.000000,-0.612173,-0.084982,0.786144,0.000000,1.500002,-0.499999,2.000000,1.000000;;
             }
            }

            Frame R_Sword {
             

             FrameTransformMatrix {
              0.976767,-0.039081,-0.210713,0.000000,0.070767,0.986898,0.145001,0.000000,0.202285,-0.156543,0.966735,0.000000,0.000000,-0.000002,0.000000,1.000000;;
             }
            }
           }

           Frame R_Elbow {
            

            FrameTransformMatrix {
             0.982504,0.000000,0.186241,0.000000,-0.000000,1.000000,-0.000000,0.000000,-0.186241,0.000000,0.982504,0.000000,-0.000002,0.000000,-0.000002,1.000000;;
            }
           }

           Frame Bip01-R-ForeTwist {
            

            FrameTransformMatrix {
             1.000000,0.000000,-0.000000,0.000000,-0.000000,0.999312,-0.037108,0.000000,0.000000,0.037108,0.999311,0.000000,-0.000002,0.000000,-0.000002,1.000000;;
            }
           }
          }

          Frame R_Shoulder {
           

           FrameTransformMatrix {
            0.948342,-0.307756,-0.077029,0.000000,0.311669,0.949121,0.045064,0.000000,0.059241,-0.066743,0.996010,0.000000,0.000002,0.000000,-0.000000,1.000000;;
           }
          }

          Frame R_Shoulder_Twist {
           

           FrameTransformMatrix {
            1.000000,-0.000000,-0.000000,0.000000,-0.000000,1.000000,0.000000,0.000000,0.000000,-0.000000,1.000000,0.000000,0.000002,0.000000,0.000000,1.000000;;
           }
          }
         }
        }
       }

       Frame R_Breast {
        

        FrameTransformMatrix {
         0.063560,0.329543,-0.941999,0.000000,-0.003088,0.943968,0.330024,0.000000,0.997973,-0.018067,0.061016,0.000000,1.272749,-1.452000,1.209911,1.000000;;
        }
       }

       Frame L_Breast {
        

        FrameTransformMatrix {
         -0.063561,0.329545,0.941998,0.000000,0.003087,0.943967,-0.330025,0.000000,-0.997973,-0.018069,-0.061017,0.000000,1.272757,1.451767,1.209908,1.000000;;
        }
       }

       Frame L_spine3 {
        

        FrameTransformMatrix {
         0.980445,0.043404,-0.191946,0.000000,0.044220,-0.999022,-0.000032,0.000000,-0.191760,-0.008456,-0.981405,0.000000,2.104033,3.093147,-0.411915,1.000000;;
        }
       }

       Frame R_spine3 {
        

        FrameTransformMatrix {
         0.980446,-0.043406,-0.191942,0.000000,-0.044220,-0.999022,0.000038,0.000000,-0.191756,0.008450,-0.981406,0.000000,2.104040,-3.093147,-0.411908,1.000000;;
        }
       }
      }

      Frame FxCenter {
       

       FrameTransformMatrix {
        -0.023870,0.000000,0.999715,0.000000,0.999715,-0.000000,0.023870,0.000000,0.000000,1.000000,-0.000000,0.000000,1.000006,-0.000002,0.000000,1.000000;;
       }
      }

      Frame Weapon_Back {
       

       FrameTransformMatrix {
        -0.999294,-0.000000,-0.037550,0.000000,0.000000,-1.000000,0.000000,0.000000,-0.037550,0.000000,0.999295,0.000000,4.711468,-0.000002,-2.809570,1.000000;;
       }
      }
     }
    }

    Frame Bip01-L-Thigh {
     

     FrameTransformMatrix {
      -0.997343,0.010238,0.072129,0.000000,-0.003067,-0.995100,0.098825,0.000000,0.072788,0.098342,0.992487,0.000000,-2.355776,2.566188,0.104821,1.000000;;
     }

     Frame Bip01-L-Calf {
      

      FrameTransformMatrix {
       0.989801,0.000000,-0.142458,0.000000,0.000000,1.000000,0.000002,0.000000,0.142458,-0.000002,0.989801,0.000000,10.047705,-0.000001,0.000000,1.000000;;
      }

      Frame Bip01-L-Foot {
       

       FrameTransformMatrix {
        0.993368,0.006533,0.114794,0.000000,-0.007677,0.999925,0.009526,0.000000,-0.114723,-0.010344,0.993344,0.000000,10.474948,0.000001,0.000001,1.000000;;
       }

       Frame Bip01-L-Toe0 {
        

        FrameTransformMatrix {
         0.005122,-0.000012,0.999987,0.000000,0.000000,1.000000,0.000012,0.000000,-0.999987,0.000000,0.005122,0.000000,3.213932,-0.000023,1.930074,1.000000;;
        }

        Frame Bip01-L-Toe0Nub {
         

         FrameTransformMatrix {
          -1.000000,-0.000000,0.000000,0.000000,-0.000000,1.000000,0.000000,0.000000,-0.000000,0.000000,-1.000000,0.000000,1.879583,0.000000,-0.000000,1.000000;;
         }
        }
       }
      }

      Frame L_Knee {
       

       FrameTransformMatrix {
        0.997447,0.000000,0.071411,0.000000,-0.000000,1.000000,0.000001,0.000000,-0.071411,-0.000001,0.997447,0.000000,0.000001,0.000000,0.000000,1.000000;;
       }
      }

      Frame Bip01-LCalfTwist {
       

       FrameTransformMatrix {
        1.000000,0.000000,-0.000000,0.000000,-0.000000,0.999989,0.004770,0.000000,0.000000,-0.004769,0.999989,0.000000,0.000001,0.000000,0.000000,1.000000;;
       }
      }
     }

     Frame L_Thigh {
      

      FrameTransformMatrix {
       1.000000,0.000000,0.000000,0.000000,-0.000000,1.000000,0.000000,0.000000,-0.000000,-0.000000,1.000000,0.000000,0.000000,-0.000000,0.000000,1.000000;;
      }
     }
    }

    Frame Bip01-R-Thigh {
     

     FrameTransformMatrix {
      -0.997343,-0.010238,0.072130,0.000000,0.003068,-0.995101,-0.098819,0.000000,0.072788,-0.098335,0.992488,0.000000,-2.355778,-2.566190,0.104834,1.000000;;
     }

     Frame Bip01-R-Calf {
      

      FrameTransformMatrix {
       0.989801,-0.000001,-0.142458,0.000000,0.000000,1.000000,-0.000003,0.000000,0.142458,0.000003,0.989801,0.000000,10.047706,-0.000001,-0.000001,1.000000;;
      }

      Frame Bip01-R-Foot {
       

       FrameTransformMatrix {
        0.993368,-0.006533,0.114795,0.000000,0.007676,0.999926,-0.009520,0.000000,-0.114724,0.010338,0.993344,0.000000,10.474942,0.000000,0.000001,1.000000;;
       }

       Frame Bip01-R-Toe0 {
        

        FrameTransformMatrix {
         0.005122,0.000019,0.999987,0.000000,-0.000000,1.000000,-0.000019,0.000000,-0.999987,-0.000000,0.005122,0.000000,3.213933,0.000037,1.930074,1.000000;;
        }

        Frame Bip01-R-Toe0Nub {
         

         FrameTransformMatrix {
          1.000000,0.000000,-0.000000,0.000000,0.000000,1.000000,0.000000,0.000000,0.000000,0.000000,1.000000,0.000000,1.879583,-0.000001,0.000000,1.000000;;
         }
        }
       }
      }

      Frame R_Knee {
       

       FrameTransformMatrix {
        0.997447,0.000000,0.071411,0.000000,-0.000000,1.000001,-0.000001,0.000000,-0.071411,0.000001,0.997447,0.000000,0.000000,0.000000,-0.000000,1.000000;;
       }
      }

      Frame Bip01-RCalfTwist {
       

       FrameTransformMatrix {
        1.000000,-0.000000,0.000000,0.000000,0.000000,0.999989,-0.004770,0.000000,-0.000000,0.004770,0.999989,0.000000,-0.000001,-0.000000,-0.000000,1.000000;;
       }
      }
     }

     Frame R_Thigh {
      

      FrameTransformMatrix {
       1.000000,-0.000000,-0.000000,0.000000,0.000000,1.000000,-0.000003,0.000000,0.000000,0.000003,1.000000,0.000000,0.000000,-0.000001,0.000000,1.000000;;
      }
     }
    }

    Frame Skirt_Dummy {
     

     FrameTransformMatrix {
      -1.000000,0.000001,0.000796,0.000000,-0.000001,-1.000000,0.000002,0.000000,0.000796,0.000002,1.000000,0.000000,-0.033834,-0.000002,-0.263520,1.000000;;
     }
    }
   }
  }
 }
}

Frame Human_F_L06_Body_Skel {
 

 FrameTransformMatrix {
  1.000000,0.000000,0.000000,0.000000,0.000000,1.000000,0.000000,0.000000,0.000000,0.000000,1.000000,0.000000,0.000000,0.000000,0.000000,1.000000;;
 }

 Mesh Human_F_L06_Body_Skel {
  3725;
  -2.434397;32.170925;0.644512;,
  -2.547857;31.453488;0.316423;,
  -2.359364;31.547597;0.336605;,
  -2.048354;32.864246;4.267421;,
  -1.579290;33.072934;3.919415;,
  -1.549323;32.567597;4.140823;,
  -2.024729;33.333821;4.051749;,
  -1.537805;32.373341;4.225934;,
  -0.729375;32.577453;4.045767;,
  -0.804764;33.043562;3.877478;,
  -0.849290;33.433997;3.613217;,
  -1.715119;33.493718;3.607967;,
  -2.173143;33.781990;3.755277;,
  -2.229544;33.977866;3.657505;,
  -2.273643;34.164371;3.479017;,
  -2.455923;34.506730;3.624646;,
  -2.487552;34.576454;3.515974;,
  -2.366413;34.153850;3.823526;,
  -2.316415;33.984934;3.914888;,
  -2.237124;33.532586;4.175350;,
  -2.312774;32.858131;4.466146;,
  -2.181988;33.933037;4.073494;,
  -2.111556;33.531226;4.304857;,
  -2.181621;32.876518;4.599502;,
  -1.478599;32.388413;4.353926;,
  -0.693450;32.355334;4.125962;,
  -0.728578;32.372413;4.265123;,
  -3.988488;36.205597;1.108012;,
  -3.518927;35.933280;1.765194;,
  -3.741460;36.454918;1.623941;,
  -4.076490;37.159059;0.727276;,
  -3.629318;38.274803;0.001325;,
  -4.240149;37.084243;-0.000326;,
  -3.415626;38.410966;-0.013638;,
  -3.568680;38.236138;-0.569702;,
  -4.076490;37.159059;-0.727276;,
  -4.251581;35.989190;-0.000338;,
  -4.196035;36.049520;0.514438;,
  -3.819453;35.682544;1.299763;,
  -3.362640;35.624534;1.859518;,
  -4.062966;35.383309;0.534540;,
  -4.179470;35.204973;-0.000326;,
  -3.557836;35.321952;1.357494;,
  -3.703556;34.348374;0.831232;,
  -3.508364;34.640624;1.618659;,
  -3.843530;35.028294;0.612083;,
  -4.095694;34.878778;-0.000326;,
  -4.053430;35.374323;-0.564340;,
  -4.196035;36.049520;-0.514413;,
  -3.988488;36.205597;-1.108013;,
  -3.352161;34.999472;2.154879;,
  -3.838762;35.023798;-0.626983;,
  -3.847315;34.791466;-0.000326;,
  -3.817258;35.643510;-1.333130;,
  -3.540658;35.316355;-1.362149;,
  -3.691502;34.306317;-0.874652;,
  -3.935169;34.334531;0.003619;,
  -3.623372;33.768131;0.427219;,
  -3.248642;34.086762;1.014740;,
  -3.222318;34.252899;1.749019;,
  -3.515123;34.728614;-1.597854;,
  -3.492006;33.343830;0.294858;,
  -3.205276;33.763728;0.581599;,
  -3.875706;33.846816;0.003619;,
  -3.647365;33.778653;-0.410191;,
  -3.248643;34.086765;-1.014741;,
  -3.228674;34.267331;-1.720377;,
  -3.401748;34.999472;-2.145240;,
  -3.238993;33.763728;-0.567271;,
  -3.519477;33.365181;-0.273339;,
  -3.653624;33.372646;0.004245;,
  -3.329515;32.879978;0.260295;,
  -3.211770;33.191549;0.614581;,
  -3.051026;32.823014;0.832279;,
  -3.064031;32.989200;1.421273;,
  -2.714766;32.742806;1.427465;,
  -3.425389;32.779834;-0.000326;,
  -3.147565;33.536301;0.553126;,
  -3.092880;33.776032;1.127201;,
  -3.179007;33.447600;1.309208;,
  -3.094816;33.790771;1.901868;,
  -2.782151;33.177629;2.052923;,
  -2.556418;33.710544;2.666728;,
  -2.348245;33.021427;2.385974;,
  -1.802207;32.869315;2.928849;,
  -2.921521;34.159578;2.432084;,
  -1.886540;33.459734;3.150360;,
  -2.425896;34.217706;2.957168;,
  -2.796020;34.762490;2.829654;,
  -2.877964;34.432803;2.351611;,
  -3.112452;34.177757;1.786877;,
  -2.633583;34.781693;3.215829;,
  -2.916113;35.192691;2.821399;,
  -3.084129;34.651782;2.331093;,
  -3.053263;35.562099;2.641701;,
  -3.028249;36.004144;2.380564;,
  -2.650331;36.066051;2.924736;,
  -2.678415;35.300285;3.278466;,
  -2.442087;35.989120;3.409704;,
  -2.249679;36.478816;3.068697;,
  -2.732858;36.275437;2.578761;,
  -2.358615;36.602349;2.795407;,
  -2.484959;36.815690;2.767058;,
  -2.027435;37.130253;2.929189;,
  -2.780312;37.116106;2.445281;,
  -2.097667;37.485360;2.599292;,
  -2.820718;37.429190;2.288674;,
  -2.487231;38.023866;1.982207;,
  -2.857949;36.502947;2.533049;,
  -2.634612;38.245667;1.445523;,
  -2.197704;38.150832;1.690730;,
  -1.970701;37.913491;2.168066;,
  -1.749679;38.058291;1.914960;,
  -1.225200;37.737734;2.393681;,
  -1.174672;37.884042;2.108471;,
  -1.718333;37.783315;1.875262;,
  -2.149816;37.872435;1.659312;,
  -2.567023;37.946442;1.396203;,
  -2.900173;38.043478;1.024200;,
  -1.232678;37.601267;2.034906;,
  -2.136258;36.446950;3.541362;,
  -1.829380;36.823504;3.207682;,
  -1.912935;36.905734;2.942588;,
  -1.314137;37.158150;3.050875;,
  -1.264922;37.417520;2.729810;,
  -1.322850;36.963210;3.269059;,
  -1.782282;36.764147;3.619912;,
  -1.278452;36.871222;3.712073;,
  -1.319808;37.015165;3.084559;,
  0.694460;35.717248;3.023363;,
  1.250004;35.191802;2.480495;,
  0.812278;35.782829;2.722836;,
  0.414453;36.334835;2.909428;,
  0.410693;36.290458;3.108263;,
  0.560613;36.475776;2.744558;,
  0.027289;36.689734;3.005566;,
  0.022990;36.615802;3.180303;,
  0.129163;36.895526;2.773544;,
  0.178057;37.109840;2.506498;,
  -0.622156;36.912045;3.080127;,
  -0.680324;36.877475;3.238940;,
  -0.577361;37.020854;3.062690;,
  -0.561229;37.287728;2.751106;,
  -0.531461;37.508387;2.477198;,
  -0.530192;37.661984;2.207843;,
  0.139158;37.164822;2.205470;,
  0.686525;36.595635;2.532779;,
  -1.174672;37.884042;2.108471;,
  -1.225200;37.737734;2.393681;,
  -1.264922;37.417520;2.729810;,
  -1.314137;37.158150;3.050875;,
  -1.319808;37.015165;3.084559;,
  -1.322850;36.963210;3.269059;,
  -1.278452;36.871222;3.712073;,
  0.678704;36.625504;2.220069;,
  1.075402;36.010845;2.426820;,
  1.058183;36.045677;2.163200;,
  1.450976;35.434442;2.053635;,
  1.867932;34.851616;2.078811;,
  2.318558;34.414016;1.700635;,
  1.864114;34.911226;1.887688;,
  1.408522;35.363437;2.284305;,
  0.986000;35.916733;2.596954;,
  1.673519;34.744534;2.249710;,
  2.244349;34.282390;1.937872;,
  2.713413;34.041846;1.366308;,
  1.363836;34.604928;2.828750;,
  1.747121;34.219283;2.717791;,
  2.586338;33.899750;2.141698;,
  2.770785;33.817910;1.616118;,
  2.935394;33.353933;2.115707;,
  3.050773;33.421440;1.241473;,
  3.320402;32.689165;1.287589;,
  3.213530;33.019187;0.733696;,
  3.234221;32.699382;0.465629;,
  2.276376;33.812333;2.667699;,
  1.497696;33.872410;3.151589;,
  1.082337;34.006560;3.213121;,
  1.967044;33.645869;3.007855;,
  2.092649;33.202598;3.126370;,
  2.597255;33.287933;2.717756;,
  0.921200;33.081702;3.279485;,
  1.467040;33.172806;3.302437;,
  1.564384;32.416614;3.242702;,
  1.010623;32.268029;3.209718;,
  1.584198;31.493117;2.963146;,
  1.994225;30.870826;2.475032;,
  2.902675;31.509162;2.039350;,
  2.349274;31.405082;2.609130;,
  2.118697;32.106256;3.101460;,
  2.157844;32.584045;3.144314;,
  2.714063;32.653725;2.716141;,
  3.129158;32.650506;2.166610;,
  2.631117;32.067555;2.707670;,
  3.088864;32.088986;2.145691;,
  3.328498;32.192634;1.278610;,
  3.258229;32.281738;0.459016;,
  3.266292;32.042192;0.614522;,
  3.227176;31.770230;1.207542;,
  3.122638;32.672099;0.135007;,
  3.161797;32.234067;0.139384;,
  3.113203;31.874339;0.409068;,
  3.066032;31.470000;1.073389;,
  2.749285;31.097638;1.902129;,
  2.911939;31.409616;1.023830;,
  2.958360;31.842518;0.332489;,
  2.937030;32.207424;0.075135;,
  2.932747;32.688774;0.059103;,
  2.839105;33.133891;0.472286;,
  3.055579;33.123360;0.522463;,
  2.746087;33.596426;0.910339;,
  2.962491;33.617267;1.009688;,
  2.492814;33.972061;1.217412;,
  2.150176;34.306074;1.486419;,
  1.708234;34.797350;1.774128;,
  1.320247;35.278954;1.978253;,
  0.890615;35.917574;2.120669;,
  0.522688;36.414285;2.178268;,
  -0.000920;36.979018;2.134613;,
  -0.611994;37.387414;2.130609;,
  -1.232678;37.601267;2.034906;,
  0.946363;35.015773;2.978034;,
  0.576798;35.638570;3.387306;,
  0.541760;34.884157;3.292740;,
  -0.673694;36.813322;3.667809;,
  -0.003173;36.554477;3.562076;,
  0.388205;36.165475;3.465845;,
  1.163520;30.789050;2.731968;,
  1.108176;31.414829;2.955534;,
  0.198573;32.113059;3.098135;,
  0.169640;32.926563;3.246756;,
  0.647894;34.114061;3.247115;,
  0.247234;31.273242;2.941766;,
  0.264011;30.755014;2.808789;,
  0.351015;34.179283;3.372293;,
  0.080019;33.617072;3.381749;,
  -0.936847;33.363626;3.287342;,
  -0.814846;32.721398;3.153682;,
  -0.745741;32.016118;2.952976;,
  -0.557968;31.221014;2.818499;,
  -0.080139;33.839859;3.394790;,
  -0.889115;33.612560;3.381820;,
  -0.431271;30.717942;2.731518;,
  0.268188;30.741187;2.618044;,
  1.124573;30.762838;2.554856;,
  1.936234;30.858765;2.316678;,
  2.603508;31.081910;1.777516;,
  -0.398230;30.682800;2.555656;,
  -1.741906;33.738278;3.200078;,
  -0.936847;33.363626;3.287342;,
  -0.889115;33.612560;3.381820;,
  -2.501033;32.447296;1.725957;,
  -2.252139;32.242931;2.149452;,
  -1.709143;32.080762;2.713148;,
  -0.814846;32.721398;3.153682;,
  -2.320535;34.306045;3.222025;,
  -0.745741;32.016118;2.952976;,
  -1.453095;31.146397;2.484604;,
  -2.099225;31.560787;1.823059;,
  -1.815205;30.768509;1.866867;,
  -1.167607;30.546605;2.397679;,
  -0.431271;30.717942;2.731518;,
  -0.398230;30.682800;2.555656;,
  -0.557968;31.221014;2.818499;,
  -1.094005;30.538394;2.208494;,
  -1.601912;30.177683;1.991882;,
  -1.428673;30.167840;1.900699;,
  -1.630485;29.583930;1.537979;,
  -2.015412;28.925914;1.130137;,
  -1.818349;29.638368;1.577672;,
  -1.978178;30.191552;1.261973;,
  -2.195772;31.032086;1.101987;,
  -2.514579;31.663994;1.120982;,
  -2.470900;32.010781;1.473357;,
  -2.044774;29.661312;0.738790;,
  -2.635996;32.853523;1.773277;,
  -2.459860;32.910819;1.733789;,
  -2.329576;32.497978;1.686965;,
  -2.304331;32.076707;1.421740;,
  -2.305647;31.742832;1.077688;,
  -2.359364;31.547597;0.336605;,
  -2.547857;31.453488;0.316423;,
  -2.538537;32.818963;1.407684;,
  -2.716767;32.477206;0.933822;,
  -2.650572;32.096131;0.653099;,
  -2.533211;32.547430;0.933264;,
  -2.434397;32.170925;0.644512;,
  -2.919520;31.397661;-0.000326;,
  -2.940614;31.577978;0.216476;,
  -3.088724;32.219891;0.404316;,
  -3.271702;32.180637;-0.000326;,
  -3.329880;32.861075;-0.244400;,
  -2.940614;31.577974;-0.216476;,
  -2.547858;31.453491;-0.322513;,
  -2.583077;32.109162;-0.636312;,
  -2.434397;32.170925;-0.644512;,
  -2.533211;32.547437;-0.933264;,
  -2.684759;32.496598;-0.933443;,
  -2.573383;32.801888;-1.450983;,
  -2.708809;32.741664;-1.462924;,
  -2.490691;32.882086;-1.745247;,
  -3.088724;32.219891;-0.404317;,
  -3.067549;32.751434;-0.804771;,
  -3.214021;33.168330;-0.627175;,
  -3.088056;33.026077;-1.418617;,
  -2.659139;32.815958;-1.795766;,
  -2.475214;32.445706;-1.709022;,
  -2.329577;32.497978;-1.686965;,
  -2.304331;32.076707;-1.421740;,
  -3.179007;33.447600;-1.309209;,
  -3.094817;33.790771;-1.901868;,
  -3.092880;33.776032;-1.127201;,
  -3.147565;33.536304;-0.553127;,
  -3.100096;34.160490;-1.747754;,
  -2.425896;34.217706;-2.957167;,
  -2.633583;34.781693;-3.215829;,
  -2.320535;34.306045;-3.222025;,
  -2.795933;34.757184;-2.910764;,
  -2.919340;35.146394;-2.823354;,
  -2.965047;34.506614;-2.283635;,
  -3.094375;34.631187;-2.247041;,
  -3.116521;35.459053;-2.603506;,
  -2.702837;35.994067;-2.937858;,
  -3.085794;35.992019;-2.298969;,
  -2.728859;36.293427;-2.569969;,
  -3.318559;35.658320;-1.883990;,
  -3.520042;35.920541;-1.818346;,
  -2.487993;36.783664;-2.752322;,
  -2.872068;36.489907;-2.519984;,
  -3.216321;36.201578;-2.273476;,
  -3.243775;36.757136;-2.073174;,
  -3.741460;36.454918;-1.623941;,
  -3.846062;37.272301;-1.421392;,
  -3.279778;37.371558;-1.961930;,
  -3.296514;38.217530;-1.215715;,
  -2.918127;38.144781;-1.627875;,
  -3.048993;36.905600;-2.253368;,
  -2.609599;37.188109;-2.509771;,
  -2.597920;37.505002;-2.379948;,
  -2.408340;38.068675;-1.970097;,
  -2.100937;37.490480;-2.654836;,
  -2.027436;37.130250;-2.929189;,
  -2.322767;36.612125;-2.769357;,
  -2.247087;36.456278;-3.067728;,
  -1.905274;37.936438;-2.177815;,
  -1.309944;37.208026;-3.048599;,
  -1.912936;36.905734;-2.942588;,
  -1.829380;36.823501;-3.207682;,
  -2.136258;36.446950;-3.541362;,
  -2.442087;35.989117;-3.409704;,
  -2.678415;35.300285;-3.278466;,
  -1.319808;37.015158;-3.084559;,
  -1.322850;36.963210;-3.269059;,
  -1.782282;36.764144;-3.619912;,
  -1.321232;36.871219;-3.714316;,
  -2.270493;25.808930;-0.000000;,
  -2.330679;25.445922;-0.181942;,
  -2.311922;25.410243;-0.000000;,
