xof 0303txt 0032
template ColorRGBA {
 <35ff44e0-6c7c-11cf-8f52-0040333594a3>
 FLOAT red;
 FLOAT green;
 FLOAT blue;
 FLOAT alpha;
}

template ColorRGB {
 <d3e16e81-7835-11cf-8f52-0040333594a3>
 FLOAT red;
 FLOAT green;
 FLOAT blue;
}

template Material {
 <3d82ab4d-62da-11cf-ab39-0020af71e433>
 ColorRGBA faceColor;
 FLOAT power;
 ColorRGB specularColor;
 ColorRGB emissiveColor;
 [...]
}

template TextureFilename {
 <a42790e1-7810-11cf-8f52-0040333594a3>
 STRING filename;
}

template Frame {
 <3d82ab46-62da-11cf-ab39-0020af71e433>
 [...]
}

template Matrix4x4 {
 <f6f23f45-7686-11cf-8f52-0040333594a3>
 array FLOAT matrix[16];
}

template FrameTransformMatrix {
 <f6f23f41-7686-11cf-8f52-0040333594a3>
 Matrix4x4 frameMatrix;
}

template Vector {
 <3d82ab5e-62da-11cf-ab39-0020af71e433>
 FLOAT x;
 FLOAT y;
 FLOAT z;
}

template MeshFace {
 <3d82ab5f-62da-11cf-ab39-0020af71e433>
 DWORD nFaceVertexIndices;
 array DWORD faceVertexIndices[nFaceVertexIndices];
}

template Mesh {
 <3d82ab44-62da-11cf-ab39-0020af71e433>
 DWORD nVertices;
 array Vector vertices[nVertices];
 DWORD nFaces;
 array MeshFace faces[nFaces];
 [...]
}

template MeshNormals {
 <f6f23f43-7686-11cf-8f52-0040333594a3>
 DWORD nNormals;
 array Vector normals[nNormals];
 DWORD nFaceNormals;
 array MeshFace faceNormals[nFaceNormals];
}

template MeshMaterialList {
 <f6f23f42-7686-11cf-8f52-0040333594a3>
 DWORD nMaterials;
 DWORD nFaceIndexes;
 array DWORD faceIndexes[nFaceIndexes];
 [Material <3d82ab4d-62da-11cf-ab39-0020af71e433>]
}

template Coords2d {
 <f6f23f44-7686-11cf-8f52-0040333594a3>
 FLOAT u;
 FLOAT v;
}

template MeshTextureCoords {
 <f6f23f40-7686-11cf-8f52-0040333594a3>
 DWORD nTextureCoords;
 array Coords2d textureCoords[nTextureCoords];
}

template XSkinMeshHeader {
 <3cf169ce-ff7c-44ab-93c0-f78f62d172e2>
 WORD nMaxSkinWeightsPerVertex;
 WORD nMaxSkinWeightsPerFace;
 WORD nBones;
}

template SkinWeights {
 <6f0d123b-bad2-4167-a0d0-80224f25fabb>
 STRING transformNodeName;
 DWORD nWeights;
 array DWORD vertexIndices[nWeights];
 array FLOAT weights[nWeights];
 Matrix4x4 matrixOffset;
}


Material Material__36 {
 1.000000;1.000000;1.000000;1.000000;;
 10.000000;
 0.000000;0.000000;0.000000;;
 0.000000;0.000000;0.000000;;

 TextureFilename {
  "Human_F_L07_Body_diff.dds";
 }
}

Frame Dummy_root {
 

 FrameTransformMatrix {
  1.000000,0.000000,0.000000,0.000000,0.000000,1.000000,0.000000,0.000000,0.000000,0.000000,1.000000,0.000000,0.000000,23.000000,0.000000,1.000000;;
 }

 Frame FxBottom {
  

  FrameTransformMatrix {
   1.000000,0.000000,0.000000,0.000000,0.000000,1.000000,0.000000,0.000000,-0.000000,0.000000,1.000000,0.000000,0.000000,-23.000000,-0.000000,1.000000;;
  }
 }

 Frame Bip01 {
  

  FrameTransformMatrix {
   1.000000,0.000000,0.000001,0.000000,0.000000,1.000000,0.000000,0.000000,-0.000001,0.000000,1.000000,0.000000,-0.194762,0.659397,0.000000,1.000000;;
  }

  Frame Bip01-Pelvis {
   

   FrameTransformMatrix {
    0.000001,1.000000,-0.000001,0.000000,-0.000001,0.000001,1.000000,0.000000,1.000000,-0.000001,0.000001,0.000000,0.000000,0.000000,0.000000,1.000000;;
   }

   Frame Bip01-Spine {
    

    FrameTransformMatrix {
     0.999030,0.000001,0.044033,0.000000,-0.000001,1.000000,0.000004,0.000000,-0.044033,-0.000004,0.999030,0.000000,2.358109,0.000003,-0.000993,1.000000;;
    }

    Frame Bip01-Spine1 {
     

     FrameTransformMatrix {
      0.998814,0.000000,0.048692,0.000000,-0.000000,1.000000,0.000001,0.000000,-0.048692,-0.000001,0.998814,0.000000,0.209322,0.000000,-0.002767,1.000000;;
     }

     Frame Bip01-Spine2 {
      

      FrameTransformMatrix {
       0.993206,-0.000000,-0.116369,0.000000,0.000000,1.000000,-0.000002,0.000000,0.116369,0.000002,0.993206,0.000000,3.478325,0.000000,-0.001151,1.000000;;
      }

      Frame Bip01-Spine3 {
       

       FrameTransformMatrix {
        0.996891,-0.000000,-0.078796,0.000000,0.000000,1.000000,0.000001,0.000000,0.078796,-0.000001,0.996891,0.000000,1.456831,0.000000,-0.004309,1.000000;;
       }

       Frame Bip01-Neck {
        

        FrameTransformMatrix {
         0.976813,0.000001,0.214094,0.000000,-0.000001,1.000000,-0.000000,0.000000,-0.214094,-0.000000,0.976813,0.000000,5.539911,0.000000,-0.690871,1.000000;;
        }

        Frame Bip01-Head {
         

         FrameTransformMatrix {
          0.999958,-0.000000,-0.009206,0.000000,0.000000,1.000000,-0.000000,0.000000,0.009206,0.000000,0.999958,0.000000,2.474251,-0.000000,0.000002,1.000000;;
         }

         Frame Bip01-HeadNub {
          

          FrameTransformMatrix {
           1.000000,-0.000000,0.000000,0.000000,0.000000,1.000000,0.000001,0.000000,-0.000000,-0.000001,1.000000,0.000000,4.628922,-0.000000,-0.000000,1.000000;;
          }
         }

         Frame FxTop {
          

          FrameTransformMatrix {
           0.103621,0.000001,0.994617,0.000000,0.994617,-0.000000,-0.103621,0.000000,0.000000,1.000000,-0.000001,0.000000,4.500019,-0.000004,0.000000,1.000000;;
          }
         }
        }

        Frame Bip01-L-Clavicle {
         

         FrameTransformMatrix {
          -0.249952,0.966696,0.054990,0.000000,0.944116,0.255930,-0.207716,0.000000,-0.214871,-0.000003,-0.976643,0.000000,-0.753029,0.957158,0.028459,1.000000;;
         }

         Frame Bip01-L-UpperArm {
          

          FrameTransformMatrix {
           0.798871,-0.594050,0.094383,0.000000,0.578814,0.801906,0.148056,0.000000,-0.163639,-0.063647,0.984465,0.000000,2.305935,-0.000008,0.000001,1.000000;;
          }

          Frame Bip01-L-Forearm {
           

           FrameTransformMatrix {
            0.930629,-0.000000,-0.365965,0.000000,0.000000,1.000000,-0.000000,0.000000,0.365965,-0.000000,0.930629,0.000000,6.131237,0.000000,0.000001,1.000000;;
           }

           Frame Bip01-L-Hand {
            

            FrameTransformMatrix {
             0.989065,-0.040579,0.141787,0.000000,-0.144470,-0.073386,0.986784,0.000000,-0.029638,-0.996478,-0.078446,0.000000,6.144238,0.000002,-0.000003,1.000000;;
            }

            Frame Bip01-L-Finger0 {
             

             FrameTransformMatrix {
              0.722825,-0.531683,0.441403,0.000000,0.371542,-0.239557,-0.896978,0.000000,0.582649,0.812358,0.024385,0.000000,0.431652,-0.683448,0.267916,1.000000;;
             }

             Frame Bip01-L-Finger01 {
              

              FrameTransformMatrix {
               0.985852,0.000000,0.167616,0.000000,-0.000000,1.000000,0.000000,0.000000,-0.167616,0.000000,0.985852,0.000000,1.065219,0.000002,-0.000006,1.000000;;
              }

              Frame Bip01-L-Finger02 {
               

               FrameTransformMatrix {
                0.950837,0.000000,0.309691,0.000000,-0.000000,1.000000,0.000000,0.000000,-0.309691,-0.000000,0.950837,0.000000,0.739171,-0.000002,0.000001,1.000000;;
               }

               Frame Bip01-L-Finger0Nub {
                

                FrameTransformMatrix {
                 1.000000,0.000000,0.000000,0.000000,-0.000000,1.000000,-0.000000,0.000000,-0.000000,0.000000,1.000000,0.000000,0.862503,0.000000,0.000002,1.000000;;
                }
               }
              }
             }
            }

            Frame Bip01-L-Finger1 {
             

             FrameTransformMatrix {
              0.890675,0.007232,0.454582,0.000000,0.005919,0.999604,-0.027500,0.000000,-0.454601,0.027184,0.890280,0.000000,2.096303,-0.862209,-0.077715,1.000000;;
             }

             Frame Bip01-L-Finger11 {
              

              FrameTransformMatrix {
               0.877627,-0.000000,0.479344,0.000000,0.000000,1.000000,-0.000000,0.000000,-0.479344,0.000000,0.877627,0.000000,1.331198,0.000004,0.000001,1.000000;;
              }

              Frame Bip01-L-Finger12 {
               

               FrameTransformMatrix {
                0.932921,-0.000000,0.360082,0.000000,-0.000000,1.000000,0.000001,0.000000,-0.360082,-0.000001,0.932920,0.000000,0.723101,-0.000001,-0.000000,1.000000;;
               }

               Frame Bip01-L-Finger1Nub {
                

                FrameTransformMatrix {
                 1.000000,0.000000,0.000000,0.000000,-0.000000,1.000000,-0.000001,0.000000,0.000000,0.000001,1.000001,0.000000,0.679665,0.000002,0.000001,1.000000;;
                }
               }
              }
             }
            }

            Frame Bip01-L-Finger2 {
             

             FrameTransformMatrix {
              0.882745,0.035112,0.468539,0.000000,-0.013270,0.998669,-0.049837,0.000000,-0.469666,0.037776,0.882036,0.000000,2.179713,-0.283318,-0.116974,1.000000;;
             }

             Frame Bip01-L-Finger21 {
              

              FrameTransformMatrix {
               0.795541,-0.000000,0.605899,0.000000,-0.000000,1.000000,-0.000000,0.000000,-0.605899,0.000000,0.795542,0.000000,1.406761,0.000000,0.000001,1.000000;;
              }

              Frame Bip01-L-Finger22 {
               

               FrameTransformMatrix {
                0.981121,0.000000,0.193399,0.000000,0.000000,1.000000,0.000000,0.000000,-0.193399,-0.000001,0.981121,0.000000,0.840511,0.000002,-0.000002,1.000000;;
               }

               Frame Bip01-L-Finger2Nub {
                

                FrameTransformMatrix {
                 1.000000,-0.000000,0.000000,0.000000,0.000000,1.000000,-0.000000,0.000000,-0.000000,0.000000,1.000000,0.000000,0.664881,0.000000,-0.000001,1.000000;;
                }
               }
              }
             }
            }

            Frame Bip01-L-Finger3 {
             

             FrameTransformMatrix {
              0.896787,0.157211,0.413592,0.000000,-0.134986,0.987396,-0.082634,0.000000,-0.421370,0.018275,0.906705,0.000000,2.073348,0.186407,-0.130487,1.000000;;
             }

             Frame Bip01-L-Finger31 {
              

              FrameTransformMatrix {
               0.760569,-0.000000,0.649257,0.000000,0.000000,1.000000,0.000000,0.000000,-0.649258,-0.000000,0.760569,0.000000,1.365461,0.000001,-0.000002,1.000000;;
              }

              Frame Bip01-L-Finger32 {
               

               FrameTransformMatrix {
                0.978942,0.000000,0.204143,0.000000,-0.000000,1.000000,-0.000000,0.000000,-0.204143,0.000000,0.978941,0.000000,0.768669,0.000000,0.000004,1.000000;;
               }

               Frame Bip01-L-Finger3Nub {
                

                FrameTransformMatrix {
                 1.000000,-0.000000,-0.000000,0.000000,0.000000,1.000000,0.000000,0.000000,0.000000,-0.000000,1.000000,0.000000,0.649353,-0.000001,0.000003,1.000000;;
                }
               }
              }
             }
            }

            Frame Bip01-L-Finger4 {
             

             FrameTransformMatrix {
              0.885085,0.251359,0.391718,0.000000,-0.224522,0.967811,-0.113722,0.000000,-0.407693,0.012704,0.913030,0.000000,1.882342,0.690609,0.070719,1.000000;;
             }

             Frame Bip01-L-Finger41 {
              

              FrameTransformMatrix {
               0.785957,0.000000,0.618281,0.000000,0.000001,1.000000,-0.000001,0.000000,-0.618281,0.000001,0.785957,0.000000,1.108320,0.000000,-0.000004,1.000000;;
              }

              Frame Bip01-L-Finger42 {
               

               FrameTransformMatrix {
                0.944871,-0.000001,0.327444,0.000000,0.000000,1.000000,0.000001,0.000000,-0.327444,-0.000000,0.944871,0.000000,0.520342,0.000000,0.000003,1.000000;;
               }

               Frame Bip01-L-Finger4Nub {
                

                FrameTransformMatrix {
                 1.000000,-0.000000,0.000000,0.000000,0.000000,1.000000,-0.000000,0.000000,-0.000000,0.000000,1.000000,0.000000,0.515337,-0.000000,0.000001,1.000000;;
                }
               }
              }
             }
            }

            Frame FxHand00 {
             

             FrameTransformMatrix {
              0.220347,-0.936490,0.272824,0.000000,-0.759401,-0.340240,-0.554569,0.000000,0.612174,-0.084985,-0.786143,0.000000,1.500003,0.499998,1.999998,1.000000;;
             }
            }

            Frame L_Sword {
             

             FrameTransformMatrix {
              0.976767,0.039081,-0.210712,0.000000,0.070766,-0.986898,0.145000,0.000000,-0.202285,-0.156543,-0.966735,0.000000,0.000001,0.000000,-0.000002,1.000000;;
             }
            }
           }

           Frame L_Elbow {
            

            FrameTransformMatrix {
             0.982504,0.000000,0.186241,0.000000,-0.000000,1.000000,0.000000,0.000000,-0.186241,-0.000000,0.982504,0.000000,-0.000002,-0.000002,0.000000,1.000000;;
            }
           }

           Frame L_Shield {
            

            FrameTransformMatrix {
             1.000000,-0.000000,0.000000,0.000000,0.000000,1.000000,0.000000,0.000000,0.000000,0.000000,1.000000,0.000000,2.500000,2.500002,-0.000002,1.000000;;
            }
           }

           Frame Bip01-L-ForeTwist {
            

            FrameTransformMatrix {
             1.000000,0.000000,-0.000000,0.000000,-0.000000,0.999311,0.037108,0.000000,0.000000,-0.037108,0.999311,0.000000,-0.000002,-0.000002,0.000000,1.000000;;
            }
           }
          }

          Frame L_Shoulder {
           

           FrameTransformMatrix {
            0.948343,0.307755,-0.077028,0.000000,-0.311668,0.949122,-0.045063,0.000000,0.059241,0.066743,0.996010,0.000000,0.000000,0.000000,0.000000,1.000000;;
           }
          }

          Frame L_Shoulder_Twist {
           

           FrameTransformMatrix {
            1.000000,0.000000,0.000000,0.000000,0.000000,1.000000,0.000000,0.000000,-0.000000,-0.000000,1.000000,0.000000,0.000000,0.000000,-0.000000,1.000000;;
           }
          }
         }
        }

        Frame Bip01-R-Clavicle {
         

         FrameTransformMatrix {
          -0.249952,-0.966695,0.054995,0.000000,-0.944116,0.255931,0.207715,0.000000,-0.214871,-0.000003,-0.976642,0.000000,-0.753029,-0.957160,0.028462,1.000000;;
         }

         Frame Bip01-R-UpperArm {
          

          FrameTransformMatrix {
           0.798871,0.594051,0.094384,0.000000,-0.578814,0.801906,-0.148056,0.000000,-0.163640,0.063647,0.984465,0.000000,2.305937,0.000015,0.000001,1.000000;;
          }

          Frame Bip01-R-Forearm {
           

           FrameTransformMatrix {
            0.930629,-0.000000,-0.365965,0.000000,0.000000,1.000000,0.000000,0.000000,0.365965,-0.000000,0.930628,0.000000,6.131231,0.000000,0.000000,1.000000;;
           }

           Frame Bip01-R-Hand {
            

            FrameTransformMatrix {
             0.989065,0.040580,0.141786,0.000000,0.144470,-0.073387,-0.986784,0.000000,-0.029638,0.996478,-0.078447,0.000000,6.144238,-0.000004,-0.000002,1.000000;;
            }

            Frame Bip01-R-Finger0 {
             

             FrameTransformMatrix {
              0.722826,0.531683,0.441402,0.000000,-0.371542,-0.239557,0.896978,0.000000,0.582649,-0.812358,0.024384,0.000000,0.431656,0.683447,0.267914,1.000000;;
             }

             Frame Bip01-R-Finger01 {
              

              FrameTransformMatrix {
               0.985852,0.000000,0.167616,0.000000,0.000000,1.000000,-0.000000,0.000000,-0.167616,-0.000000,0.985852,0.000000,1.065221,0.000000,-0.000002,1.000000;;
              }

              Frame Bip01-R-Finger02 {
               

               FrameTransformMatrix {
                0.950838,0.000000,0.309691,0.000000,0.000000,1.000000,-0.000001,0.000000,-0.309691,0.000001,0.950837,0.000000,0.739167,0.000002,-0.000004,1.000000;;
               }

               Frame Bip01-R-Finger0Nub {
                

                FrameTransformMatrix {
                 -1.000000,0.000000,0.000000,0.000000,0.000000,1.000000,-0.000000,0.000000,0.000000,-0.000000,-1.000000,0.000000,0.862501,-0.000002,0.000001,1.000000;;
                }
               }
              }
             }
            }

            Frame Bip01-R-Finger1 {
             

             FrameTransformMatrix {
              0.890676,-0.007232,0.454582,0.000000,-0.005919,0.999604,0.027500,0.000000,-0.454601,-0.027185,0.890280,0.000000,2.096306,0.862209,-0.077709,1.000000;;
             }

             Frame Bip01-R-Finger11 {
              

              FrameTransformMatrix {
               0.877628,0.000000,0.479344,0.000000,0.000000,1.000000,-0.000000,0.000000,-0.479344,0.000001,0.877627,0.000000,1.331194,0.000003,-0.000001,1.000000;;
              }

              Frame Bip01-R-Finger12 {
               

               FrameTransformMatrix {
                0.932920,-0.000000,0.360082,0.000000,0.000000,1.000000,0.000000,0.000000,-0.360082,0.000000,0.932921,0.000000,0.723097,-0.000001,-0.000000,1.000000;;
               }

               Frame Bip01-R-Finger1Nub {
                

                FrameTransformMatrix {
                 -1.000000,-0.000000,0.000000,0.000000,0.000000,1.000000,0.000000,0.000000,-0.000000,0.000000,-1.000000,0.000000,0.679667,0.000000,0.000000,1.000000;;
                }
               }
              }
             }
            }

            Frame Bip01-R-Finger2 {
             

             FrameTransformMatrix {
              0.882745,-0.035112,0.468539,0.000000,0.013271,0.998669,0.049837,0.000000,-0.469666,-0.037775,0.882036,0.000000,2.179714,0.283319,-0.116974,1.000000;;
             }

             Frame Bip01-R-Finger21 {
              

              FrameTransformMatrix {
               0.795542,-0.000000,0.605898,0.000000,0.000000,1.000000,0.000000,0.000000,-0.605898,-0.000000,0.795542,0.000000,1.406761,-0.000001,0.000000,1.000000;;
              }

              Frame Bip01-R-Finger22 {
               

               FrameTransformMatrix {
                0.981120,0.000000,0.193399,0.000000,0.000000,1.000000,0.000000,0.000000,-0.193399,-0.000000,0.981120,0.000000,0.840509,-0.000001,-0.000001,1.000000;;
               }

               Frame Bip01-R-Finger2Nub {
                

                FrameTransformMatrix {
                 -1.000000,0.000000,0.000000,0.000000,-0.000000,1.000000,-0.000000,0.000000,-0.000000,-0.000000,-1.000000,0.000000,0.664873,0.000000,0.000001,1.000000;;
                }
               }
              }
             }
            }

            Frame Bip01-R-Finger3 {
             

             FrameTransformMatrix {
              0.896787,-0.157212,0.413592,0.000000,0.134986,0.987396,0.082634,0.000000,-0.421370,-0.018276,0.906705,0.000000,2.073345,-0.186406,-0.130486,1.000000;;
             }

             Frame Bip01-R-Finger31 {
              

              FrameTransformMatrix {
               0.760569,0.000000,0.649258,0.000000,0.000000,1.000000,-0.000000,0.000000,-0.649258,0.000000,0.760569,0.000000,1.365456,-0.000000,-0.000002,1.000000;;
              }

              Frame Bip01-R-Finger32 {
               

               FrameTransformMatrix {
                0.978941,0.000000,0.204142,0.000000,-0.000000,1.000000,-0.000000,0.000000,-0.204143,0.000000,0.978941,0.000000,0.768675,0.000000,0.000001,1.000000;;
               }

               Frame Bip01-R-Finger3Nub {
                

                FrameTransformMatrix {
                 -1.000000,-0.000000,-0.000000,0.000000,-0.000000,1.000000,-0.000000,0.000000,-0.000000,-0.000000,-1.000000,0.000000,0.649355,0.000000,0.000000,1.000000;;
                }
               }
              }
             }
            }

            Frame Bip01-R-Finger4 {
             

             FrameTransformMatrix {
              0.885085,-0.251359,0.391718,0.000000,0.224522,0.967811,0.113722,0.000000,-0.407694,-0.012705,0.913030,0.000000,1.882347,-0.690607,0.070721,1.000000;;
             }

             Frame Bip01-R-Finger41 {
              

              FrameTransformMatrix {
               0.785957,-0.000000,0.618281,0.000000,0.000000,1.000000,-0.000000,0.000000,-0.618281,0.000000,0.785957,0.000000,1.108313,-0.000001,-0.000004,1.000000;;
              }

              Frame Bip01-R-Finger42 {
               

               FrameTransformMatrix {
                0.944871,0.000000,0.327444,0.000000,-0.000000,1.000000,-0.000000,0.000000,-0.327444,0.000000,0.944871,0.000000,0.520338,0.000000,0.000001,1.000000;;
               }

               Frame Bip01-R-Finger4Nub {
                

                FrameTransformMatrix {
                 -1.000000,0.000000,0.000000,0.000000,0.000000,1.000000,0.000000,0.000000,-0.000000,0.000000,-1.000000,0.000000,0.515339,-0.000001,-0.000002,1.000000;;
                }
               }
              }
             }
            }

            Frame FxHand01 {
             

             FrameTransformMatrix {
              0.220350,0.936490,0.272822,0.000000,-0.759401,0.340241,-0.554568,0.000000,-0.612173,-0.084982,0.786143,0.000000,1.500002,-0.499998,2.000000,1.000000;;
             }
            }

            Frame R_Sword {
             

             FrameTransformMatrix {
              0.976767,-0.039081,-0.210713,0.000000,0.070766,0.986898,0.145000,0.000000,0.202285,-0.156542,0.966734,0.000000,0.000001,0.000000,0.000000,1.000000;;
             }
            }
           }

           Frame R_Elbow {
            

            FrameTransformMatrix {
             0.982504,0.000000,0.186241,0.000000,0.000000,1.000000,0.000000,0.000000,-0.186241,-0.000000,0.982504,0.000000,-0.000002,-0.000004,0.000000,1.000000;;
            }
           }

           Frame Bip01-R-ForeTwist {
            

            FrameTransformMatrix {
             1.000000,-0.000000,-0.000000,0.000000,0.000000,0.999311,-0.037108,0.000000,0.000000,0.037108,0.999312,0.000000,-0.000002,-0.000004,0.000000,1.000000;;
            }
           }
          }

          Frame R_Shoulder {
           

           FrameTransformMatrix {
            0.948342,-0.307756,-0.077029,0.000000,0.311669,0.949121,0.045063,0.000000,0.059241,-0.066743,0.996010,0.000000,-0.000002,-0.000002,-0.000000,1.000000;;
           }
          }

          Frame R_Shoulder_Twist {
           

           FrameTransformMatrix {
            1.000000,-0.000001,-0.000000,0.000000,0.000001,1.000000,0.000000,0.000000,0.000000,-0.000000,1.000000,0.000000,-0.000002,-0.000002,-0.000000,1.000000;;
           }
          }
         }
        }
       }

       Frame R_Breast {
        

        FrameTransformMatrix {
         0.063560,0.329543,-0.941999,0.000000,-0.003088,0.943968,0.330023,0.000000,0.997973,-0.018067,0.061016,0.000000,1.272753,-1.452000,1.209911,1.000000;;
        }
       }

       Frame L_Breast {
        

        FrameTransformMatrix {
         -0.063560,0.329545,0.941998,0.000000,0.003087,0.943967,-0.330025,0.000000,-0.997973,-0.018069,-0.061016,0.000000,1.272760,1.451767,1.209908,1.000000;;
        }
       }

       Frame L_spine3 {
        

        FrameTransformMatrix {
         0.980445,0.043405,-0.191946,0.000000,0.044221,-0.999022,-0.000033,0.000000,-0.191760,-0.008455,-0.981405,0.000000,2.104036,3.093147,-0.411915,1.000000;;
        }
       }

       Frame R_spine3 {
        

        FrameTransformMatrix {
         0.980446,-0.043405,-0.191942,0.000000,-0.044220,-0.999022,0.000038,0.000000,-0.191756,0.008450,-0.981406,0.000000,2.104048,-3.093147,-0.411908,1.000000;;
        }
       }
      }

      Frame FxCenter {
       

       FrameTransformMatrix {
        -0.023871,0.000000,0.999715,0.000000,0.999715,-0.000000,0.023871,0.000000,0.000000,1.000000,-0.000000,0.000000,1.000006,-0.000002,0.000000,1.000000;;
       }
      }

      Frame Weapon_Back {
       

       FrameTransformMatrix {
        -0.999295,-0.000000,-0.037550,0.000000,0.000000,-1.000000,-0.000004,0.000000,-0.037550,-0.000004,0.999295,0.000000,4.711464,-0.000002,-2.809569,1.000000;;
       }
      }
     }
    }

    Frame Bip01-L-Thigh {
     

     FrameTransformMatrix {
      -0.997343,0.010238,0.072129,0.000000,-0.003067,-0.995100,0.098825,0.000000,0.072788,0.098342,0.992487,0.000000,-2.355776,2.566188,0.104821,1.000000;;
     }

     Frame Bip01-L-Calf {
      

      FrameTransformMatrix {
       0.989801,0.000000,-0.142458,0.000000,0.000000,1.000000,0.000002,0.000000,0.142458,-0.000002,0.989801,0.000000,10.047706,-0.000000,0.000002,1.000000;;
      }

      Frame Bip01-L-Foot {
       

       FrameTransformMatrix {
        0.993368,0.006533,0.114794,0.000000,-0.007677,0.999925,0.009526,0.000000,-0.114723,-0.010344,0.993344,0.000000,10.474944,-0.000000,0.000001,1.000000;;
       }

       Frame Bip01-L-Toe0 {
        

        FrameTransformMatrix {
         0.005122,-0.000012,0.999987,0.000000,0.000000,1.000000,0.000012,0.000000,-0.999987,0.000000,0.005122,0.000000,3.213933,-0.000023,1.930074,1.000000;;
        }

        Frame Bip01-L-Toe0Nub {
         

         FrameTransformMatrix {
          -1.000000,-0.000000,0.000000,0.000000,-0.000000,1.000000,0.000000,0.000000,-0.000000,0.000000,-1.000000,0.000000,1.879584,0.000001,-0.000000,1.000000;;
         }
        }
       }
      }

      Frame L_Knee {
       

       FrameTransformMatrix {
        0.997447,-0.000000,0.071411,0.000000,0.000000,1.000000,0.000001,0.000000,-0.071411,-0.000001,0.997447,0.000000,0.000000,0.000000,-0.000000,1.000000;;
       }
      }

      Frame Bip01-LCalfTwist {
       

       FrameTransformMatrix {
        1.000000,-0.000000,-0.000000,0.000000,-0.000000,0.999989,0.004769,0.000000,0.000000,-0.004769,0.999989,0.000000,0.000000,0.000000,-0.000000,1.000000;;
       }
      }
     }

     Frame L_Thigh {
      

      FrameTransformMatrix {
       1.000000,0.000000,0.000000,0.000000,-0.000000,1.000000,0.000000,0.000000,-0.000000,-0.000000,1.000000,0.000000,0.000000,-0.000000,0.000000,1.000000;;
      }
     }
    }

    Frame Bip01-R-Thigh {
     

     FrameTransformMatrix {
      -0.997343,-0.010238,0.072130,0.000000,0.003068,-0.995101,-0.098818,0.000000,0.072788,-0.098335,0.992488,0.000000,-2.355778,-2.566190,0.104833,1.000000;;
     }

     Frame Bip01-R-Calf {
      

      FrameTransformMatrix {
       0.989801,-0.000001,-0.142458,0.000000,0.000000,1.000000,-0.000003,0.000000,0.142458,0.000003,0.989801,0.000000,10.047702,-0.000001,-0.000000,1.000000;;
      }

      Frame Bip01-R-Foot {
       

       FrameTransformMatrix {
        0.993368,-0.006533,0.114794,0.000000,0.007676,0.999925,-0.009520,0.000000,-0.114724,0.010338,0.993344,0.000000,10.474942,-0.000000,0.000002,1.000000;;
       }

       Frame Bip01-R-Toe0 {
        

        FrameTransformMatrix {
         0.005122,0.000019,0.999987,0.000000,-0.000000,1.000000,-0.000019,0.000000,-0.999987,-0.000000,0.005122,0.000000,3.213934,0.000037,1.930074,1.000000;;
        }

        Frame Bip01-R-Toe0Nub {
         

         FrameTransformMatrix {
          1.000000,0.000000,-0.000000,0.000000,0.000000,1.000000,-0.000000,0.000000,0.000000,-0.000000,1.000000,0.000000,1.879584,-0.000000,0.000000,1.000000;;
         }
        }
       }
      }

      Frame R_Knee {
       

       FrameTransformMatrix {
        0.997447,0.000000,0.071411,0.000000,-0.000000,1.000000,-0.000001,0.000000,-0.071411,0.000001,0.997447,0.000000,0.000001,0.000000,0.000000,1.000000;;
       }
      }

      Frame Bip01-RCalfTwist {
       

       FrameTransformMatrix {
        1.000000,-0.000000,0.000000,0.000000,0.000000,0.999989,-0.004769,0.000000,0.000000,0.004769,0.999988,0.000000,0.000000,0.000000,0.000000,1.000000;;
       }
      }
     }

     Frame R_Thigh {
      

      FrameTransformMatrix {
       1.000000,-0.000000,-0.000000,0.000000,0.000000,1.000000,-0.000003,0.000000,0.000000,0.000003,1.000000,0.000000,0.000000,-0.000001,0.000000,1.000000;;
      }
     }
    }

    Frame Skirt_Dummy {
     

     FrameTransformMatrix {
      -1.000000,0.000002,0.000797,0.000000,-0.000002,-1.000000,-0.000001,0.000000,0.000797,-0.000001,1.000000,0.000000,-0.033834,-0.000002,-0.263520,1.000000;;
     }
    }
   }
  }
 }
}

Frame Human_F_L07_Body_Skel {
 

 FrameTransformMatrix {
  1.000000,0.000000,0.000000,0.000000,0.000000,1.000000,0.000000,0.000000,0.000000,0.000000,1.000000,0.000000,0.000000,0.000000,0.000000,1.000000;;
 }

 Mesh Human_F_L07_Body_Skel {
  2889;
  -2.277697;36.194899;-3.122772;,
  -1.722198;36.864426;-3.216960;,
  -2.195896;36.441642;-3.197783;,
  -2.194222;25.000653;3.159290;,
  -2.202190;24.263208;3.361350;,
  -1.136247;25.022626;3.933588;,
  -2.818338;25.031010;2.348481;,
  -2.971107;24.308202;2.539031;,
  -3.254749;24.293619;1.784641;,
  -3.189118;25.043094;1.561756;,
  -3.051747;23.846294;2.732781;,
  -2.235733;23.825747;3.563690;,
  -1.160372;24.211074;4.060998;,
  -0.560270;24.278707;4.209323;,
  -0.535517;25.044555;4.053291;,
  -0.019404;24.341590;4.314665;,
  -3.282240;23.902570;1.931194;,
  -2.682770;25.132182;2.257036;,
  -3.008917;25.155394;1.518949;,
  -2.922856;25.253478;0.566921;,
  -3.146343;25.155254;0.503284;,
  -3.235315;25.009504;0.528904;,
  -3.375999;24.056365;0.706623;,
  -3.138362;23.782994;1.884512;,
  -3.208887;23.940096;0.714561;,
  -2.964316;23.722741;2.667255;,
  -2.172384;23.689736;3.452340;,
  -1.123832;23.694357;4.015260;,
  -1.180496;23.819939;4.133307;,
  -0.697172;23.677613;4.120924;,
  -0.622253;23.797429;4.275841;,
  -0.617940;23.559387;4.306330;,
  -0.127215;23.539957;4.433544;,
  -0.115189;23.420157;4.306963;,
  -0.685853;23.440552;4.163399;,
  -0.101379;23.777854;4.404532;,
  0.529450;23.558195;4.309816;,
  0.539634;23.796250;4.279293;,
  0.617180;23.443366;4.158623;,
  0.628408;23.683541;4.134430;,
  1.115901;23.704872;4.043684;,
  1.181465;23.823971;4.142481;,
  1.964144;23.746048;3.161148;,
  2.102476;23.859699;3.235112;,
  2.100560;23.812502;2.201309;,
  0.611022;24.483362;4.161226;,
  1.412264;24.663552;3.956856;,
  0.046691;25.064190;4.156046;,
  0.674441;25.084386;4.043110;,
  1.272285;25.105056;3.930958;,
  1.602860;25.119133;3.785835;,
  2.082109;24.285746;3.091676;,
  2.232202;25.201598;2.740912;,
  2.322106;24.684736;2.075044;,
  2.383847;25.245614;1.913917;,
  2.258165;23.919174;2.229177;,
  2.405628;24.010602;1.011706;,
  2.081645;25.293314;2.713324;,
  2.227291;25.340691;1.887653;,
  1.493124;25.198181;3.669406;,
  1.222087;25.199917;3.793322;,
  0.768268;25.182414;3.880955;,
  0.662619;25.338498;3.974666;,
  0.078165;25.318301;4.071800;,
  0.086624;25.438339;3.896355;,
  0.768573;25.437462;3.845963;,
  -0.495245;25.298666;3.963836;,
  -0.576075;25.396997;3.806448;,
  -0.627530;25.128290;3.876047;,
  -1.065314;25.110950;3.782467;,
  -2.071664;25.123386;3.026781;,
  2.049582;22.901203;1.342451;,
  1.385015;22.158200;0.781317;,
  1.844783;22.435069;0.602347;,
  2.099662;23.294827;1.312224;,
  2.007691;22.816712;0.604813;,
  2.083796;23.454384;2.230485;,
  2.105818;22.989058;2.212114;,
  1.969580;22.374720;1.356682;,
  1.940925;21.302294;1.255291;,
  1.275662;21.158578;0.751328;,
  0.315649;22.003070;0.323098;,
  0.281576;22.006848;0.000000;,
  1.429257;22.137395;0.000000;,
  1.860715;22.364674;0.000000;,
  2.172619;22.803262;0.000000;,
  2.244070;23.892939;0.982012;,
  2.100560;23.812502;2.201309;,
  2.317975;23.999541;0.005451;,
  1.964144;23.746048;3.161148;,
  1.980625;23.281230;3.223521;,
  1.990404;23.006744;3.277681;,
  1.132586;23.317925;4.087027;,
  1.115901;23.704872;4.043684;,
  0.628408;23.683541;4.134430;,
  0.617180;23.443366;4.158623;,
  1.094402;17.902694;1.123659;,
  1.198458;15.894339;1.765583;,
  0.525243;15.913094;1.185171;,
  1.733178;17.931968;1.905913;,
  1.673286;19.564949;1.142880;,
  2.101229;19.783912;2.115122;,
  2.224553;21.654955;2.206770;,
  2.186878;22.437458;2.196775;,
  2.182561;21.712160;2.569492;,
  2.031880;19.939040;3.183512;,
  1.811988;17.986498;2.944809;,
  1.435044;15.930376;2.684830;,
  1.009597;14.464888;2.553343;,
  0.451295;14.514579;3.317949;,
  0.266834;13.619680;3.314640;,
  0.787280;16.025349;3.563849;,
  -0.473411;14.525456;3.641815;,
  0.509388;16.068290;3.663494;,
  0.791743;16.825293;3.697819;,
  1.269519;18.067627;3.511467;,
  -1.147468;13.778149;3.560890;,
  -1.473174;13.371737;3.308967;,
  -1.157087;13.292868;3.577534;,
  -0.633387;13.738942;3.621200;,
  -0.697115;13.218672;3.617802;,
  0.152471;13.072737;3.359829;,
  0.830611;13.497251;2.610708;,
  0.736808;14.417936;1.821066;,
  0.131106;14.387587;1.320030;,
  0.505586;13.467592;1.892326;,
  0.707212;12.981764;2.656116;,
  0.411819;13.010974;1.866165;,
  -0.008787;13.517154;1.524807;,
  -0.118783;13.018740;1.620289;,
  -1.578965;12.892311;3.393326;,
  -1.278278;12.837863;3.617851;,
  -0.774782;12.726618;3.660549;,
  0.008620;12.549593;3.392189;,
  0.557813;12.392517;2.688934;,
  0.367789;12.405065;2.063002;,
  0.022559;10.218003;2.281523;,
  0.148860;8.780150;2.723806;,
  -0.030219;8.798682;2.235624;,
  0.184409;10.170486;2.759196;,
  0.161772;11.598940;2.248800;,
  0.269582;11.595222;2.725515;,
  -0.318346;12.433803;1.755444;,
  -0.463407;11.659351;1.818932;,
  -0.534207;10.258253;1.830107;,
  -0.498280;8.839767;1.882647;,
  -0.202768;7.605539;3.242325;,
  -0.152104;8.775166;3.389374;,
  0.032886;7.649290;2.744734;,
  -0.130223;7.768480;2.284086;,
  -0.532453;7.822167;1.998861;,
  -1.098113;7.848494;1.806214;,
  -0.994963;8.865030;1.639172;,
  -1.038013;10.299526;1.564282;,
  -1.962604;10.406025;3.691712;,
  -1.408831;11.857846;3.762127;,
  -1.767749;11.926609;3.610550;,
  -1.408639;10.326693;3.963604;,
  -0.816941;11.748833;3.779343;,
  -0.827244;10.221222;3.891270;,
  -0.178779;11.648186;3.480533;,
  -0.135427;10.179997;3.513069;,
  -0.774443;8.776552;3.750462;,
  -0.695719;7.568965;3.497475;,
  -2.123986;11.944678;2.733009;,
  -1.813493;12.918773;2.627302;,
  -1.969666;11.877531;1.965790;,
  -1.768927;12.830180;1.974030;,
  -1.294008;12.587242;1.593123;,
  -1.437470;11.800547;1.673153;,
  -0.805550;12.510424;1.548899;,
  -0.941871;11.728721;1.592346;,
  -1.594451;10.353862;1.609453;,
  -0.691740;13.098547;1.459816;,
  -1.895247;8.815330;1.907549;,
  -1.482015;8.859226;1.721832;,
  -2.191776;10.434810;1.965691;,
  -2.345688;10.450191;2.774590;,
  -1.038013;10.299526;1.564282;,
  -0.994963;8.865030;1.639172;,
  -1.098113;7.848494;1.806214;,
  -1.731668;7.886594;1.979689;,
  -2.184938;8.812511;2.694046;,
  -1.167123;7.607531;3.535551;,
  -1.384504;8.748222;3.779000;,
  -1.880793;8.749616;3.478790;,
  -1.937437;7.832389;2.691818;,
  -1.682466;7.735433;3.291620;,
  -1.969623;18.062485;1.509444;,
  -2.279851;19.843394;2.961510;,
  -2.254132;19.719310;1.428700;,
  -1.569841;14.516576;2.612747;,
  -1.639444;16.113134;1.652371;,
  -1.459051;14.506325;1.745540;,
  -1.728274;16.190670;2.695524;,
  -2.005591;18.204920;2.825563;,
  -1.648333;18.268197;3.559494;,
  -2.035436;19.899912;3.290739;,
  -2.472249;21.217522;2.980259;,
  -2.461380;21.160190;1.368689;,
  -1.122273;16.234040;3.823380;,
  -1.068982;14.550296;3.507412;,
  -1.377138;14.540173;3.179272;,
  -1.524222;16.236157;3.328304;,
  -1.459217;13.838000;3.232990;,
  -1.657381;13.812850;2.537691;,
  -1.561727;13.764019;1.840393;,
  -1.132657;14.456464;1.254301;,
  -1.233244;13.682578;1.396635;,
  -1.261928;13.157619;1.490063;,
  -1.627938;13.265554;1.927673;,
  -1.671401;13.341808;2.580364;,
  -0.642082;13.580064;1.341246;,
  0.272705;19.491480;0.559178;,
  -1.086775;20.069243;0.655665;,
  0.287524;20.245464;0.469964;,
  -1.049969;19.533779;0.673485;,
  0.200736;17.981280;0.833237;,
  -1.018569;18.025178;0.917271;,
  -0.299159;15.957699;1.096571;,
  -1.142731;16.008656;1.177397;,
  -0.504750;14.414928;1.157326;,
  -2.552154;21.645762;1.294462;,
  -1.168520;21.258482;0.616089;,
  -1.102080;20.291904;0.467504;,
  -3.204318;22.789010;0.939961;,
  -2.022485;22.320467;-0.000000;,
  -2.662946;22.056387;1.177734;,
  -0.842488;22.127248;0.180634;,
  -1.195463;21.994568;0.443138;,
  0.315649;22.003070;0.323098;,
  0.303009;21.164874;0.262760;,
  0.290688;20.484528;0.237628;,
  -0.726947;22.235853;-0.000000;,
  0.281576;22.006848;0.000000;,
  -2.060046;22.872664;3.828318;,
  -2.802623;23.027066;2.973500;,
  -2.600462;22.193122;3.138821;,
  -3.247386;22.884197;2.104402;,
  -3.286875;23.549386;1.946957;,
  -3.354946;23.459134;0.802792;,
  -2.989121;22.210835;2.388042;,
  -2.172384;23.689736;3.452340;,
  -2.964316;23.722741;2.667255;,
  -3.138362;23.782994;1.884512;,
  -3.208887;23.940096;0.714561;,
  -3.000903;24.022106;0.005061;,
  -3.004254;23.460701;-0.000000;,
  -2.831043;23.000797;-0.000000;,
  -2.391451;25.808928;-0.000000;,
  -2.470088;25.445923;-0.187067;,
  -2.450033;25.410246;-0.000000;,
  -2.541570;24.954661;-0.066441;,
  -2.510725;24.941198;-0.000000;,
  -2.691714;24.970454;-0.121941;,
  -2.832193;24.998498;-0.317932;,
  -2.910534;25.085832;-0.776194;,
  -2.554661;25.299634;-2.261890;,
  -1.729978;26.252326;-2.528620;,
  -1.909653;25.367771;-2.962761;,
  -2.049598;26.300750;-1.846661;,
  -2.777491;25.205669;-1.562170;,
  -2.199492;26.210106;-1.194510;,
  -2.378966;25.848888;-0.505789;,
  -2.361974;25.868526;-0.314898;,
  -2.214270;26.376936;-0.000000;,
  -2.189871;26.354341;-0.511536;,
  -1.807838;27.149232;-0.000000;,
  -0.680344;27.392234;-2.801506;,
  -0.879485;26.112478;-3.192617;,
  -1.210206;27.529126;-2.167021;,
  -1.493394;27.403606;-1.527229;,
  -1.716979;27.245293;-0.879877;,
  -1.790708;27.174880;-0.311287;,
  -1.479214;28.677123;-0.202095;,
  -1.034812;28.559712;-1.890612;,
  -1.336521;28.655709;-1.291849;,
  -0.484542;28.387408;-2.483707;,
  -0.557320;29.431590;-2.216961;,
  -1.028719;29.413488;-1.843485;,
  -1.360353;29.615155;-1.357403;,
  -1.455307;28.711709;-0.586825;,
  -1.563803;29.666541;-0.583901;,
  -1.478061;28.658954;-0.000000;,
  -1.572133;29.647306;-0.206389;,
  -2.074654;31.161786;-0.716471;,
  -1.490600;30.197722;-1.483275;,
  -1.490298;31.382806;-2.172449;,
  -0.789278;30.859677;-2.342434;,
  -2.376492;32.338214;-1.045389;,
  -2.061304;31.289296;-0.324617;,
  -1.574743;29.636790;-0.000000;,
  -2.050243;31.394928;-0.000000;,
  2.216757;31.847882;-0.488367;,
  2.315656;31.678394;-0.690271;,
  2.315209;31.865830;-0.527046;,
  2.220783;31.679533;-0.662531;,
  2.201174;32.031027;-0.317631;,
  2.207290;31.762787;-0.252857;,
  2.284642;31.562387;-0.395578;,
  2.241882;31.359667;-0.693741;,
  2.214028;31.562253;-0.855617;,
  2.307817;31.518829;-0.891014;,
  2.525782;31.762608;-0.852749;,
  2.518706;31.945149;-0.660540;,
  2.693351;32.042992;-0.828348;,
  2.892414;32.141366;-1.324442;,
  2.886065;32.250531;-1.191023;,
  2.933586;32.452115;-1.628399;,
  2.933362;32.540429;-1.534824;,
  2.697375;31.702557;-1.204033;,
  2.877525;32.022365;-1.491255;,
  2.703975;31.873043;-0.988514;,
  2.519032;31.594272;-1.028765;,
  2.832733;32.880128;-1.852470;,
  2.844762;32.786086;-1.906849;,
  2.933816;32.639293;-1.470924;,
  2.867458;32.399258;-1.060738;,
  2.668178;32.232253;-0.706806;,
  2.499536;32.138675;-0.531979;,
  2.463845;32.380173;-0.401718;,
  2.309819;32.314317;-0.268288;,
  2.303551;32.062816;-0.388611;,
  2.172426;32.293654;-0.179028;,
  2.129223;32.566147;-0.106293;,
  2.161793;32.266013;0.000000;,
  2.187349;31.976288;0.000000;,
  2.136306;32.551619;0.000000;,
  2.089803;32.817363;0.000000;,
  2.274994;32.593056;-0.191828;,
  2.079996;32.830054;-0.054830;,
  2.005119;33.083107;0.000000;,
  1.995445;33.103104;-0.040354;,
  1.852686;33.400125;0.000000;,
  1.855097;33.412326;-0.036938;,
  1.695185;33.717149;0.000000;,
  1.713460;33.715504;-0.054069;,
  2.133121;33.447933;-0.300068;,
  2.129210;33.122688;-0.129503;,
  2.264077;33.147021;-0.265762;,
  1.991821;33.434570;-0.139353;,
  1.989656;33.722672;-0.380196;,
  1.825877;33.724534;-0.194464;,
  1.680045;34.013766;-0.298260;,
  2.206884;32.854909;-0.151089;,
  1.840046;33.995107;-0.504248;,
  1.573422;34.016832;-0.122177;,
  1.538555;34.315651;-0.506969;,
  2.052413;33.943018;-0.762169;,
  2.203245;33.689632;-0.609489;,
  2.301409;33.435098;-0.501129;,
  1.187913;34.752080;-0.749401;,
  1.680278;34.332410;-1.051012;,
  1.152346;34.749878;-1.232504;,
  2.422610;33.154115;-0.468569;,
  2.580134;33.400230;-0.904093;,
  2.481091;33.614195;-0.990486;,
  2.367548;33.815680;-1.133520;,
  2.026413;34.087875;-1.430128;,
  1.455098;34.359581;-1.870361;,
